  0.00000E+00  -3.62393E-03  -1.16970E-06
  0.00000E+00  -2.07156E-03  -7.74738E-06
  0.00000E+00  -1.06239E-03  -1.43891E-05
  0.00000E+00  -5.37924E-04  -1.56096E-05
  0.00000E+00  -2.26623E-04  -1.39159E-05
  0.00000E+00  -4.85678E-05  -1.04933E-05
  0.00000E+00   4.57006E-05  -6.51807E-06
  0.00000E+00   9.29769E-05  -3.02582E-06
  0.00000E+00   1.15198E-04  -4.18589E-07
  0.00000E+00   1.26292E-04   1.29990E-06
  0.00000E+00   1.33003E-04   2.35673E-06
  0.00000E+00   1.37779E-04   2.98148E-06
  0.00000E+00   1.41598E-04   3.33944E-06
  0.00000E+00   1.44912E-04   3.55060E-06
  0.00000E+00   1.47778E-04   3.69909E-06
  0.00000E+00   1.50206E-04   3.82420E-06
  0.00000E+00   1.52431E-04   3.92375E-06
  0.00000E+00   1.54295E-04   3.98164E-06
  0.00000E+00   1.56084E-04   4.00399E-06
  0.00000E+00   1.57736E-04   3.99096E-06
  0.00000E+00   1.59512E-04   3.94142E-06
  0.00000E+00   1.61262E-04   3.85806E-06
  0.00000E+00   1.63089E-04   3.74822E-06
  0.00000E+00   1.64896E-04   3.62728E-06
  0.00000E+00   1.66776E-04   3.50134E-06
  0.00000E+00   1.68712E-04   3.37176E-06
  0.00000E+00   1.70743E-04   3.23684E-06
  0.00000E+00   1.72859E-04   3.10030E-06
  0.00000E+00   1.75023E-04   2.96599E-06
  0.00000E+00   1.77238E-04   2.83453E-06
  0.00000E+00   1.79516E-04   2.70991E-06
  0.00000E+00   1.81843E-04   2.59522E-06
  0.00000E+00   1.84219E-04   2.48894E-06
  0.00000E+00   1.86633E-04   2.38818E-06
  0.00000E+00   1.89097E-04   2.29084E-06
  0.00000E+00   1.91623E-04   2.19560E-06
  0.00000E+00   1.94204E-04   2.10189E-06
  0.00000E+00   1.96840E-04   2.00946E-06
  0.00000E+00   1.99536E-04   1.91816E-06
  0.00000E+00   2.02293E-04   1.82828E-06
  0.00000E+00   2.05112E-04   1.74003E-06
  0.00000E+00   2.07991E-04   1.65313E-06
  0.00000E+00   2.10927E-04   1.56728E-06
  0.00000E+00   2.13921E-04   1.48269E-06
  0.00000E+00   2.16975E-04   1.39991E-06
  0.00000E+00   2.20095E-04   1.31943E-06
  0.00000E+00   2.23281E-04   1.24121E-06
  0.00000E+00   2.26538E-04   1.16485E-06
  0.00000E+00   2.29867E-04   1.08997E-06
  0.00000E+00   2.33270E-04   1.01626E-06
  0.00000E+00   2.36750E-04   9.43629E-07
  0.00000E+00   2.40308E-04   8.72261E-07
  0.00000E+00   2.43946E-04   8.02470E-07
  0.00000E+00   2.47666E-04   7.34572E-07
  0.00000E+00   2.51471E-04   6.68788E-07
  0.00000E+00   2.55362E-04   6.05252E-07
  0.00000E+00   2.59342E-04   5.44030E-07
  0.00000E+00   2.63411E-04   4.85133E-07
  0.00000E+00   2.67572E-04   4.28550E-07
  0.00000E+00   2.71826E-04   3.74288E-07
  0.00000E+00   2.76175E-04   3.22326E-07
  0.00000E+00   2.80621E-04   2.72630E-07
  0.00000E+00   2.85166E-04   2.25121E-07
  0.00000E+00   2.89810E-04   1.79667E-07
  0.00000E+00   2.94557E-04   1.36180E-07
  0.00000E+00   2.99406E-04   9.46125E-08
  0.00000E+00   3.04361E-04   5.49096E-08
  0.00000E+00   3.09424E-04   1.71235E-08
  0.00000E+00   3.14596E-04  -1.87145E-08
  0.00000E+00   3.19881E-04  -5.25780E-08
  0.00000E+00   3.25281E-04  -8.44175E-08
  0.00000E+00   3.30797E-04  -1.14221E-07
  0.00000E+00   3.36434E-04  -1.41985E-07
  0.00000E+00   3.42193E-04  -1.67750E-07
  0.00000E+00   3.48075E-04  -1.91599E-07
  0.00000E+00   3.54082E-04  -2.13625E-07
  0.00000E+00   3.60217E-04  -2.33936E-07
  0.00000E+00   3.66482E-04  -2.52654E-07
  0.00000E+00   3.72878E-04  -2.69903E-07
  0.00000E+00   3.79408E-04  -2.85813E-07
  0.00000E+00   3.86075E-04  -3.00513E-07
  0.00000E+00   3.92883E-04  -3.14114E-07
  0.00000E+00   3.99834E-04  -3.26706E-07
  0.00000E+00   4.06932E-04  -3.38341E-07
  0.00000E+00   4.14180E-04  -3.49040E-07
  0.00000E+00   4.21580E-04  -3.58804E-07
  0.00000E+00   4.29138E-04  -3.67625E-07
  0.00000E+00   4.36855E-04  -3.75494E-07
  0.00000E+00   4.44734E-04  -3.82402E-07
  0.00000E+00   4.52779E-04  -3.88355E-07
  0.00000E+00   4.60993E-04  -3.93364E-07
  0.00000E+00   4.69379E-04  -3.97429E-07
  0.00000E+00   4.77940E-04  -4.00563E-07
  0.00000E+00   4.86682E-04  -4.02796E-07
  0.00000E+00   4.95607E-04  -4.04150E-07
  0.00000E+00   5.04721E-04  -4.04643E-07
  0.00000E+00   5.14029E-04  -4.04315E-07
  0.00000E+00   5.23535E-04  -4.03197E-07
  0.00000E+00   5.33247E-04  -4.01300E-07
  0.00000E+00   5.43168E-04  -3.98638E-07
  0.00000E+00   5.53305E-04  -3.95240E-07
  0.00000E+00   5.63660E-04  -3.91124E-07
  0.00000E+00   5.74240E-04  -3.86305E-07
  0.00000E+00   5.85047E-04  -3.80806E-07
  0.00000E+00   5.96086E-04  -3.74646E-07
  0.00000E+00   6.07362E-04  -3.67840E-07
  0.00000E+00   6.18879E-04  -3.60404E-07
  0.00000E+00   6.30644E-04  -3.52351E-07
  0.00000E+00   6.42662E-04  -3.43695E-07
  0.00000E+00   6.54941E-04  -3.34449E-07
  0.00000E+00   6.67488E-04  -3.24618E-07
  0.00000E+00   6.80307E-04  -3.14207E-07
  0.00000E+00   6.93407E-04  -3.03221E-07
  0.00000E+00   7.06793E-04  -2.91662E-07
  0.00000E+00   7.20473E-04  -2.79533E-07
  0.00000E+00   7.34453E-04  -2.66840E-07
  0.00000E+00   7.48739E-04  -2.53590E-07
  0.00000E+00   7.63340E-04  -2.39789E-07
  0.00000E+00   7.78264E-04  -2.25433E-07
  0.00000E+00   7.93517E-04  -2.10513E-07
  0.00000E+00   8.09107E-04  -1.95025E-07
  0.00000E+00   8.25044E-04  -1.78967E-07
  0.00000E+00   8.41334E-04  -1.62340E-07
  0.00000E+00   8.57986E-04  -1.45145E-07
  0.00000E+00   8.75009E-04  -1.27380E-07
  0.00000E+00   8.92413E-04  -1.09049E-07
  0.00000E+00   9.10204E-04  -9.01615E-08
  0.00000E+00   9.28394E-04  -7.07222E-08
  0.00000E+00   9.46992E-04  -5.07320E-08
  0.00000E+00   9.66007E-04  -3.01889E-08
  0.00000E+00   9.85449E-04  -9.09518E-09
  0.00000E+00   1.00533E-03   1.25407E-08
  0.00000E+00   1.02566E-03   3.47087E-08
  0.00000E+00   1.04645E-03   5.74005E-08
  0.00000E+00   1.06770E-03   8.06089E-08
  0.00000E+00   1.08944E-03   1.04325E-07
  0.00000E+00   1.11167E-03   1.28539E-07
  0.00000E+00   1.13441E-03   1.53241E-07
  0.00000E+00   1.15766E-03   1.78421E-07
  0.00000E+00   1.18144E-03   2.04069E-07
  0.00000E+00   1.20576E-03   2.30178E-07
  0.00000E+00   1.23063E-03   2.56737E-07
  0.00000E+00   1.25607E-03   2.83731E-07
  0.00000E+00   1.28208E-03   3.11147E-07
  0.00000E+00   1.30869E-03   3.38966E-07
  0.00000E+00   1.33590E-03   3.67170E-07
  0.00000E+00   1.36373E-03   3.95738E-07
  0.00000E+00   1.39219E-03   4.24652E-07
  0.00000E+00   1.42130E-03   4.53892E-07
  0.00000E+00   1.45107E-03   4.83441E-07
  0.00000E+00   1.48152E-03   5.13281E-07
  0.00000E+00   1.51266E-03   5.43397E-07
  0.00000E+00   1.54450E-03   5.73772E-07
  0.00000E+00   1.57707E-03   6.04394E-07
  0.00000E+00   1.61037E-03   6.35251E-07
  0.00000E+00   1.64443E-03   6.66328E-07
  0.00000E+00   1.67926E-03   6.97613E-07
  0.00000E+00   1.71488E-03   7.29094E-07
  0.00000E+00   1.75129E-03   7.60764E-07
  0.00000E+00   1.78853E-03   7.92615E-07
  0.00000E+00   1.82660E-03   8.24646E-07
  0.00000E+00   1.86553E-03   8.56855E-07
  0.00000E+00   1.90532E-03   8.89244E-07
  0.00000E+00   1.94601E-03   9.21814E-07
  0.00000E+00   1.98760E-03   9.54570E-07
  0.00000E+00   2.03011E-03   9.87522E-07
  0.00000E+00   2.07356E-03   1.02069E-06
  0.00000E+00   2.11798E-03   1.05409E-06
  0.00000E+00   2.16337E-03   1.08774E-06
  0.00000E+00   2.20976E-03   1.12166E-06
  0.00000E+00   2.25716E-03   1.15588E-06
  0.00000E+00   2.30560E-03   1.19043E-06
  0.00000E+00   2.35509E-03   1.22535E-06
  0.00000E+00   2.40565E-03   1.26068E-06
  0.00000E+00   2.45730E-03   1.29645E-06
  0.00000E+00   2.51007E-03   1.33271E-06
  0.00000E+00   2.56396E-03   1.36952E-06
  0.00000E+00   2.61901E-03   1.40693E-06
  0.00000E+00   2.67523E-03   1.44501E-06
  0.00000E+00   2.73264E-03   1.48381E-06
  0.00000E+00   2.79127E-03   1.52341E-06
  0.00000E+00   2.85114E-03   1.56388E-06
  0.00000E+00   2.91226E-03   1.60530E-06
  0.00000E+00   2.97466E-03   1.64775E-06
  0.00000E+00   3.03837E-03   1.69132E-06
  0.00000E+00   3.10341E-03   1.73609E-06
  0.00000E+00   3.16980E-03   1.78217E-06
  0.00000E+00   3.23757E-03   1.82964E-06
  0.00000E+00   3.30675E-03   1.87861E-06
  0.00000E+00   3.37735E-03   1.92918E-06
  0.00000E+00   3.44942E-03   1.98147E-06
  0.00000E+00   3.52298E-03   2.03559E-06
  0.00000E+00   3.59806E-03   2.09165E-06
  0.00000E+00   3.67469E-03   2.14976E-06
  0.00000E+00   3.75291E-03   2.21004E-06
  0.00000E+00   3.83274E-03   2.27262E-06
  0.00000E+00   3.91423E-03   2.33761E-06
  0.00000E+00   3.99740E-03   2.40514E-06
  0.00000E+00   4.08231E-03   2.47532E-06
  0.00000E+00   4.16898E-03   2.54829E-06
  0.00000E+00   4.25747E-03   2.62416E-06
  0.00000E+00   4.34781E-03   2.70305E-06
  0.00000E+00   4.44004E-03   2.78509E-06
  0.00000E+00   4.53422E-03   2.87041E-06
  0.00000E+00   4.63039E-03   2.95911E-06
  0.00000E+00   4.72861E-03   3.05131E-06
  0.00000E+00   4.82892E-03   3.14714E-06
  0.00000E+00   4.93138E-03   3.24671E-06
  0.00000E+00   5.03605E-03   3.35012E-06
  0.00000E+00   5.14298E-03   3.45747E-06
  0.00000E+00   5.25223E-03   3.56888E-06
  0.00000E+00   5.36387E-03   3.68444E-06
  0.00000E+00   5.47796E-03   3.80423E-06
  0.00000E+00   5.59456E-03   3.92835E-06
  0.00000E+00   5.71374E-03   4.05688E-06
  0.00000E+00   5.83557E-03   4.18990E-06
  0.00000E+00   5.96012E-03   4.32748E-06
  0.00000E+00   6.08746E-03   4.46968E-06
  0.00000E+00   6.21766E-03   4.61656E-06
  0.00000E+00   6.35080E-03   4.76819E-06
  0.00000E+00   6.48696E-03   4.92459E-06
  0.00000E+00   6.62621E-03   5.08581E-06
  0.00000E+00   6.76863E-03   5.25188E-06
  0.00000E+00   6.91430E-03   5.42282E-06
  0.00000E+00   7.06330E-03   5.59864E-06
  0.00000E+00   7.21571E-03   5.77936E-06
  0.00000E+00   7.37160E-03   5.96496E-06
  0.00000E+00   7.53107E-03   6.15543E-06
  0.00000E+00   7.69419E-03   6.35076E-06
  0.00000E+00   7.86103E-03   6.55092E-06
  0.00000E+00   8.03169E-03   6.75587E-06
  0.00000E+00   8.20624E-03   6.96557E-06
  0.00000E+00   8.38475E-03   7.17995E-06
  0.00000E+00   8.56732E-03   7.39895E-06
  0.00000E+00   8.75400E-03   7.62248E-06
  0.00000E+00   8.94488E-03   7.85046E-06
  0.00000E+00   9.14003E-03   8.08277E-06
  0.00000E+00   9.33951E-03   8.31930E-06
  0.00000E+00   9.54341E-03   8.55991E-06
  0.00000E+00   9.75177E-03   8.80445E-06
  0.00000E+00   9.96467E-03   9.05277E-06
  0.00000E+00   1.01822E-02   9.30468E-06
  0.00000E+00   1.04043E-02   9.55999E-06
  0.00000E+00   1.06312E-02   9.81850E-06
  0.00000E+00   1.08627E-02   1.00800E-05
  0.00000E+00   1.10991E-02   1.03441E-05
  0.00000E+00   1.13404E-02   1.06108E-05
  0.00000E+00   1.15865E-02   1.08796E-05
  0.00000E+00   1.18375E-02   1.11502E-05
  0.00000E+00   1.20934E-02   1.14224E-05
  0.00000E+00   1.23543E-02   1.16958E-05
  0.00000E+00   1.26201E-02   1.19701E-05
  0.00000E+00   1.28909E-02   1.22449E-05
  0.00000E+00   1.31667E-02   1.25199E-05
  0.00000E+00   1.34474E-02   1.27947E-05
  0.00000E+00   1.37332E-02   1.30689E-05
  0.00000E+00   1.40238E-02   1.33422E-05
  0.00000E+00   1.43194E-02   1.36142E-05
  0.00000E+00   1.46199E-02   1.38845E-05
  0.00000E+00   1.49253E-02   1.41528E-05
  0.00000E+00   1.52355E-02   1.44189E-05
  0.00000E+00   1.55506E-02   1.46823E-05
  0.00000E+00   1.58703E-02   1.49430E-05
  0.00000E+00   1.61948E-02   1.52005E-05
  0.00000E+00   1.65239E-02   1.54548E-05
  0.00000E+00   1.68576E-02   1.57058E-05
  0.00000E+00   1.71958E-02   1.59532E-05
  0.00000E+00   1.75384E-02   1.61971E-05
  0.00000E+00   1.78854E-02   1.64374E-05
  0.00000E+00   1.82368E-02   1.66743E-05
  0.00000E+00   1.85923E-02   1.69078E-05
  0.00000E+00   1.89521E-02   1.71380E-05
  0.00000E+00   1.93159E-02   1.73652E-05
  0.00000E+00   1.96837E-02   1.75896E-05
  0.00000E+00   2.00555E-02   1.78115E-05
  0.00000E+00   2.04312E-02   1.80311E-05
  0.00000E+00   2.08106E-02   1.82489E-05
  0.00000E+00   2.11939E-02   1.84651E-05
  0.00000E+00   2.15808E-02   1.86802E-05
  0.00000E+00   2.19714E-02   1.88945E-05
  0.00000E+00   2.23656E-02   1.91083E-05
  0.00000E+00   2.27634E-02   1.93220E-05
  0.00000E+00   2.31647E-02   1.95359E-05
  0.00000E+00   2.35695E-02   1.97503E-05
  0.00000E+00   2.39778E-02   1.99654E-05
  0.00000E+00   2.43896E-02   2.01815E-05
  0.00000E+00   2.48050E-02   2.03986E-05
  0.00000E+00   2.52238E-02   2.06167E-05
  0.00000E+00   2.56462E-02   2.08360E-05
  0.00000E+00   2.60721E-02   2.10563E-05
  0.00000E+00   2.65016E-02   2.12775E-05
  0.00000E+00   2.69348E-02   2.14995E-05
  0.00000E+00   2.73716E-02   2.17220E-05
  0.00000E+00   2.78122E-02   2.19448E-05
  0.00000E+00   2.82567E-02   2.21676E-05
  0.00000E+00   2.87050E-02   2.23903E-05
  0.00000E+00   2.91573E-02   2.26125E-05
  0.00000E+00   2.96138E-02   2.28341E-05
  0.00000E+00   3.00744E-02   2.30550E-05
  0.00000E+00   3.05393E-02   2.32752E-05
  0.00000E+00   3.10086E-02   2.34948E-05
  0.00000E+00   3.14824E-02   2.37140E-05
  0.00000E+00   3.19608E-02   2.39332E-05
  0.00000E+00   3.24440E-02   2.41528E-05
  0.00000E+00   3.29322E-02   2.43735E-05
  0.00000E+00   3.34253E-02   2.45961E-05
  0.00000E+00   3.39236E-02   2.48213E-05
  0.00000E+00   3.44272E-02   2.50504E-05
  0.00000E+00   3.49362E-02   2.52842E-05
  0.00000E+00   3.54509E-02   2.55241E-05
  0.00000E+00   3.59712E-02   2.57711E-05
  0.00000E+00   3.64974E-02   2.60266E-05
  0.00000E+00   3.70295E-02   2.62916E-05
  0.00000E+00   3.75679E-02   2.65674E-05
  0.00000E+00   3.81125E-02   2.68550E-05
  0.00000E+00   3.86635E-02   2.71553E-05
  0.00000E+00   3.92210E-02   2.74692E-05
  0.00000E+00   3.97852E-02   2.77975E-05
  0.00000E+00   4.03563E-02   2.81406E-05
  0.00000E+00   4.09342E-02   2.84991E-05
  0.00000E+00   4.15192E-02   2.88733E-05
  0.00000E+00   4.21114E-02   2.92634E-05
  0.00000E+00   4.27109E-02   2.96694E-05
  0.00000E+00   4.33177E-02   3.00914E-05
  0.00000E+00   4.39321E-02   3.05295E-05
  0.00000E+00   4.45541E-02   3.09835E-05
  0.00000E+00   4.51838E-02   3.14535E-05
  0.00000E+00   4.58213E-02   3.19395E-05
  0.00000E+00   4.64667E-02   3.24416E-05
  0.00000E+00   4.71201E-02   3.29600E-05
  0.00000E+00   4.77817E-02   3.34949E-05
  0.00000E+00   4.84514E-02   3.40467E-05
  0.00000E+00   4.91294E-02   3.46159E-05
  0.00000E+00   4.98158E-02   3.52029E-05
  0.00000E+00   5.05106E-02   3.58081E-05
  0.00000E+00   5.12140E-02   3.64320E-05
  0.00000E+00   5.19260E-02   3.70747E-05
  0.00000E+00   5.26468E-02   3.77365E-05
  0.00000E+00   5.33764E-02   3.84169E-05
  0.00000E+00   5.41150E-02   3.91155E-05
  0.00000E+00   5.48626E-02   3.98311E-05
  0.00000E+00   5.56193E-02   4.05623E-05
  0.00000E+00   5.63854E-02   4.13066E-05
  0.00000E+00   5.71608E-02   4.20614E-05
  0.00000E+00   5.79457E-02   4.28230E-05
  0.00000E+00   5.87403E-02   4.35870E-05
  0.00000E+00   5.95446E-02   4.43483E-05
  0.00000E+00   6.03588E-02   4.51012E-05
  0.00000E+00   6.11830E-02   4.58390E-05
  0.00000E+00   6.20173E-02   4.65549E-05
  0.00000E+00   6.28620E-02   4.72413E-05
  0.00000E+00   6.37170E-02   4.78903E-05
  0.00000E+00   6.45826E-02   4.84943E-05
  0.00000E+00   6.54587E-02   4.90454E-05
  0.00000E+00   6.63457E-02   4.95362E-05
  0.00000E+00   6.72435E-02   4.99600E-05
  0.00000E+00   6.81522E-02   5.03108E-05
  0.00000E+00   6.90719E-02   5.05835E-05
  0.00000E+00   7.00027E-02   5.07744E-05
  0.00000E+00   7.09445E-02   5.08812E-05
  0.00000E+00   7.18976E-02   5.09032E-05
  0.00000E+00   7.28618E-02   5.08413E-05
  0.00000E+00   7.38371E-02   5.06983E-05
  0.00000E+00   7.48235E-02   5.04788E-05
  0.00000E+00   7.58210E-02   5.01891E-05
  0.00000E+00   7.68296E-02   4.98376E-05
  0.00000E+00   7.78490E-02   4.94339E-05
  0.00000E+00   7.88793E-02   4.89893E-05
  0.00000E+00   7.99203E-02   4.85165E-05
  0.00000E+00   8.09719E-02   4.80290E-05
  0.00000E+00   8.20340E-02   4.75408E-05
  0.00000E+00   8.31065E-02   4.70666E-05
  0.00000E+00   8.41891E-02   4.66207E-05
  0.00000E+00   8.52818E-02   4.62174E-05
  0.00000E+00   8.63845E-02   4.58701E-05
  0.00000E+00   8.74969E-02   4.55913E-05
  0.00000E+00   8.86191E-02   4.53923E-05
  0.00000E+00   8.97508E-02   4.52831E-05
  0.00000E+00   9.08921E-02   4.52722E-05
  0.00000E+00   9.20428E-02   4.53665E-05
  0.00000E+00   9.32030E-02   4.55717E-05
  0.00000E+00   9.43725E-02   4.58919E-05
  0.00000E+00   9.55515E-02   4.63301E-05
  0.00000E+00   9.67399E-02   4.68880E-05
  0.00000E+00   9.79378E-02   4.75668E-05
  0.00000E+00   9.91454E-02   4.83666E-05
  0.00000E+00   1.00363E-01   4.92874E-05
  0.00000E+00   1.01590E-01   5.03284E-05
  0.00000E+00   1.02827E-01   5.14891E-05
  0.00000E+00   1.04075E-01   5.27684E-05
  0.00000E+00   1.05334E-01   5.41654E-05
  0.00000E+00   1.06603E-01   5.56790E-05
  0.00000E+00   1.07883E-01   5.73078E-05
  0.00000E+00   1.09175E-01   5.90500E-05
  0.00000E+00   1.10479E-01   6.09034E-05
  0.00000E+00   1.11794E-01   6.28646E-05
  0.00000E+00   1.13122E-01   6.49295E-05
  0.00000E+00   1.14463E-01   6.70922E-05
  0.00000E+00   1.15817E-01   6.93454E-05
  0.00000E+00   1.17184E-01   7.16794E-05
  0.00000E+00   1.18565E-01   7.40826E-05
  0.00000E+00   1.19960E-01   7.65407E-05
  0.00000E+00   1.21370E-01   7.90369E-05
  0.00000E+00   1.22794E-01   8.15520E-05
  0.00000E+00   1.24233E-01   8.40644E-05
  0.00000E+00   1.25688E-01   8.65504E-05
  0.00000E+00   1.27158E-01   8.89846E-05
  0.00000E+00   1.28644E-01   9.13409E-05
  0.00000E+00   1.30146E-01   9.35928E-05
  0.00000E+00   1.31665E-01   9.57143E-05
  0.00000E+00   1.33201E-01   9.76814E-05
  0.00000E+00   1.34754E-01   9.94722E-05
  0.00000E+00   1.36324E-01   1.01069E-04
  0.00000E+00   1.37913E-01   1.02457E-04
  0.00000E+00   1.39519E-01   1.03630E-04
  0.00000E+00   1.41144E-01   1.04583E-04
  0.00000E+00   1.42788E-01   1.05321E-04
  0.00000E+00   1.44452E-01   1.05853E-04
  0.00000E+00   1.46135E-01   1.06194E-04
  0.00000E+00   1.47838E-01   1.06365E-04
  0.00000E+00   1.49561E-01   1.06393E-04
  0.00000E+00   1.51306E-01   1.06305E-04
  0.00000E+00   1.53071E-01   1.06134E-04
  0.00000E+00   1.54858E-01   1.05912E-04
  0.00000E+00   1.56666E-01   1.05673E-04
  0.00000E+00   1.58497E-01   1.05446E-04
  0.00000E+00   1.60349E-01   1.05261E-04
  0.00000E+00   1.62224E-01   1.05143E-04
  0.00000E+00   1.64122E-01   1.05111E-04
  0.00000E+00   1.66042E-01   1.05183E-04
  0.00000E+00   1.67985E-01   1.05370E-04
  0.00000E+00   1.69951E-01   1.05676E-04
  0.00000E+00   1.71940E-01   1.06106E-04
  0.00000E+00   1.73952E-01   1.06656E-04
  0.00000E+00   1.75987E-01   1.07322E-04
  0.00000E+00   1.78044E-01   1.08097E-04
  0.00000E+00   1.80125E-01   1.08974E-04
  0.00000E+00   1.82228E-01   1.09942E-04
  0.00000E+00   1.84354E-01   1.10993E-04
  0.00000E+00   1.86503E-01   1.12117E-04
  0.00000E+00   1.88674E-01   1.13307E-04
  0.00000E+00   1.90868E-01   1.14553E-04
  0.00000E+00   1.93084E-01   1.15844E-04
  0.00000E+00   1.95322E-01   1.17170E-04
  0.00000E+00   1.97581E-01   1.18517E-04
  0.00000E+00   1.99863E-01   1.19867E-04
  0.00000E+00   2.02165E-01   1.21196E-04
  0.00000E+00   2.04488E-01   1.22477E-04
  0.00000E+00   2.06832E-01   1.23674E-04
  0.00000E+00   2.09196E-01   1.24746E-04
  0.00000E+00   2.11579E-01   1.25644E-04
  0.00000E+00   2.13982E-01   1.26310E-04
  0.00000E+00   2.16402E-01   1.26683E-04
  0.00000E+00   2.18841E-01   1.26692E-04
  0.00000E+00   2.21296E-01   1.26261E-04
  0.00000E+00   2.23767E-01   1.25311E-04
  0.00000E+00   2.26254E-01   1.23754E-04
  0.00000E+00   2.28755E-01   1.21502E-04
  0.00000E+00   2.31270E-01   1.18459E-04
  0.00000E+00   2.33797E-01   1.14529E-04
  0.00000E+00   2.36337E-01   1.09613E-04
  0.00000E+00   2.38888E-01   1.03612E-04
  0.00000E+00   2.41450E-01   9.64282E-05
  0.00000E+00   2.44021E-01   8.79681E-05
  0.00000E+00   2.46600E-01   7.81449E-05
  0.00000E+00   2.49188E-01   6.68820E-05
  0.00000E+00   2.51783E-01   5.41162E-05
  0.00000E+00   2.54384E-01   3.98014E-05
  0.00000E+00   2.56991E-01   2.39120E-05
  0.00000E+00   2.59602E-01   6.44589E-06
  0.00000E+00   2.62217E-01  -1.25725E-05
  0.00000E+00   2.64835E-01  -3.30904E-05
  0.00000E+00   2.67455E-01  -5.50246E-05
  0.00000E+00   2.70075E-01  -7.82620E-05
  0.00000E+00   2.72696E-01  -1.02660E-04
  0.00000E+00   2.75316E-01  -1.28049E-04
  0.00000E+00   2.77935E-01  -1.54237E-04
  0.00000E+00   2.80551E-01  -1.81017E-04
  0.00000E+00   2.83164E-01  -2.08169E-04
  0.00000E+00   2.85773E-01  -2.35472E-04
  0.00000E+00   2.88378E-01  -2.62703E-04
  0.00000E+00   2.90978E-01  -2.89651E-04
  0.00000E+00   2.93572E-01  -3.16112E-04
  0.00000E+00   2.96160E-01  -3.41905E-04
  0.00000E+00   2.98742E-01  -3.66866E-04
  0.00000E+00   3.01317E-01  -3.90857E-04
  0.00000E+00   3.03884E-01  -4.13773E-04
  0.00000E+00   3.06443E-01  -4.35533E-04
  0.00000E+00   3.08993E-01  -4.56091E-04
  0.00000E+00   3.11534E-01  -4.75428E-04
  0.00000E+00   3.14065E-01  -4.93548E-04
  0.00000E+00   3.16586E-01  -5.10479E-04
  0.00000E+00   3.19095E-01  -5.26256E-04
  0.00000E+00   3.21591E-01  -5.40917E-04
  0.00000E+00   3.24076E-01  -5.54494E-04
  0.00000E+00   3.26546E-01  -5.66995E-04
  0.00000E+00   3.29002E-01  -5.78401E-04
  0.00000E+00   3.31443E-01  -5.88652E-04
  0.00000E+00   3.33868E-01  -5.97646E-04
  0.00000E+00   3.36276E-01  -6.05234E-04
  0.00000E+00   3.38666E-01  -6.11227E-04
  0.00000E+00   3.41038E-01  -6.15395E-04
  0.00000E+00   3.43390E-01  -6.17481E-04
  0.00000E+00   3.45721E-01  -6.17207E-04
  0.00000E+00   3.48032E-01  -6.14287E-04
  0.00000E+00   3.50320E-01  -6.08436E-04
  0.00000E+00   3.52584E-01  -5.99382E-04
  0.00000E+00   3.54825E-01  -5.86874E-04
  0.00000E+00   3.57040E-01  -5.70688E-04
  0.00000E+00   3.59231E-01  -5.50634E-04
  0.00000E+00   3.61395E-01  -5.26550E-04
  0.00000E+00   3.63532E-01  -4.98309E-04
  0.00000E+00   3.65643E-01  -4.65811E-04
  0.00000E+00   3.67727E-01  -4.28990E-04
  0.00000E+00   3.69785E-01  -3.87814E-04
  0.00000E+00   3.71816E-01  -3.42297E-04
  0.00000E+00   3.73821E-01  -2.92515E-04
  0.00000E+00   3.75802E-01  -2.38623E-04
  0.00000E+00   3.77758E-01  -1.80878E-04
  0.00000E+00   3.79691E-01  -1.19653E-04
  0.00000E+00   3.81601E-01  -5.54507E-05
  0.00000E+00   3.83491E-01   1.10926E-05
  0.00000E+00   3.85361E-01   7.92194E-05
  0.00000E+00   3.87213E-01   1.48072E-04
  0.00000E+00   3.89048E-01   2.16729E-04
  0.00000E+00   3.90868E-01   2.84253E-04
  0.00000E+00   3.92674E-01   3.49741E-04
  0.00000E+00   3.94467E-01   4.12371E-04
  0.00000E+00   3.96249E-01   4.71448E-04
  0.00000E+00   3.98020E-01   5.26422E-04
  0.00000E+00   3.99781E-01   5.76903E-04
  0.00000E+00   4.01533E-01   6.22645E-04
  0.00000E+00   4.03276E-01   6.63521E-04
  0.00000E+00   4.05008E-01   6.99483E-04
  0.00000E+00   4.06730E-01   7.30516E-04
  0.00000E+00   4.08439E-01   7.56597E-04
  0.00000E+00   4.10136E-01   7.77663E-04
  0.00000E+00   4.11817E-01   7.93600E-04
  0.00000E+00   4.13483E-01   8.04254E-04
  0.00000E+00   4.15131E-01   8.09455E-04
  0.00000E+00   4.16760E-01   8.09062E-04
  0.00000E+00   4.18368E-01   8.03007E-04
  0.00000E+00   4.19955E-01   7.91332E-04
  0.00000E+00   4.21519E-01   7.74217E-04
  0.00000E+00   4.23059E-01   7.51990E-04
  0.00000E+00   4.24574E-01   7.25112E-04
  0.00000E+00   4.26062E-01   6.94149E-04
  0.00000E+00   4.27523E-01   6.59730E-04
  0.00000E+00   4.28955E-01   6.22503E-04
  0.00000E+00   4.30358E-01   5.83098E-04
  0.00000E+00   4.31732E-01   5.42090E-04
  0.00000E+00   4.33076E-01   4.99985E-04
  0.00000E+00   4.34389E-01   4.57204E-04
  0.00000E+00   4.35673E-01   4.14079E-04
  0.00000E+00   4.36927E-01   3.70857E-04
  0.00000E+00   4.38152E-01   3.27715E-04
  0.00000E+00   4.39348E-01   2.84788E-04
  0.00000E+00   4.40515E-01   2.42205E-04
  0.00000E+00   4.41656E-01   2.00112E-04
  0.00000E+00   4.42770E-01   1.58702E-04
  0.00000E+00   4.43859E-01   1.18216E-04
  0.00000E+00   4.44923E-01   7.89311E-05
  0.00000E+00   4.45964E-01   4.11427E-05
  0.00000E+00   4.46984E-01   5.13814E-06
  0.00000E+00   4.47982E-01  -2.88255E-05
  0.00000E+00   4.48961E-01  -6.05421E-05
  0.00000E+00   4.49923E-01  -8.98766E-05
  0.00000E+00   4.50867E-01  -1.16787E-04
  0.00000E+00   4.51796E-01  -1.41343E-04
  0.00000E+00   4.52711E-01  -1.63742E-04
  0.00000E+00   4.53612E-01  -1.84309E-04
  0.00000E+00   4.54501E-01  -2.03490E-04
  0.00000E+00   4.55378E-01  -2.21830E-04
  0.00000E+00   4.56244E-01  -2.39945E-04
  0.00000E+00   4.57098E-01  -2.58480E-04
  0.00000E+00   4.57941E-01  -2.78084E-04
  0.00000E+00   4.58772E-01  -2.99376E-04
  0.00000E+00   4.59591E-01  -3.22928E-04
  0.00000E+00   4.60397E-01  -3.49252E-04
  0.00000E+00   4.61189E-01  -3.78797E-04
  0.00000E+00   4.61966E-01  -4.11945E-04
  0.00000E+00   4.62729E-01  -4.49012E-04
  0.00000E+00   4.63476E-01  -4.90249E-04
  0.00000E+00   4.64209E-01  -5.35837E-04
  0.00000E+00   4.64926E-01  -5.85883E-04
  0.00000E+00   4.65628E-01  -6.40420E-04
  0.00000E+00   4.66316E-01  -6.99402E-04
  0.00000E+00   4.66989E-01  -7.62717E-04
  0.00000E+00   4.67650E-01  -8.30196E-04
  0.00000E+00   4.68300E-01  -9.01626E-04
  0.00000E+00   4.68938E-01  -9.76776E-04
  0.00000E+00   4.69567E-01  -1.05540E-03
  0.00000E+00   4.70189E-01  -1.13724E-03
  0.00000E+00   4.70803E-01  -1.22205E-03
  0.00000E+00   4.71413E-01  -1.30954E-03
  0.00000E+00   4.72018E-01  -1.39938E-03
  0.00000E+00   4.72620E-01  -1.49119E-03
  0.00000E+00   4.73221E-01  -1.58447E-03
  0.00000E+00   4.73821E-01  -1.67867E-03
  0.00000E+00   4.74421E-01  -1.77313E-03
  0.00000E+00   4.75022E-01  -1.86713E-03
  0.00000E+00   4.75625E-01  -1.95994E-03
  0.00000E+00   4.76230E-01  -2.05082E-03
  0.00000E+00   4.76837E-01  -2.13909E-03
  0.00000E+00   4.77446E-01  -2.22414E-03
  0.00000E+00   4.78059E-01  -2.30546E-03
  0.00000E+00   4.78674E-01  -2.38265E-03
  0.00000E+00   4.79293E-01  -2.45541E-03
  0.00000E+00   4.79915E-01  -2.52356E-03
  0.00000E+00   4.80542E-01  -2.58698E-03
  0.00000E+00   4.81172E-01  -2.64565E-03
  0.00000E+00   4.81808E-01  -2.69957E-03
  0.00000E+00   4.82449E-01  -2.74879E-03
  0.00000E+00   4.83095E-01  -2.79338E-03
  0.00000E+00   4.83748E-01  -2.83343E-03
  0.00000E+00   4.84408E-01  -2.86904E-03
  0.00000E+00   4.85075E-01  -2.90034E-03
  0.00000E+00   4.85750E-01  -2.92750E-03
  0.00000E+00   4.86433E-01  -2.95074E-03
  0.00000E+00   4.87126E-01  -2.97033E-03
  0.00000E+00   4.87828E-01  -2.98662E-03
  0.00000E+00   4.88541E-01  -3.00003E-03
  0.00000E+00   4.89264E-01  -3.01103E-03
  0.00000E+00   4.89998E-01  -3.02015E-03
  0.00000E+00   4.90743E-01  -3.02792E-03
  0.00000E+00   4.91499E-01  -3.03493E-03
  0.00000E+00   4.92266E-01  -3.04169E-03
  0.00000E+00   4.93043E-01  -3.04871E-03
  0.00000E+00   4.93832E-01  -3.05643E-03
  0.00000E+00   4.94629E-01  -3.06522E-03
  0.00000E+00   4.95436E-01  -3.07537E-03
  0.00000E+00   4.96251E-01  -3.08708E-03
  0.00000E+00   4.97074E-01  -3.10048E-03
  0.00000E+00   4.97902E-01  -3.11562E-03
  0.00000E+00   4.98736E-01  -3.13251E-03
  0.00000E+00   4.99574E-01  -3.15111E-03
  0.00000E+00   5.00415E-01  -3.17137E-03
  0.00000E+00   5.01258E-01  -3.19322E-03
  0.00000E+00   5.02103E-01  -3.21657E-03
  0.00000E+00   5.02947E-01  -3.24132E-03
  0.00000E+00   5.03791E-01  -3.26736E-03
  0.00000E+00   5.04634E-01  -3.29453E-03
  0.00000E+00   5.05474E-01  -3.32260E-03
  0.00000E+00   5.06312E-01  -3.35130E-03
  0.00000E+00   5.07145E-01  -3.38028E-03
  0.00000E+00   5.07975E-01  -3.40911E-03
  0.00000E+00   5.08799E-01  -3.43734E-03
  0.00000E+00   5.09619E-01  -3.46449E-03
  0.00000E+00   5.10432E-01  -3.49006E-03
  0.00000E+00   5.11239E-01  -3.51359E-03
  0.00000E+00   5.12040E-01  -3.53462E-03
  0.00000E+00   5.12833E-01  -3.55274E-03
  0.00000E+00   5.13619E-01  -3.56757E-03
  0.00000E+00   5.14398E-01  -3.57877E-03
  0.00000E+00   5.15168E-01  -3.58602E-03
  0.00000E+00   5.15930E-01  -3.58902E-03
  0.00000E+00   5.16683E-01  -3.58751E-03
  0.00000E+00   5.17428E-01  -3.58121E-03
  0.00000E+00   5.18162E-01  -3.56987E-03
  0.00000E+00   5.18887E-01  -3.55325E-03
  0.00000E+00   5.19602E-01  -3.53112E-03
  0.00000E+00   5.20307E-01  -3.50329E-03
  0.00000E+00   5.21003E-01  -3.46962E-03
  0.00000E+00   5.21688E-01  -3.43002E-03
  0.00000E+00   5.22365E-01  -3.38450E-03
  0.00000E+00   5.23033E-01  -3.33319E-03
  0.00000E+00   5.23693E-01  -3.27632E-03
  0.00000E+00   5.24346E-01  -3.21426E-03
  0.00000E+00   5.24993E-01  -3.14749E-03
  0.00000E+00   5.25633E-01  -3.07659E-03
  0.00000E+00   5.26267E-01  -3.00225E-03
  0.00000E+00   5.26896E-01  -2.92523E-03
  0.00000E+00   5.27519E-01  -2.84634E-03
  0.00000E+00   5.28136E-01  -2.76644E-03
  0.00000E+00   5.28747E-01  -2.68638E-03
  0.00000E+00   5.29350E-01  -2.60695E-03
  0.00000E+00   5.29946E-01  -2.52890E-03
  0.00000E+00   5.30532E-01  -2.45285E-03
  0.00000E+00   5.31109E-01  -2.37931E-03
  0.00000E+00   5.31675E-01  -2.30861E-03
  0.00000E+00   5.32230E-01  -2.24095E-03
  0.00000E+00   5.32772E-01  -2.17633E-03
  0.00000E+00   5.33302E-01  -2.11460E-03
  0.00000E+00   5.33818E-01  -2.05551E-03
  0.00000E+00   5.34321E-01  -1.99869E-03
  0.00000E+00   5.34808E-01  -1.94374E-03
  0.00000E+00   5.35281E-01  -1.89029E-03
  0.00000E+00   5.35737E-01  -1.83799E-03
  0.00000E+00   5.36177E-01  -1.78655E-03
  0.00000E+00   5.36599E-01  -1.73574E-03
  0.00000E+00   5.37003E-01  -1.68533E-03
  0.00000E+00   5.37388E-01  -1.63515E-03
  0.00000E+00   5.37753E-01  -1.58499E-03
  0.00000E+00   5.38099E-01  -1.53465E-03
  0.00000E+00   5.38425E-01  -1.48388E-03
  0.00000E+00   5.38731E-01  -1.43242E-03
  0.00000E+00   5.39018E-01  -1.37996E-03
  0.00000E+00   5.39286E-01  -1.32615E-03
  0.00000E+00   5.39537E-01  -1.27061E-03
  0.00000E+00   5.39771E-01  -1.21296E-03
  0.00000E+00   5.39990E-01  -1.15281E-03
  0.00000E+00   5.40195E-01  -1.08981E-03
  0.00000E+00   5.40387E-01  -1.02366E-03
  0.00000E+00   5.40568E-01  -9.54116E-04
  0.00000E+00   5.40739E-01  -8.81056E-04
  0.00000E+00   5.40902E-01  -8.04452E-04
  0.00000E+00   5.41058E-01  -7.24390E-04
  0.00000E+00   5.41209E-01  -6.41063E-04
  0.00000E+00   5.41357E-01  -5.54770E-04
  0.00000E+00   5.41503E-01  -4.65909E-04
  0.00000E+00   5.41647E-01  -3.74970E-04
  0.00000E+00   5.41792E-01  -2.82534E-04
  0.00000E+00   5.41937E-01  -1.89256E-04
  0.00000E+00   5.42084E-01  -9.58583E-05
  0.00000E+00   5.42233E-01  -3.10838E-06
  0.00000E+00   5.42384E-01   8.82077E-05
  0.00000E+00   5.42537E-01   1.77316E-04
  0.00000E+00   5.42693E-01   2.63492E-04
  0.00000E+00   5.42851E-01   3.46097E-04
  0.00000E+00   5.43010E-01   4.24612E-04
  0.00000E+00   5.43173E-01   4.98657E-04
  0.00000E+00   5.43337E-01   5.67997E-04
  0.00000E+00   5.43504E-01   6.32544E-04
  0.00000E+00   5.43673E-01   6.92343E-04
  0.00000E+00   5.43847E-01   7.47550E-04
  0.00000E+00   5.44024E-01   7.98396E-04
  0.00000E+00   5.44207E-01   8.45147E-04
  0.00000E+00   5.44396E-01   8.88060E-04
  0.00000E+00   5.44593E-01   9.27341E-04
  0.00000E+00   5.44798E-01   9.63112E-04
  0.00000E+00   5.45012E-01   9.95387E-04
  0.00000E+00   5.45238E-01   1.02408E-03
  0.00000E+00   5.45474E-01   1.04900E-03
  0.00000E+00   5.45723E-01   1.06991E-03
  0.00000E+00   5.45985E-01   1.08658E-03
  0.00000E+00   5.46259E-01   1.09883E-03
  0.00000E+00   5.46547E-01   1.10657E-03
  0.00000E+00   5.46847E-01   1.10986E-03
  0.00000E+00   5.47160E-01   1.10888E-03
  0.00000E+00   5.47485E-01   1.10396E-03
  0.00000E+00   5.47821E-01   1.09547E-03
  0.00000E+00   5.48168E-01   1.08381E-03
  0.00000E+00   5.48524E-01   1.06937E-03
  0.00000E+00   5.48889E-01   1.05247E-03
  0.00000E+00   5.49261E-01   1.03331E-03
  0.00000E+00   5.49640E-01   1.01203E-03
  0.00000E+00   5.50025E-01   9.88615E-04
  0.00000E+00   5.50416E-01   9.62975E-04
  0.00000E+00   5.50813E-01   9.34932E-04
  0.00000E+00   5.51218E-01   9.04275E-04
  0.00000E+00   5.51632E-01   8.70810E-04
  0.00000E+00   5.52055E-01   8.34424E-04
  0.00000E+00   5.52491E-01   7.95142E-04
  0.00000E+00   5.52939E-01   7.53167E-04
  0.00000E+00   5.53401E-01   7.08887E-04
  0.00000E+00   5.53877E-01   6.62855E-04
  0.00000E+00   5.54368E-01   6.15733E-04
  0.00000E+00   5.54872E-01   5.68217E-04
  0.00000E+00   5.55388E-01   5.20944E-04
  0.00000E+00   5.55913E-01   4.74413E-04
  0.00000E+00   5.56447E-01   4.28915E-04
  0.00000E+00   5.56985E-01   3.84489E-04
  0.00000E+00   5.57527E-01   3.40934E-04
  0.00000E+00   5.58068E-01   2.97851E-04
  0.00000E+00   5.58608E-01   2.54740E-04
  0.00000E+00   5.59144E-01   2.11103E-04
  0.00000E+00   5.59675E-01   1.66551E-04
  0.00000E+00   5.60199E-01   1.20916E-04
  0.00000E+00   5.60715E-01   7.43150E-05
  0.00000E+00   5.61222E-01   2.71922E-05
  0.00000E+00   5.61719E-01  -1.97019E-05
  0.00000E+00   5.62205E-01  -6.53790E-05
  0.00000E+00   5.62679E-01  -1.08724E-04
  0.00000E+00   5.63140E-01  -1.48632E-04
  0.00000E+00   5.63588E-01  -1.84151E-04
  0.00000E+00   5.64020E-01  -2.14608E-04
  0.00000E+00   5.64437E-01  -2.39696E-04
  0.00000E+00   5.64838E-01  -2.59504E-04
  0.00000E+00   5.65221E-01  -2.74484E-04
  0.00000E+00   5.65586E-01  -2.85350E-04
  0.00000E+00   5.65931E-01  -2.92957E-04
  0.00000E+00   5.66255E-01  -2.98145E-04
  0.00000E+00   5.66558E-01  -3.01615E-04
  0.00000E+00   5.66838E-01  -3.03821E-04
  0.00000E+00   5.67094E-01  -3.04921E-04
  0.00000E+00   5.67325E-01  -3.04788E-04
  0.00000E+00   5.67529E-01  -3.03055E-04
  0.00000E+00   5.67705E-01  -2.99209E-04
  0.00000E+00   5.67853E-01  -2.92697E-04
  0.00000E+00   5.67973E-01  -2.83025E-04
  0.00000E+00   5.68063E-01  -2.69848E-04
  0.00000E+00   5.68124E-01  -2.53037E-04
  0.00000E+00   5.68156E-01  -2.32711E-04
  0.00000E+00   5.68160E-01  -2.09254E-04
  0.00000E+00   5.68136E-01  -1.83302E-04
  0.00000E+00   5.68084E-01  -1.55710E-04
  0.00000E+00   5.68007E-01  -1.27513E-04
  0.00000E+00   5.67904E-01  -9.98667E-05
  0.00000E+00   5.67779E-01  -7.39960E-05
  0.00000E+00   5.67631E-01  -5.11372E-05
