  0.00000E+00   1.06510E-05   1.29387E-05
  0.00000E+00   9.77987E-06   1.09836E-05
  0.00000E+00   8.91280E-06   6.41763E-06
  0.00000E+00   8.54201E-06   3.87313E-06
  0.00000E+00   9.18703E-06   2.54449E-06
  0.00000E+00   1.03111E-05   1.83385E-06
  0.00000E+00   1.14626E-05   1.45618E-06
  0.00000E+00   1.26464E-05   1.27466E-06
  0.00000E+00   1.38805E-05   1.20094E-06
  0.00000E+00   1.52048E-05   1.18699E-06
  0.00000E+00   1.66752E-05   1.20559E-06
  0.00000E+00   1.83044E-05   1.24386E-06
  0.00000E+00   2.01582E-05   1.29607E-06
  0.00000E+00   2.22420E-05   1.35878E-06
  0.00000E+00   2.46362E-05   1.43773E-06
  0.00000E+00   2.73861E-05   1.52867E-06
  0.00000E+00   3.05393E-05   1.63345E-06
  0.00000E+00   3.41716E-05   1.75249E-06
  0.00000E+00   3.83555E-05   1.89152E-06
  0.00000E+00   4.31915E-05   2.04577E-06
  0.00000E+00   4.87797E-05   2.22642E-06
  0.00000E+00   5.52381E-05   2.43118E-06
  0.00000E+00   6.27195E-05   2.66558E-06
  0.00000E+00   7.13883E-05   2.93538E-06
  0.00000E+00   8.14301E-05   3.24411E-06
  0.00000E+00   9.30852E-05   3.59623E-06
  0.00000E+00   1.06630E-04   3.99898E-06
  0.00000E+00   1.22375E-04   4.46033E-06
  0.00000E+00   1.40691E-04   4.98796E-06
  0.00000E+00   1.62023E-04   5.59169E-06
  0.00000E+00   1.86879E-04   6.28326E-06
  0.00000E+00   2.15857E-04   7.07637E-06
  0.00000E+00   2.49673E-04   7.98416E-06
  0.00000E+00   2.89158E-04   9.02463E-06
  0.00000E+00   3.35288E-04   1.02180E-05
  0.00000E+00   3.89215E-04   1.15871E-05
  0.00000E+00   4.52290E-04   1.31589E-05
  0.00000E+00   5.26104E-04   1.49640E-05
  0.00000E+00   6.12525E-04   1.70381E-05
  0.00000E+00   7.13752E-04   1.94222E-05
  0.00000E+00   8.32369E-04   2.21634E-05
  0.00000E+00   9.71412E-04   2.53165E-05
  0.00000E+00   1.13445E-03   2.89442E-05
  0.00000E+00   1.32567E-03   3.31190E-05
  0.00000E+00   1.55000E-03   3.79239E-05
  0.00000E+00   1.81320E-03   4.34543E-05
  0.00000E+00   2.12205E-03   4.98194E-05
  0.00000E+00   2.48446E-03   5.71449E-05
  0.00000E+00   2.90971E-03   6.55737E-05
  0.00000E+00   3.40861E-03   7.52687E-05
  0.00000E+00   3.99382E-03   8.64147E-05
  0.00000E+00   4.68003E-03   9.92207E-05
  0.00000E+00   5.48436E-03   1.13922E-04
  0.00000E+00   6.42663E-03   1.30782E-04
  0.00000E+00   7.52975E-03   1.50098E-04
  0.00000E+00   8.82017E-03   1.72197E-04
  0.00000E+00   1.03282E-02   1.97445E-04
  0.00000E+00   1.20887E-02   2.26242E-04
  0.00000E+00   1.41410E-02   2.59028E-04
  0.00000E+00   1.65300E-02   2.96279E-04
  0.00000E+00   1.93063E-02   3.38509E-04
  0.00000E+00   2.25261E-02   3.86269E-04
  0.00000E+00   2.62525E-02   4.40139E-04
  0.00000E+00   3.05545E-02   5.00729E-04
  0.00000E+00   3.55082E-02   5.68669E-04
  0.00000E+00   4.11957E-02   6.44605E-04
  0.00000E+00   4.77058E-02   7.29185E-04
  0.00000E+00   5.51330E-02   8.23057E-04
  0.00000E+00   6.35776E-02   9.26860E-04
  0.00000E+00   7.31452E-02   1.04123E-03
  0.00000E+00   8.39465E-02   1.16682E-03
  0.00000E+00   9.60974E-02   1.30431E-03
  0.00000E+00   1.09719E-01   1.45454E-03
  0.00000E+00   1.24940E-01   1.61855E-03
  0.00000E+00   1.41895E-01   1.79777E-03
  0.00000E+00   1.60731E-01   1.99425E-03
  0.00000E+00   1.81607E-01   2.21085E-03
  0.00000E+00   2.04699E-01   2.45158E-03
  0.00000E+00   2.30204E-01   2.72176E-03
  0.00000E+00   2.58347E-01   3.02822E-03
  0.00000E+00   2.89386E-01   3.37934E-03
  0.00000E+00   3.23616E-01   3.78498E-03
  0.00000E+00   3.61374E-01   4.25633E-03
  0.00000E+00   4.03047E-01   4.80564E-03
  0.00000E+00   4.49069E-01   5.44634E-03
  0.00000E+00   4.99918E-01   6.19388E-03
  0.00000E+00   5.56119E-01   7.06776E-03
  0.00000E+00   6.18227E-01   8.09428E-03
  0.00000E+00   6.86829E-01   9.30804E-03
  0.00000E+00   7.62538E-01   1.07502E-02
  0.00000E+00   8.45993E-01   1.24634E-02
  0.00000E+00   9.37862E-01   1.44826E-02
  0.00000E+00   1.03882E+00   1.68216E-02
  0.00000E+00   1.14951E+00   1.94575E-02
  0.00000E+00   1.27046E+00   2.23307E-02
  0.00000E+00   1.40199E+00   2.53653E-02
  0.00000E+00   1.54419E+00   2.84935E-02
  0.00000E+00   1.69695E+00   3.16649E-02
  0.00000E+00   1.85996E+00   3.48362E-02
  0.00000E+00   2.03279E+00   3.79767E-02
  0.00000E+00   2.21479E+00   4.10713E-02
  0.00000E+00   2.40507E+00   4.40814E-02
  0.00000E+00   2.60248E+00   4.68356E-02
  0.00000E+00   2.80574E+00   4.89852E-02
  0.00000E+00   3.01377E+00   5.01095E-02
  0.00000E+00   3.22555E+00   4.98261E-02
  0.00000E+00   3.44072E+00   4.77640E-02
  0.00000E+00   3.65968E+00   4.32175E-02
  0.00000E+00   3.88192E+00   3.59438E-02
  0.00000E+00   4.10596E+00   2.68407E-02
  0.00000E+00   4.32956E+00   1.72226E-02
  0.00000E+00   4.54990E+00   9.18642E-03
  0.00000E+00   4.76454E+00   5.75787E-03
  0.00000E+00   4.97277E+00   8.95869E-03
  0.00000E+00   5.17729E+00   1.95899E-02
  0.00000E+00   5.38590E+00   3.76892E-02
  0.00000E+00   5.60492E+00   6.11980E-02
  0.00000E+00   5.83040E+00   8.78118E-02
  0.00000E+00   6.05109E+00   1.15361E-01
  0.00000E+00   6.25632E+00   1.38825E-01
  0.00000E+00   6.44503E+00   1.53384E-01
  0.00000E+00   6.63225E+00   1.59207E-01
  0.00000E+00   6.83367E+00   1.57198E-01
  0.00000E+00   7.05683E+00   1.48040E-01
  0.00000E+00   7.30778E+00   1.32763E-01
  0.00000E+00   7.58612E+00   1.13542E-01
  0.00000E+00   7.88351E+00   9.22233E-02
  0.00000E+00   8.18698E+00   7.40052E-02
  0.00000E+00   8.49243E+00   6.18663E-02
  0.00000E+00   8.81024E+00   5.23220E-02
  0.00000E+00   9.14551E+00   4.23595E-02
  0.00000E+00   9.48802E+00   3.16551E-02
  0.00000E+00   9.82015E+00   2.05033E-02
  0.00000E+00   1.01328E+01   1.20600E-02
  0.00000E+00   1.04275E+01   6.30542E-03
  0.00000E+00   1.07134E+01  -4.76040E-04
  0.00000E+00   1.10050E+01  -9.61554E-03
  0.00000E+00   1.13095E+01  -1.92755E-02
  0.00000E+00   1.16305E+01  -2.83014E-02
  0.00000E+00   1.19638E+01  -3.77630E-02
  0.00000E+00   1.22931E+01  -4.50302E-02
  0.00000E+00   1.25970E+01  -4.40858E-02
  0.00000E+00   1.28596E+01  -3.24736E-02
  0.00000E+00   1.30803E+01  -1.15663E-02
  0.00000E+00   1.32777E+01   9.54795E-03
  0.00000E+00   1.34658E+01   2.21419E-02
  0.00000E+00   1.36226E+01   3.10005E-02
  0.00000E+00   1.37194E+01   4.05817E-02
  0.00000E+00   1.37408E+01   5.58108E-02
  0.00000E+00   1.36911E+01   7.18372E-02
  0.00000E+00   1.35934E+01   7.25174E-02
  0.00000E+00   1.34885E+01   6.11412E-02
  0.00000E+00   1.34222E+01   4.44031E-02
  0.00000E+00   1.34056E+01   3.16999E-02
  0.00000E+00   1.34283E+01   3.55145E-02
  0.00000E+00   1.34871E+01   6.13687E-02
  0.00000E+00   1.35866E+01   9.73048E-02
  0.00000E+00   1.37359E+01   1.29731E-01
  0.00000E+00   1.39357E+01   1.59011E-01
  0.00000E+00   1.41773E+01   1.74453E-01
  0.00000E+00   1.44350E+01   1.71998E-01
  0.00000E+00   1.46801E+01   1.53775E-01
  0.00000E+00   1.49056E+01   1.27439E-01
  0.00000E+00   1.50959E+01   1.00106E-01
  0.00000E+00   1.52350E+01   7.94018E-02
  0.00000E+00   1.53303E+01   6.90781E-02
  0.00000E+00   1.54070E+01   7.03271E-02
  0.00000E+00   1.54745E+01   8.04476E-02
  0.00000E+00   1.55143E+01   8.36442E-02
  0.00000E+00   1.55165E+01   7.03143E-02
  0.00000E+00   1.54942E+01   5.01940E-02
  0.00000E+00   1.54694E+01   3.71908E-02
  0.00000E+00   1.54646E+01   4.40540E-02
  0.00000E+00   1.54785E+01   5.91330E-02
  0.00000E+00   1.54819E+01   6.47012E-02
  0.00000E+00   1.54532E+01   6.10158E-02
  0.00000E+00   1.54169E+01   5.42038E-02
  0.00000E+00   1.54031E+01   5.07507E-02
  0.00000E+00   1.54257E+01   5.65876E-02
  0.00000E+00   1.54991E+01   7.19582E-02
  0.00000E+00   1.56297E+01   8.98076E-02
  0.00000E+00   1.58228E+01   9.66432E-02
  0.00000E+00   1.60687E+01   9.29068E-02
  0.00000E+00   1.63466E+01   9.12983E-02
  0.00000E+00   1.66258E+01   8.98855E-02
  0.00000E+00   1.68568E+01   8.58300E-02
  0.00000E+00   1.70231E+01   7.45845E-02
  0.00000E+00   1.71549E+01   5.32747E-02
  0.00000E+00   1.72608E+01   3.05516E-02
  0.00000E+00   1.73370E+01   4.98862E-03
  0.00000E+00   1.73700E+01  -2.64131E-02
  0.00000E+00   1.73558E+01  -6.71905E-02
  0.00000E+00   1.73067E+01  -1.14623E-01
  0.00000E+00   1.72240E+01  -1.58644E-01
  0.00000E+00   1.71136E+01  -1.92795E-01
  0.00000E+00   1.69875E+01  -2.20144E-01
  0.00000E+00   1.68518E+01  -2.48819E-01
  0.00000E+00   1.67021E+01  -2.79414E-01
  0.00000E+00   1.65584E+01  -3.10353E-01
  0.00000E+00   1.64489E+01  -3.36914E-01
  0.00000E+00   1.63795E+01  -3.57827E-01
  0.00000E+00   1.63508E+01  -3.75921E-01
  0.00000E+00   1.63639E+01  -3.88066E-01
  0.00000E+00   1.64265E+01  -3.93555E-01
  0.00000E+00   1.65499E+01  -3.96840E-01
  0.00000E+00   1.67221E+01  -3.96268E-01
  0.00000E+00   1.69144E+01  -3.84005E-01
  0.00000E+00   1.70995E+01  -3.61580E-01
  0.00000E+00   1.72763E+01  -3.27779E-01
  0.00000E+00   1.74505E+01  -2.85854E-01
  0.00000E+00   1.76174E+01  -2.38289E-01
  0.00000E+00   1.77661E+01  -1.91383E-01
  0.00000E+00   1.78870E+01  -1.60084E-01
  0.00000E+00   1.79734E+01  -1.46562E-01
  0.00000E+00   1.80208E+01  -1.45923E-01
  0.00000E+00   1.80375E+01  -1.50669E-01
  0.00000E+00   1.80205E+01  -1.56782E-01
  0.00000E+00   1.79807E+01  -1.60950E-01
  0.00000E+00   1.79498E+01  -1.56476E-01
  0.00000E+00   1.79663E+01  -1.35152E-01
  0.00000E+00   1.80450E+01  -9.45352E-02
  0.00000E+00   1.81759E+01  -4.55017E-02
  0.00000E+00   1.83445E+01   1.05930E-02
  0.00000E+00   1.85536E+01   7.01017E-02
  0.00000E+00   1.87918E+01   1.23831E-01
  0.00000E+00   1.90271E+01   1.65294E-01
  0.00000E+00   1.92153E+01   1.92548E-01
  0.00000E+00   1.93521E+01   1.95516E-01
  0.00000E+00   1.94617E+01   1.80657E-01
  0.00000E+00   1.95336E+01   1.61918E-01
  0.00000E+00   1.95462E+01   1.46121E-01
  0.00000E+00   1.95067E+01   1.37220E-01
  0.00000E+00   1.94155E+01   1.22842E-01
  0.00000E+00   1.92966E+01   1.02200E-01
  0.00000E+00   1.91727E+01   8.27600E-02
  0.00000E+00   1.90481E+01   5.41491E-02
  0.00000E+00   1.89312E+01   2.41827E-02
  0.00000E+00   1.88390E+01   4.26282E-03
  0.00000E+00   1.87775E+01  -6.74714E-04
  0.00000E+00   1.87279E+01   1.59583E-02
  0.00000E+00   1.86847E+01   4.88484E-02
  0.00000E+00   1.86874E+01   8.91920E-02
  0.00000E+00   1.87253E+01   1.25615E-01
  0.00000E+00   1.87630E+01   1.39203E-01
  0.00000E+00   1.87934E+01   1.12640E-01
  0.00000E+00   1.88050E+01   5.30655E-02
  0.00000E+00   1.87717E+01  -7.48283E-03
  0.00000E+00   1.86821E+01  -5.35521E-02
  0.00000E+00   1.85511E+01  -7.63804E-02
  0.00000E+00   1.84199E+01  -8.70088E-02
  0.00000E+00   1.83077E+01  -9.46578E-02
  0.00000E+00   1.81968E+01  -9.52609E-02
  0.00000E+00   1.80872E+01  -7.98067E-02
  0.00000E+00   1.80048E+01  -5.29673E-02
  0.00000E+00   1.79768E+01  -2.16620E-02
  0.00000E+00   1.80238E+01   6.17870E-03
  0.00000E+00   1.81742E+01   3.10978E-02
  0.00000E+00   1.84247E+01   5.93642E-02
  0.00000E+00   1.87106E+01   8.89052E-02
  0.00000E+00   1.89749E+01   1.05196E-01
  0.00000E+00   1.92059E+01   1.13525E-01
  0.00000E+00   1.94212E+01   1.22890E-01
  0.00000E+00   1.96462E+01   1.31038E-01
  0.00000E+00   1.98933E+01   1.28597E-01
  0.00000E+00   2.01426E+01   1.24057E-01
  0.00000E+00   2.03923E+01   1.29838E-01
  0.00000E+00   2.06707E+01   1.37549E-01
  0.00000E+00   2.09704E+01   1.52415E-01
  0.00000E+00   2.12879E+01   1.84428E-01
  0.00000E+00   2.16110E+01   2.20826E-01
  0.00000E+00   2.18977E+01   2.62251E-01
  0.00000E+00   2.21265E+01   3.00589E-01
  0.00000E+00   2.22969E+01   3.31502E-01
  0.00000E+00   2.24264E+01   3.59351E-01
  0.00000E+00   2.25075E+01   3.64351E-01
  0.00000E+00   2.25328E+01   3.43675E-01
  0.00000E+00   2.24941E+01   3.31984E-01
  0.00000E+00   2.23858E+01   3.36670E-01
  0.00000E+00   2.22291E+01   3.35142E-01
  0.00000E+00   2.20699E+01   3.11714E-01
  0.00000E+00   2.19396E+01   2.75613E-01
  0.00000E+00   2.18434E+01   2.50914E-01
  0.00000E+00   2.17618E+01   2.38292E-01
  0.00000E+00   2.16725E+01   2.33712E-01
  0.00000E+00   2.15843E+01   2.47327E-01
  0.00000E+00   2.14838E+01   2.81281E-01
  0.00000E+00   2.13710E+01   3.23828E-01
  0.00000E+00   2.12535E+01   3.61825E-01
  0.00000E+00   2.11238E+01   3.70806E-01
  0.00000E+00   2.10069E+01   3.43921E-01
  0.00000E+00   2.09324E+01   2.84297E-01
  0.00000E+00   2.09663E+01   2.02402E-01
  0.00000E+00   2.11119E+01   1.01323E-01
  0.00000E+00   2.13198E+01  -2.85150E-04
  0.00000E+00   2.15731E+01  -7.75794E-02
  0.00000E+00   2.18640E+01  -1.28518E-01
  0.00000E+00   2.21875E+01  -1.62583E-01
  0.00000E+00   2.25321E+01  -1.76809E-01
  0.00000E+00   2.28569E+01  -1.80657E-01
  0.00000E+00   2.31184E+01  -1.79568E-01
  0.00000E+00   2.33018E+01  -1.80207E-01
  0.00000E+00   2.34262E+01  -1.98894E-01
  0.00000E+00   2.35111E+01  -2.34073E-01
  0.00000E+00   2.36041E+01  -2.79262E-01
  0.00000E+00   2.37327E+01  -3.22474E-01
  0.00000E+00   2.38805E+01  -3.64761E-01
  0.00000E+00   2.40608E+01  -4.20141E-01
  0.00000E+00   2.42958E+01  -5.03343E-01
  0.00000E+00   2.45734E+01  -5.94435E-01
  0.00000E+00   2.48514E+01  -6.68321E-01
  0.00000E+00   2.50751E+01  -7.25175E-01
  0.00000E+00   2.52271E+01  -7.70080E-01
  0.00000E+00   2.53135E+01  -7.97600E-01
  0.00000E+00   2.53521E+01  -8.10466E-01
  0.00000E+00   2.53238E+01  -8.20889E-01
  0.00000E+00   2.51937E+01  -8.22533E-01
  0.00000E+00   2.49514E+01  -8.12695E-01
  0.00000E+00   2.46350E+01  -8.08286E-01
  0.00000E+00   2.43183E+01  -8.09117E-01
  0.00000E+00   2.40359E+01  -7.92724E-01
  0.00000E+00   2.37753E+01  -7.54312E-01
  0.00000E+00   2.35359E+01  -6.92025E-01
  0.00000E+00   2.33087E+01  -6.28426E-01
  0.00000E+00   2.30596E+01  -5.76634E-01
  0.00000E+00   2.27712E+01  -5.18681E-01
  0.00000E+00   2.24424E+01  -4.48426E-01
  0.00000E+00   2.21073E+01  -3.83364E-01
  0.00000E+00   2.18075E+01  -3.37743E-01
  0.00000E+00   2.15676E+01  -2.90437E-01
  0.00000E+00   2.13849E+01  -2.31447E-01
  0.00000E+00   2.12449E+01  -1.69682E-01
  0.00000E+00   2.11030E+01  -1.08815E-01
  0.00000E+00   2.09317E+01  -5.84712E-02
  0.00000E+00   2.07179E+01  -2.28314E-02
  0.00000E+00   2.04451E+01   1.23206E-02
  0.00000E+00   2.01224E+01   4.93720E-02
  0.00000E+00   1.97963E+01   6.30033E-02
  0.00000E+00   1.95014E+01   6.14249E-02
  0.00000E+00   1.92508E+01   6.33642E-02
  0.00000E+00   1.90580E+01   7.94069E-02
  0.00000E+00   1.89149E+01   9.66873E-02
  0.00000E+00   1.88112E+01   1.15142E-01
  0.00000E+00   1.87444E+01   1.45794E-01
  0.00000E+00   1.87206E+01   1.78849E-01
  0.00000E+00   1.87402E+01   2.03189E-01
  0.00000E+00   1.87899E+01   2.10766E-01
  0.00000E+00   1.88538E+01   1.95821E-01
  0.00000E+00   1.89357E+01   1.64052E-01
  0.00000E+00   1.90008E+01   1.31253E-01
  0.00000E+00   1.90080E+01   1.00546E-01
  0.00000E+00   1.89317E+01   6.42869E-02
  0.00000E+00   1.87665E+01   2.61619E-02
  0.00000E+00   1.85497E+01  -1.01265E-02
  0.00000E+00   1.83338E+01  -4.87180E-02
  0.00000E+00   1.81541E+01  -9.11503E-02
  0.00000E+00   1.80129E+01  -1.26799E-01
  0.00000E+00   1.79137E+01  -1.48433E-01
  0.00000E+00   1.78680E+01  -1.56859E-01
  0.00000E+00   1.78791E+01  -1.45713E-01
  0.00000E+00   1.79422E+01  -1.20342E-01
  0.00000E+00   1.80380E+01  -8.45995E-02
  0.00000E+00   1.81396E+01  -3.97114E-02
  0.00000E+00   1.82359E+01   8.52041E-03
  0.00000E+00   1.83241E+01   5.31808E-02
  0.00000E+00   1.83908E+01   1.00674E-01
  0.00000E+00   1.84200E+01   1.48740E-01
  0.00000E+00   1.84136E+01   1.84208E-01
  0.00000E+00   1.83874E+01   2.10256E-01
  0.00000E+00   1.83626E+01   2.41067E-01
  0.00000E+00   1.83473E+01   2.70473E-01
  0.00000E+00   1.83321E+01   2.97208E-01
  0.00000E+00   1.83286E+01   3.25042E-01
  0.00000E+00   1.83497E+01   3.49673E-01
  0.00000E+00   1.83711E+01   3.65084E-01
  0.00000E+00   1.83532E+01   3.62726E-01
  0.00000E+00   1.82860E+01   3.56513E-01
  0.00000E+00   1.81860E+01   3.49138E-01
  0.00000E+00   1.80513E+01   3.40461E-01
  0.00000E+00   1.78592E+01   3.19190E-01
  0.00000E+00   1.76040E+01   2.77653E-01
  0.00000E+00   1.73008E+01   2.24158E-01
  0.00000E+00   1.69530E+01   1.65250E-01
  0.00000E+00   1.65658E+01   1.10428E-01
  0.00000E+00   1.61595E+01   7.30849E-02
  0.00000E+00   1.57686E+01   5.98365E-02
  0.00000E+00   1.54340E+01   6.60373E-02
  0.00000E+00   1.51838E+01   7.74255E-02
  0.00000E+00   1.50295E+01   8.38719E-02
  0.00000E+00   1.49616E+01   7.83698E-02
  0.00000E+00   1.49798E+01   5.91896E-02
  0.00000E+00   1.50541E+01   2.51919E-02
  0.00000E+00   1.51250E+01  -2.17385E-02
  0.00000E+00   1.51684E+01  -7.38099E-02
  0.00000E+00   1.51862E+01  -1.20536E-01
  0.00000E+00   1.51832E+01  -1.50989E-01
  0.00000E+00   1.51624E+01  -1.73498E-01
  0.00000E+00   1.51280E+01  -1.94319E-01
  0.00000E+00   1.50754E+01  -2.07087E-01
  0.00000E+00   1.49886E+01  -2.30707E-01
  0.00000E+00   1.48634E+01  -2.68771E-01
  0.00000E+00   1.47142E+01  -2.97298E-01
  0.00000E+00   1.45665E+01  -3.11731E-01
  0.00000E+00   1.44427E+01  -3.12747E-01
  0.00000E+00   1.43504E+01  -3.02959E-01
  0.00000E+00   1.42930E+01  -2.90583E-01
  0.00000E+00   1.42746E+01  -2.80286E-01
  0.00000E+00   1.42849E+01  -2.65406E-01
  0.00000E+00   1.43178E+01  -2.41499E-01
  0.00000E+00   1.43684E+01  -2.12437E-01
  0.00000E+00   1.44273E+01  -1.85415E-01
  0.00000E+00   1.44813E+01  -1.62097E-01
  0.00000E+00   1.45259E+01  -1.41041E-01
  0.00000E+00   1.45589E+01  -1.23181E-01
  0.00000E+00   1.45699E+01  -9.92283E-02
  0.00000E+00   1.45493E+01  -7.09594E-02
  0.00000E+00   1.44994E+01  -4.62977E-02
  0.00000E+00   1.44307E+01  -2.94909E-02
  0.00000E+00   1.43414E+01  -1.38475E-02
  0.00000E+00   1.42313E+01   1.66506E-02
  0.00000E+00   1.41295E+01   5.93553E-02
  0.00000E+00   1.40715E+01   1.00892E-01
  0.00000E+00   1.40694E+01   1.31948E-01
  0.00000E+00   1.41087E+01   1.53148E-01
  0.00000E+00   1.41754E+01   1.65662E-01
  0.00000E+00   1.42630E+01   1.71035E-01
  0.00000E+00   1.43575E+01   1.74994E-01
  0.00000E+00   1.44597E+01   1.87762E-01
  0.00000E+00   1.45741E+01   2.14213E-01
  0.00000E+00   1.46936E+01   2.44741E-01
  0.00000E+00   1.48225E+01   2.71344E-01
  0.00000E+00   1.49749E+01   2.86775E-01
  0.00000E+00   1.51466E+01   2.86182E-01
  0.00000E+00   1.53082E+01   2.66558E-01
  0.00000E+00   1.54357E+01   2.36066E-01
  0.00000E+00   1.55338E+01   2.12776E-01
  0.00000E+00   1.56224E+01   1.98776E-01
  0.00000E+00   1.57045E+01   1.82868E-01
  0.00000E+00   1.57574E+01   1.60079E-01
  0.00000E+00   1.57721E+01   1.27769E-01
  0.00000E+00   1.57508E+01   9.03672E-02
  0.00000E+00   1.57035E+01   5.32920E-02
  0.00000E+00   1.56507E+01   2.51198E-02
  0.00000E+00   1.56019E+01   1.86527E-02
  0.00000E+00   1.55554E+01   3.46929E-02
  0.00000E+00   1.54945E+01   6.04003E-02
  0.00000E+00   1.54027E+01   8.61641E-02
  0.00000E+00   1.52788E+01   1.04294E-01
  0.00000E+00   1.51288E+01   1.08305E-01
  0.00000E+00   1.49754E+01   9.75840E-02
  0.00000E+00   1.48380E+01   8.17012E-02
  0.00000E+00   1.47395E+01   7.25980E-02
  0.00000E+00   1.46984E+01   6.92337E-02
  0.00000E+00   1.47174E+01   6.05991E-02
  0.00000E+00   1.47803E+01   4.34115E-02
  0.00000E+00   1.48599E+01   2.59883E-02
  0.00000E+00   1.49426E+01   1.44879E-02
  0.00000E+00   1.50432E+01   1.31281E-02
  0.00000E+00   1.51797E+01   1.77688E-02
  0.00000E+00   1.53490E+01   2.28362E-02
  0.00000E+00   1.55182E+01   3.14808E-02
  0.00000E+00   1.56627E+01   4.64543E-02
  0.00000E+00   1.57637E+01   7.23219E-02
  0.00000E+00   1.58070E+01   9.68957E-02
  0.00000E+00   1.57850E+01   1.05054E-01
  0.00000E+00   1.56882E+01   9.94025E-02
  0.00000E+00   1.55307E+01   8.40527E-02
  0.00000E+00   1.53500E+01   6.17509E-02
  0.00000E+00   1.51756E+01   3.11482E-02
  0.00000E+00   1.50218E+01   6.66964E-04
  0.00000E+00   1.48930E+01  -2.19737E-02
  0.00000E+00   1.48005E+01  -3.88694E-02
  0.00000E+00   1.47435E+01  -5.43462E-02
  0.00000E+00   1.47077E+01  -6.48029E-02
  0.00000E+00   1.46828E+01  -6.82690E-02
  0.00000E+00   1.46653E+01  -6.70246E-02
  0.00000E+00   1.46562E+01  -5.93676E-02
  0.00000E+00   1.46727E+01  -4.36371E-02
  0.00000E+00   1.47319E+01  -2.01879E-02
  0.00000E+00   1.48386E+01   4.15401E-03
  0.00000E+00   1.49880E+01   2.43498E-02
  0.00000E+00   1.51709E+01   4.23119E-02
  0.00000E+00   1.53765E+01   6.06541E-02
  0.00000E+00   1.55929E+01   8.38558E-02
  0.00000E+00   1.58389E+01   1.07303E-01
  0.00000E+00   1.61328E+01   1.15675E-01
  0.00000E+00   1.64552E+01   1.08074E-01
  0.00000E+00   1.67885E+01   9.06002E-02
  0.00000E+00   1.71024E+01   6.67419E-02
  0.00000E+00   1.73802E+01   4.20505E-02
  0.00000E+00   1.76264E+01   2.19770E-02
  0.00000E+00   1.78434E+01   7.96909E-03
  0.00000E+00   1.80463E+01  -5.15699E-03
  0.00000E+00   1.82482E+01  -2.89179E-02
  0.00000E+00   1.84573E+01  -5.74534E-02
  0.00000E+00   1.86795E+01  -7.84111E-02
  0.00000E+00   1.89145E+01  -9.34944E-02
  0.00000E+00   1.91507E+01  -1.03331E-01
  0.00000E+00   1.93891E+01  -1.10726E-01
  0.00000E+00   1.96545E+01  -1.20422E-01
  0.00000E+00   1.99561E+01  -1.21317E-01
  0.00000E+00   2.02690E+01  -1.21841E-01
  0.00000E+00   2.05858E+01  -1.25495E-01
  0.00000E+00   2.08846E+01  -1.19284E-01
  0.00000E+00   2.11549E+01  -1.18562E-01
  0.00000E+00   2.13795E+01  -1.25994E-01
  0.00000E+00   2.15402E+01  -1.27777E-01
  0.00000E+00   2.16078E+01  -1.21034E-01
  0.00000E+00   2.15573E+01  -1.06442E-01
  0.00000E+00   2.14185E+01  -1.05202E-01
  0.00000E+00   2.11859E+01  -1.04078E-01
  0.00000E+00   2.08744E+01  -8.59220E-02
  0.00000E+00   2.04796E+01  -6.44252E-02
  0.00000E+00   2.00021E+01  -4.56120E-02
  0.00000E+00   1.94777E+01  -2.18726E-02
  0.00000E+00   1.90005E+01  -1.02455E-03
  0.00000E+00   1.86174E+01   1.71848E-02
  0.00000E+00   1.83417E+01   4.86732E-02
  0.00000E+00   1.81701E+01   8.45612E-02
  0.00000E+00   1.80806E+01   1.25044E-01
  0.00000E+00   1.80232E+01   1.61106E-01
  0.00000E+00   1.79828E+01   1.81366E-01
  0.00000E+00   1.79469E+01   1.94433E-01
  0.00000E+00   1.79009E+01   1.94198E-01
  0.00000E+00   1.78333E+01   1.86700E-01
  0.00000E+00   1.77787E+01   1.86983E-01
  0.00000E+00   1.77631E+01   2.05742E-01
  0.00000E+00   1.77594E+01   2.37131E-01
  0.00000E+00   1.77386E+01   2.62755E-01
  0.00000E+00   1.77164E+01   2.81466E-01
  0.00000E+00   1.76958E+01   2.97919E-01
  0.00000E+00   1.76772E+01   3.28139E-01
  0.00000E+00   1.76638E+01   3.79059E-01
  0.00000E+00   1.76661E+01   4.39954E-01
  0.00000E+00   1.76824E+01   4.99444E-01
  0.00000E+00   1.76947E+01   5.54865E-01
  0.00000E+00   1.77007E+01   5.91931E-01
  0.00000E+00   1.77011E+01   6.00362E-01
  0.00000E+00   1.77105E+01   5.88189E-01
  0.00000E+00   1.77425E+01   5.64597E-01
  0.00000E+00   1.78063E+01   5.34846E-01
  0.00000E+00   1.79000E+01   5.04258E-01
  0.00000E+00   1.80175E+01   4.82083E-01
  0.00000E+00   1.81682E+01   4.70078E-01
  0.00000E+00   1.83660E+01   4.66611E-01
  0.00000E+00   1.85993E+01   4.69856E-01
  0.00000E+00   1.88572E+01   4.76715E-01
  0.00000E+00   1.91249E+01   4.76348E-01
  0.00000E+00   1.93870E+01   4.62488E-01
  0.00000E+00   1.96397E+01   4.27892E-01
  0.00000E+00   1.98911E+01   3.82136E-01
  0.00000E+00   2.01455E+01   3.38789E-01
  0.00000E+00   2.04019E+01   3.01382E-01
  0.00000E+00   2.06566E+01   2.80082E-01
  0.00000E+00   2.09037E+01   2.68931E-01
  0.00000E+00   2.11208E+01   2.48494E-01
  0.00000E+00   2.13196E+01   2.12682E-01
  0.00000E+00   2.15199E+01   1.68280E-01
  0.00000E+00   2.17094E+01   1.33280E-01
  0.00000E+00   2.18770E+01   1.10108E-01
  0.00000E+00   2.20355E+01   7.87932E-02
  0.00000E+00   2.22147E+01   3.89763E-02
  0.00000E+00   2.24428E+01   8.98931E-03
  0.00000E+00   2.27303E+01  -1.33080E-02
  0.00000E+00   2.30656E+01  -2.64825E-02
  0.00000E+00   2.34158E+01  -3.56724E-02
  0.00000E+00   2.37587E+01  -4.95844E-02
  0.00000E+00   2.40987E+01  -6.36305E-02
  0.00000E+00   2.44361E+01  -7.02055E-02
  0.00000E+00   2.47685E+01  -7.83495E-02
  0.00000E+00   2.50860E+01  -8.39887E-02
  0.00000E+00   2.53913E+01  -8.19742E-02
  0.00000E+00   2.56844E+01  -6.96798E-02
  0.00000E+00   2.59719E+01  -3.75416E-02
  0.00000E+00   2.62680E+01   4.67514E-03
  0.00000E+00   2.66021E+01   4.09239E-02
  0.00000E+00   2.69751E+01   7.08552E-02
  0.00000E+00   2.74018E+01   1.09336E-01
  0.00000E+00   2.78803E+01   1.49324E-01
  0.00000E+00   2.83481E+01   1.92650E-01
  0.00000E+00   2.87503E+01   2.48311E-01
  0.00000E+00   2.90948E+01   3.27515E-01
  0.00000E+00   2.94253E+01   4.05912E-01
  0.00000E+00   2.98023E+01   4.76321E-01
  0.00000E+00   3.02131E+01   5.35028E-01
  0.00000E+00   3.06207E+01   5.76523E-01
  0.00000E+00   3.10234E+01   5.88821E-01
  0.00000E+00   3.13908E+01   5.73839E-01
  0.00000E+00   3.16865E+01   5.34535E-01
  0.00000E+00   3.18961E+01   4.69383E-01
  0.00000E+00   3.20540E+01   4.01085E-01
  0.00000E+00   3.21592E+01   3.43591E-01
  0.00000E+00   3.22262E+01   3.14396E-01
  0.00000E+00   3.23400E+01   2.99885E-01
  0.00000E+00   3.25017E+01   2.76197E-01
  0.00000E+00   3.26315E+01   2.42435E-01
  0.00000E+00   3.26501E+01   2.20249E-01
  0.00000E+00   3.25241E+01   1.97748E-01
  0.00000E+00   3.22529E+01   1.77159E-01
  0.00000E+00   3.18429E+01   1.42652E-01
  0.00000E+00   3.13008E+01   9.60217E-02
  0.00000E+00   3.07412E+01   6.87730E-02
  0.00000E+00   3.02794E+01   9.92458E-02
  0.00000E+00   2.99659E+01   1.68215E-01
  0.00000E+00   2.98286E+01   2.25863E-01
  0.00000E+00   2.98313E+01   2.66406E-01
  0.00000E+00   2.99071E+01   2.98297E-01
  0.00000E+00   3.00884E+01   3.18181E-01
  0.00000E+00   3.03276E+01   3.63688E-01
  0.00000E+00   3.05587E+01   4.39039E-01
  0.00000E+00   3.07813E+01   5.23940E-01
  0.00000E+00   3.09575E+01   5.90599E-01
  0.00000E+00   3.10444E+01   6.29667E-01
  0.00000E+00   3.09770E+01   6.47819E-01
  0.00000E+00   3.07982E+01   6.70695E-01
  0.00000E+00   3.05573E+01   6.85274E-01
  0.00000E+00   3.02985E+01   7.00146E-01
  0.00000E+00   3.00343E+01   7.12401E-01
  0.00000E+00   2.97264E+01   7.16665E-01
  0.00000E+00   2.92900E+01   7.02175E-01
  0.00000E+00   2.87293E+01   6.76170E-01
  0.00000E+00   2.81151E+01   6.31703E-01
  0.00000E+00   2.74810E+01   5.90471E-01
  0.00000E+00   2.68267E+01   5.57886E-01
  0.00000E+00   2.61995E+01   5.32707E-01
  0.00000E+00   2.56311E+01   5.27279E-01
  0.00000E+00   2.51242E+01   5.26757E-01
  0.00000E+00   2.46755E+01   5.18382E-01
  0.00000E+00   2.42892E+01   4.96291E-01
  0.00000E+00   2.39947E+01   4.57611E-01
  0.00000E+00   2.37868E+01   4.03138E-01
  0.00000E+00   2.36482E+01   3.37654E-01
  0.00000E+00   2.35682E+01   2.69899E-01
  0.00000E+00   2.35186E+01   2.17956E-01
  0.00000E+00   2.34617E+01   1.96142E-01
  0.00000E+00   2.34044E+01   2.08639E-01
  0.00000E+00   2.33691E+01   2.34051E-01
  0.00000E+00   2.33560E+01   2.61242E-01
  0.00000E+00   2.33382E+01   2.79860E-01
  0.00000E+00   2.33196E+01   2.94064E-01
  0.00000E+00   2.33232E+01   2.82077E-01
  0.00000E+00   2.33432E+01   2.35412E-01
  0.00000E+00   2.33655E+01   1.81432E-01
  0.00000E+00   2.34021E+01   1.33208E-01
  0.00000E+00   2.34662E+01   9.56942E-02
  0.00000E+00   2.35432E+01   8.03282E-02
  0.00000E+00   2.36205E+01   8.27176E-02
  0.00000E+00   2.37052E+01   9.66554E-02
  0.00000E+00   2.38034E+01   1.18575E-01
  0.00000E+00   2.39380E+01   1.52196E-01
  0.00000E+00   2.41214E+01   1.99281E-01
  0.00000E+00   2.43584E+01   2.50124E-01
  0.00000E+00   2.46558E+01   2.95963E-01
  0.00000E+00   2.49800E+01   3.31698E-01
  0.00000E+00   2.52800E+01   3.59985E-01
  0.00000E+00   2.55073E+01   3.71839E-01
  0.00000E+00   2.56669E+01   3.63669E-01
  0.00000E+00   2.58098E+01   3.34313E-01
  0.00000E+00   2.59879E+01   3.05820E-01
  0.00000E+00   2.61795E+01   2.91763E-01
  0.00000E+00   2.63390E+01   2.82333E-01
  0.00000E+00   2.64599E+01   2.69562E-01
  0.00000E+00   2.65844E+01   2.61060E-01
  0.00000E+00   2.67618E+01   2.26207E-01
  0.00000E+00   2.69842E+01   1.80031E-01
  0.00000E+00   2.72779E+01   1.54293E-01
  0.00000E+00   2.76659E+01   1.42071E-01
  0.00000E+00   2.80724E+01   1.49238E-01
  0.00000E+00   2.85165E+01   1.93502E-01
  0.00000E+00   2.88170E+01   2.21454E-01
  0.00000E+00   2.88620E+01   1.93775E-01
  0.00000E+00   2.87259E+01   1.40878E-01
  0.00000E+00   2.84977E+01   9.61717E-02
  0.00000E+00   2.82371E+01   7.68499E-02
  0.00000E+00   2.79691E+01   8.42807E-02
  0.00000E+00   2.76669E+01   1.08498E-01
  0.00000E+00   2.72597E+01   1.38046E-01
  0.00000E+00   2.67781E+01   1.40276E-01
  0.00000E+00   2.62071E+01   1.11198E-01
  0.00000E+00   2.55157E+01   1.05700E-01
  0.00000E+00   2.48159E+01   9.92313E-02
  0.00000E+00   2.42196E+01   9.97539E-02
  0.00000E+00   2.35422E+01   1.04289E-01
  0.00000E+00   2.28489E+01   1.21223E-01
  0.00000E+00   2.22279E+01   1.27994E-01
  0.00000E+00   2.16987E+01   9.75978E-02
  0.00000E+00   2.12593E+01   8.25810E-02
  0.00000E+00   2.10060E+01   1.09232E-01
  0.00000E+00   2.08710E+01   1.48829E-01
  0.00000E+00   2.07987E+01   1.60960E-01
  0.00000E+00   2.07805E+01   1.54054E-01
  0.00000E+00   2.08383E+01   1.43146E-01
  0.00000E+00   2.09083E+01   1.33218E-01
  0.00000E+00   2.09677E+01   1.27943E-01
  0.00000E+00   2.10437E+01   1.25064E-01
  0.00000E+00   2.11332E+01   1.15661E-01
  0.00000E+00   2.12269E+01   9.80091E-02
  0.00000E+00   2.13023E+01   6.51460E-02
  0.00000E+00   2.13602E+01   1.96498E-02
  0.00000E+00   2.13742E+01  -2.42447E-02
  0.00000E+00   2.13226E+01  -5.29071E-02
  0.00000E+00   2.12235E+01  -5.38981E-02
  0.00000E+00   2.11064E+01  -3.31188E-02
  0.00000E+00   2.10042E+01  -8.71129E-03
  0.00000E+00   2.09145E+01   2.49310E-03
  0.00000E+00   2.08163E+01   1.04759E-02
  0.00000E+00   2.07182E+01   1.17055E-02
  0.00000E+00   2.06208E+01   7.80386E-03
  0.00000E+00   2.05410E+01   6.23820E-03
  0.00000E+00   2.05064E+01   6.07680E-03
  0.00000E+00   2.05323E+01  -6.19731E-03
  0.00000E+00   2.05922E+01  -3.29500E-02
  0.00000E+00   2.06694E+01  -5.86425E-02
  0.00000E+00   2.07358E+01  -7.73844E-02
  0.00000E+00   2.07814E+01  -8.70431E-02
  0.00000E+00   2.08165E+01  -8.78505E-02
  0.00000E+00   2.08581E+01  -9.26650E-02
  0.00000E+00   2.09140E+01  -1.18613E-01
  0.00000E+00   2.09839E+01  -1.59646E-01
  0.00000E+00   2.10648E+01  -2.03573E-01
  0.00000E+00   2.11473E+01  -2.38424E-01
  0.00000E+00   2.12044E+01  -2.53282E-01
  0.00000E+00   2.12084E+01  -2.50108E-01
  0.00000E+00   2.11530E+01  -2.37285E-01
  0.00000E+00   2.10327E+01  -2.19636E-01
  0.00000E+00   2.08570E+01  -2.00203E-01
  0.00000E+00   2.06476E+01  -1.82575E-01
  0.00000E+00   2.04180E+01  -1.69637E-01
  0.00000E+00   2.01700E+01  -1.66872E-01
  0.00000E+00   1.98979E+01  -1.64431E-01
  0.00000E+00   1.95913E+01  -1.69345E-01
  0.00000E+00   1.92723E+01  -1.91124E-01
  0.00000E+00   1.89750E+01  -2.16274E-01
  0.00000E+00   1.87100E+01  -2.30188E-01
  0.00000E+00   1.84724E+01  -2.29286E-01
  0.00000E+00   1.82559E+01  -2.09444E-01
  0.00000E+00   1.80571E+01  -1.67130E-01
  0.00000E+00   1.78804E+01  -1.09030E-01
  0.00000E+00   1.77372E+01  -4.60856E-02
  0.00000E+00   1.76310E+01   1.85168E-02
  0.00000E+00   1.75744E+01   8.42173E-02
  0.00000E+00   1.75775E+01   1.45587E-01
  0.00000E+00   1.76227E+01   1.95251E-01
  0.00000E+00   1.76747E+01   2.37941E-01
  0.00000E+00   1.77106E+01   2.65404E-01
  0.00000E+00   1.77208E+01   2.62863E-01
  0.00000E+00   1.77014E+01   2.34251E-01
  0.00000E+00   1.76482E+01   1.87286E-01
  0.00000E+00   1.75477E+01   1.21582E-01
  0.00000E+00   1.74187E+01   4.40050E-02
  0.00000E+00   1.73041E+01  -3.30191E-02
  0.00000E+00   1.72240E+01  -1.03128E-01
  0.00000E+00   1.71708E+01  -1.57045E-01
  0.00000E+00   1.71343E+01  -1.91104E-01
  0.00000E+00   1.71032E+01  -2.16593E-01
  0.00000E+00   1.70770E+01  -2.40621E-01
  0.00000E+00   1.70657E+01  -2.56923E-01
  0.00000E+00   1.70790E+01  -2.59561E-01
  0.00000E+00   1.71163E+01  -2.48257E-01
  0.00000E+00   1.71607E+01  -2.24181E-01
  0.00000E+00   1.71908E+01  -1.90158E-01
  0.00000E+00   1.71995E+01  -1.57168E-01
  0.00000E+00   1.72022E+01  -1.39153E-01
  0.00000E+00   1.72242E+01  -1.28321E-01
  0.00000E+00   1.72715E+01  -1.06022E-01
  0.00000E+00   1.73342E+01  -6.97874E-02
  0.00000E+00   1.74023E+01  -2.90882E-02
  0.00000E+00   1.74725E+01   1.11553E-02
  0.00000E+00   1.75410E+01   5.05411E-02
  0.00000E+00   1.76014E+01   8.72468E-02
  0.00000E+00   1.76446E+01   1.22005E-01
  0.00000E+00   1.76553E+01   1.47383E-01
  0.00000E+00   1.76272E+01   1.54278E-01
  0.00000E+00   1.75630E+01   1.35844E-01
  0.00000E+00   1.74652E+01   1.00681E-01
  0.00000E+00   1.73329E+01   6.81062E-02
  0.00000E+00   1.71674E+01   5.43850E-02
  0.00000E+00   1.69779E+01   6.00176E-02
  0.00000E+00   1.67896E+01   7.81038E-02
  0.00000E+00   1.66253E+01   1.01915E-01
  0.00000E+00   1.64933E+01   1.24402E-01
  0.00000E+00   1.64118E+01   1.36311E-01
  0.00000E+00   1.63825E+01   1.35316E-01
  0.00000E+00   1.63859E+01   1.32396E-01
  0.00000E+00   1.64188E+01   1.33130E-01
  0.00000E+00   1.64887E+01   1.32468E-01
  0.00000E+00   1.65902E+01   1.30052E-01
  0.00000E+00   1.67080E+01   1.26604E-01
  0.00000E+00   1.68248E+01   1.22035E-01
  0.00000E+00   1.69352E+01   1.20349E-01
  0.00000E+00   1.70470E+01   1.27942E-01
  0.00000E+00   1.71557E+01   1.47917E-01
  0.00000E+00   1.72534E+01   1.78031E-01
  0.00000E+00   1.73422E+01   2.15397E-01
  0.00000E+00   1.74266E+01   2.53043E-01
  0.00000E+00   1.75096E+01   2.81141E-01
  0.00000E+00   1.75954E+01   2.92083E-01
  0.00000E+00   1.76852E+01   2.82984E-01
  0.00000E+00   1.77819E+01   2.64443E-01
  0.00000E+00   1.79069E+01   2.49129E-01
  0.00000E+00   1.80928E+01   2.40266E-01
