  0.00000E+00   5.38489E-03   4.26694E-05
  0.00000E+00   4.61065E-03   7.91234E-05
  0.00000E+00   3.75125E-03  -1.05624E-04
  0.00000E+00   3.17974E-03  -5.56298E-05
  0.00000E+00   2.88166E-03  -5.12973E-05
  0.00000E+00   2.82283E-03  -4.03305E-05
  0.00000E+00   3.03984E-03  -6.11960E-06
  0.00000E+00   3.22467E-03  -2.70330E-05
  0.00000E+00   3.46892E-03  -2.08722E-05
  0.00000E+00   3.81959E-03  -4.82248E-05
  0.00000E+00   4.33661E-03  -7.48620E-05
  0.00000E+00   5.16971E-03  -9.38952E-05
  0.00000E+00   6.28384E-03  -1.10923E-04
  0.00000E+00   7.43481E-03  -1.25291E-04
  0.00000E+00   8.76394E-03  -1.49739E-04
  0.00000E+00   1.03398E-02  -1.74250E-04
  0.00000E+00   1.24200E-02  -1.90981E-04
  0.00000E+00   1.50049E-02  -2.23801E-04
  0.00000E+00   1.82784E-02  -2.80961E-04
  0.00000E+00   2.24250E-02  -3.81746E-04
  0.00000E+00   2.75851E-02  -4.61060E-04
  0.00000E+00   3.39596E-02  -5.40034E-04
  0.00000E+00   4.19078E-02  -6.32839E-04
  0.00000E+00   5.18768E-02  -7.50398E-04
  0.00000E+00   6.43275E-02  -9.15154E-04
  0.00000E+00   7.98901E-02  -1.13622E-03
  0.00000E+00   9.94273E-02  -1.41578E-03
  0.00000E+00   1.23925E-01  -1.76133E-03
  0.00000E+00   1.54676E-01  -2.15245E-03
  0.00000E+00   1.93278E-01  -2.59350E-03
  0.00000E+00   2.41752E-01  -3.11004E-03
  0.00000E+00   3.02736E-01  -3.72502E-03
  0.00000E+00   3.79526E-01  -4.47226E-03
  0.00000E+00   4.76186E-01  -5.37682E-03
  0.00000E+00   5.97864E-01  -6.45370E-03
  0.00000E+00   7.51022E-01  -7.71696E-03
  0.00000E+00   9.43723E-01  -9.17992E-03
  0.00000E+00   1.18605E+00  -1.08611E-02
  0.00000E+00   1.49048E+00  -1.27731E-02
  0.00000E+00   1.87247E+00  -1.49143E-02
  0.00000E+00   2.35101E+00  -1.72890E-02
  0.00000E+00   2.94938E+00  -1.99235E-02
  0.00000E+00   3.69588E+00  -2.28575E-02
  0.00000E+00   4.62460E+00  -2.61212E-02
  0.00000E+00   5.77611E+00  -2.97098E-02
  0.00000E+00   7.19840E+00  -3.35804E-02
  0.00000E+00   8.94761E+00  -3.76465E-02
  0.00000E+00   1.10884E+01  -4.17715E-02
  0.00000E+00   1.36943E+01  -4.57319E-02
  0.00000E+00   1.68466E+01  -4.90668E-02
  0.00000E+00   2.06327E+01  -5.06751E-02
  0.00000E+00   2.51407E+01  -4.80748E-02
  0.00000E+00   3.04500E+01  -3.65991E-02
  0.00000E+00   3.66118E+01  -9.41823E-03
  0.00000E+00   4.36064E+01   4.03665E-02
  0.00000E+00   5.12439E+01   1.14805E-01
  0.00000E+00   5.89163E+01   2.00433E-01
  0.00000E+00   6.49999E+01   2.52882E-01
  0.00000E+00   6.59082E+01   1.85159E-01
  0.00000E+00   5.79409E+01  -7.27250E-02
  0.00000E+00   4.51991E+01  -2.36808E-01
  0.00000E+00   3.37937E+01  -1.18724E-01
  0.00000E+00   2.66142E+01   1.41016E-01
  0.00000E+00   2.41866E+01   1.71840E-01
  0.00000E+00   2.34796E+01   2.24299E-01
  0.00000E+00   2.24433E+01   1.94458E-01
  0.00000E+00   2.10867E+01   6.82148E-02
  0.00000E+00   2.01375E+01  -4.77897E-03
  0.00000E+00   1.99678E+01  -5.48459E-03
  0.00000E+00   2.01440E+01   2.22495E-02
  0.00000E+00   2.03163E+01   2.68274E-03
  0.00000E+00   2.03279E+01  -4.20770E-02
  0.00000E+00   2.00769E+01  -1.36636E-01
  0.00000E+00   1.96418E+01  -2.32314E-01
  0.00000E+00   1.92199E+01  -2.88087E-01
  0.00000E+00   1.90877E+01  -2.81063E-01
  0.00000E+00   1.93343E+01  -2.74109E-01
  0.00000E+00   1.97221E+01  -2.72287E-01
  0.00000E+00   2.00416E+01  -2.47970E-01
  0.00000E+00   2.03105E+01  -2.27526E-01
  0.00000E+00   2.06464E+01  -2.05384E-01
  0.00000E+00   2.11505E+01  -1.68548E-01
  0.00000E+00   2.18214E+01  -1.39311E-01
  0.00000E+00   2.25800E+01  -1.20466E-01
  0.00000E+00   2.34204E+01  -1.27158E-01
  0.00000E+00   2.43315E+01  -1.29412E-01
  0.00000E+00   2.53700E+01  -1.26945E-01
  0.00000E+00   2.65529E+01  -1.03995E-01
  0.00000E+00   2.78305E+01  -1.21272E-01
  0.00000E+00   2.90985E+01  -1.87721E-01
  0.00000E+00   3.02451E+01  -2.55914E-01
  0.00000E+00   3.11481E+01  -3.11194E-01
  0.00000E+00   3.17149E+01  -3.60833E-01
  0.00000E+00   3.19995E+01  -3.99745E-01
  0.00000E+00   3.22226E+01  -4.56938E-01
  0.00000E+00   3.27115E+01  -5.24675E-01
  0.00000E+00   3.36207E+01  -5.71907E-01
  0.00000E+00   3.47478E+01  -5.89876E-01
  0.00000E+00   3.57199E+01  -5.68051E-01
  0.00000E+00   3.62578E+01  -5.31071E-01
  0.00000E+00   3.63379E+01  -4.77076E-01
  0.00000E+00   3.60678E+01  -4.20106E-01
  0.00000E+00   3.55926E+01  -4.02654E-01
  0.00000E+00   3.51375E+01  -4.35002E-01
  0.00000E+00   3.47680E+01  -4.66489E-01
  0.00000E+00   3.45860E+01  -4.79787E-01
  0.00000E+00   3.45010E+01  -4.74029E-01
  0.00000E+00   3.43935E+01  -4.64632E-01
  0.00000E+00   3.42342E+01  -4.65523E-01
  0.00000E+00   3.41010E+01  -4.90969E-01
  0.00000E+00   3.43515E+01  -5.22237E-01
  0.00000E+00   3.51907E+01  -4.97372E-01
  0.00000E+00   3.64972E+01  -4.35488E-01
  0.00000E+00   3.81291E+01  -3.73242E-01
  0.00000E+00   3.99102E+01  -3.17386E-01
  0.00000E+00   4.16383E+01  -3.11757E-01
  0.00000E+00   4.30286E+01  -3.22270E-01
  0.00000E+00   4.37717E+01  -2.81935E-01
  0.00000E+00   4.39453E+01  -1.54767E-01
  0.00000E+00   4.41020E+01   8.18826E-02
  0.00000E+00   4.48037E+01   3.39233E-01
  0.00000E+00   4.61703E+01   5.58759E-01
  0.00000E+00   4.80076E+01   7.62024E-01
  0.00000E+00   4.99692E+01   9.75439E-01
  0.00000E+00   5.16338E+01   1.14817E+00
  0.00000E+00   5.27901E+01   1.31502E+00
  0.00000E+00   5.32379E+01   1.46460E+00
  0.00000E+00   5.27141E+01   1.54232E+00
  0.00000E+00   5.14082E+01   1.54507E+00
  0.00000E+00   4.99643E+01   1.55700E+00
  0.00000E+00   4.83147E+01   1.61810E+00
  0.00000E+00   4.64501E+01   1.66139E+00
  0.00000E+00   4.47841E+01   1.61241E+00
  0.00000E+00   4.34975E+01   1.50481E+00
  0.00000E+00   4.26364E+01   1.35770E+00
  0.00000E+00   4.18240E+01   1.18592E+00
  0.00000E+00   4.09863E+01   1.07769E+00
  0.00000E+00   3.97768E+01   1.00015E+00
  0.00000E+00   3.83583E+01   8.73438E-01
  0.00000E+00   3.70399E+01   7.01793E-01
  0.00000E+00   3.64183E+01   4.86065E-01
  0.00000E+00   3.66684E+01   3.66134E-01
  0.00000E+00   3.74500E+01   2.34426E-01
  0.00000E+00   3.82826E+01   9.52194E-02
  0.00000E+00   3.89579E+01  -8.69767E-03
  0.00000E+00   3.95256E+01  -1.10178E-01
  0.00000E+00   4.02454E+01  -1.65373E-01
  0.00000E+00   4.08322E+01  -2.10378E-01
  0.00000E+00   4.10915E+01  -2.68877E-01
  0.00000E+00   4.09061E+01  -2.89105E-01
  0.00000E+00   4.05284E+01  -2.30003E-01
  0.00000E+00   4.04173E+01  -1.92375E-01
  0.00000E+00   4.06957E+01  -1.83697E-01
  0.00000E+00   4.13280E+01  -1.69259E-01
  0.00000E+00   4.23386E+01  -1.38339E-01
  0.00000E+00   4.35662E+01  -7.06978E-02
  0.00000E+00   4.47910E+01   3.56283E-02
  0.00000E+00   4.59773E+01   1.35388E-01
  0.00000E+00   4.70057E+01   2.18788E-01
  0.00000E+00   4.79113E+01   2.89928E-01
  0.00000E+00   4.86621E+01   3.17825E-01
  0.00000E+00   4.91876E+01   2.79851E-01
  0.00000E+00   4.95596E+01   2.33517E-01
  0.00000E+00   4.99243E+01   1.55190E-01
  0.00000E+00   5.02531E+01   1.19949E-01
  0.00000E+00   5.04981E+01   9.15189E-02
  0.00000E+00   5.06960E+01   7.37328E-02
  0.00000E+00   5.11070E+01   6.56190E-02
  0.00000E+00   5.17762E+01   8.01379E-02
  0.00000E+00   5.24774E+01   6.23304E-02
  0.00000E+00   5.34575E+01   2.22356E-02
  0.00000E+00   5.47178E+01  -4.24436E-02
  0.00000E+00   5.61201E+01  -1.29763E-01
  0.00000E+00   5.76280E+01  -1.54233E-01
  0.00000E+00   5.91238E+01  -8.60968E-02
  0.00000E+00   6.04815E+01  -3.61149E-02
  0.00000E+00   6.13844E+01  -1.58474E-02
  0.00000E+00   6.18428E+01  -1.95731E-02
  0.00000E+00   6.19128E+01   8.54024E-03
  0.00000E+00   6.17375E+01   7.80357E-02
  0.00000E+00   6.12444E+01   2.43016E-01
  0.00000E+00   6.05610E+01   3.98159E-01
  0.00000E+00   5.95997E+01   4.95527E-01
  0.00000E+00   5.84987E+01   5.46694E-01
  0.00000E+00   5.77312E+01   6.03062E-01
  0.00000E+00   5.75489E+01   6.12565E-01
  0.00000E+00   5.76686E+01   6.31336E-01
  0.00000E+00   5.74140E+01   6.74951E-01
  0.00000E+00   5.65568E+01   6.94791E-01
  0.00000E+00   5.58452E+01   7.11653E-01
  0.00000E+00   5.58696E+01   7.38169E-01
  0.00000E+00   5.66325E+01   7.56047E-01
  0.00000E+00   5.79382E+01   7.68824E-01
  0.00000E+00   5.94059E+01   8.22233E-01
  0.00000E+00   6.04058E+01   8.15577E-01
  0.00000E+00   6.08824E+01   7.78303E-01
  0.00000E+00   6.09522E+01   8.50007E-01
  0.00000E+00   6.08175E+01   8.06090E-01
  0.00000E+00   6.04787E+01   7.67443E-01
  0.00000E+00   6.00702E+01   7.01233E-01
  0.00000E+00   5.97433E+01   5.77526E-01
  0.00000E+00   5.95748E+01   4.40513E-01
  0.00000E+00   5.95358E+01   3.27751E-01
  0.00000E+00   5.95798E+01   2.44254E-01
  0.00000E+00   6.00607E+01   2.75646E-01
  0.00000E+00   6.08058E+01   2.90965E-01
  0.00000E+00   6.14952E+01   2.40886E-01
  0.00000E+00   6.21063E+01   1.75933E-01
  0.00000E+00   6.28107E+01   5.65423E-02
  0.00000E+00   6.36885E+01  -5.30992E-03
  0.00000E+00   6.44758E+01  -2.39691E-02
  0.00000E+00   6.47614E+01   2.87966E-02
  0.00000E+00   6.45879E+01   1.73025E-02
  0.00000E+00   6.41397E+01   5.56062E-02
  0.00000E+00   6.38849E+01   1.70852E-01
  0.00000E+00   6.43460E+01   2.14700E-01
  0.00000E+00   6.55449E+01   2.68378E-01
  0.00000E+00   6.72989E+01   2.89511E-01
  0.00000E+00   6.92185E+01   2.39523E-01
  0.00000E+00   7.10284E+01   2.66394E-01
  0.00000E+00   7.26981E+01   2.02348E-01
  0.00000E+00   7.45198E+01   8.52546E-02
  0.00000E+00   7.64553E+01  -3.05717E-02
  0.00000E+00   7.83629E+01  -1.88115E-01
  0.00000E+00   8.02457E+01  -3.49655E-01
  0.00000E+00   8.18268E+01  -5.37109E-01
  0.00000E+00   8.30308E+01  -6.84703E-01
  0.00000E+00   8.36256E+01  -8.13484E-01
  0.00000E+00   8.31306E+01  -8.90173E-01
  0.00000E+00   8.15679E+01  -8.69965E-01
  0.00000E+00   7.93207E+01  -8.22830E-01
  0.00000E+00   7.74182E+01  -8.30339E-01
  0.00000E+00   7.59422E+01  -9.09221E-01
  0.00000E+00   7.41065E+01  -9.39694E-01
  0.00000E+00   7.22077E+01  -9.23988E-01
  0.00000E+00   7.01622E+01  -8.46898E-01
  0.00000E+00   6.80221E+01  -7.25762E-01
  0.00000E+00   6.61215E+01  -7.03636E-01
  0.00000E+00   6.44637E+01  -6.50020E-01
  0.00000E+00   6.32594E+01  -5.97506E-01
  0.00000E+00   6.25224E+01  -6.04349E-01
  0.00000E+00   6.23306E+01  -5.72205E-01
  0.00000E+00   6.23296E+01  -5.81905E-01
  0.00000E+00   6.17332E+01  -5.23792E-01
  0.00000E+00   6.03063E+01  -3.97757E-01
  0.00000E+00   5.85283E+01  -3.56112E-01
  0.00000E+00   5.71895E+01  -4.09821E-01
  0.00000E+00   5.64956E+01  -4.56821E-01
  0.00000E+00   5.63961E+01  -4.61045E-01
  0.00000E+00   5.67342E+01  -5.26978E-01
  0.00000E+00   5.69249E+01  -5.26166E-01
  0.00000E+00   5.66524E+01  -4.76024E-01
  0.00000E+00   5.59847E+01  -4.64703E-01
  0.00000E+00   5.54148E+01  -4.10266E-01
  0.00000E+00   5.52543E+01  -3.13859E-01
  0.00000E+00   5.57723E+01  -2.51978E-01
  0.00000E+00   5.67460E+01  -2.74202E-01
  0.00000E+00   5.78194E+01  -2.99572E-01
  0.00000E+00   5.85611E+01  -3.52061E-01
  0.00000E+00   5.87572E+01  -4.40813E-01
  0.00000E+00   5.84952E+01  -4.98342E-01
  0.00000E+00   5.82337E+01  -6.02748E-01
  0.00000E+00   5.81254E+01  -6.87651E-01
  0.00000E+00   5.82467E+01  -7.23281E-01
  0.00000E+00   5.87044E+01  -7.11818E-01
  0.00000E+00   5.94293E+01  -7.23910E-01
  0.00000E+00   6.04694E+01  -7.38008E-01
  0.00000E+00   6.14248E+01  -7.93052E-01
  0.00000E+00   6.18154E+01  -8.28016E-01
  0.00000E+00   6.18238E+01  -8.88836E-01
  0.00000E+00   6.15760E+01  -9.19906E-01
  0.00000E+00   6.10700E+01  -8.79047E-01
  0.00000E+00   6.07865E+01  -8.79079E-01
  0.00000E+00   6.11834E+01  -9.21087E-01
  0.00000E+00   6.20213E+01  -9.12490E-01
  0.00000E+00   6.28962E+01  -8.01661E-01
  0.00000E+00   6.34152E+01  -7.24899E-01
  0.00000E+00   6.33904E+01  -7.15567E-01
  0.00000E+00   6.25545E+01  -6.81150E-01
  0.00000E+00   6.12513E+01  -6.41345E-01
  0.00000E+00   6.00301E+01  -6.76636E-01
  0.00000E+00   5.90865E+01  -7.76726E-01
  0.00000E+00   5.83357E+01  -8.72943E-01
  0.00000E+00   5.76334E+01  -9.67324E-01
  0.00000E+00   5.65131E+01  -1.09689E+00
  0.00000E+00   5.53540E+01  -1.24655E+00
  0.00000E+00   5.45559E+01  -1.34591E+00
  0.00000E+00   5.43920E+01  -1.40629E+00
  0.00000E+00   5.47578E+01  -1.50337E+00
  0.00000E+00   5.54276E+01  -1.65577E+00
  0.00000E+00   5.60916E+01  -1.81195E+00
  0.00000E+00   5.66471E+01  -1.91109E+00
  0.00000E+00   5.72353E+01  -1.99455E+00
  0.00000E+00   5.76620E+01  -2.11052E+00
  0.00000E+00   5.79322E+01  -2.18838E+00
  0.00000E+00   5.83292E+01  -2.30226E+00
  0.00000E+00   5.88526E+01  -2.45645E+00
  0.00000E+00   5.93247E+01  -2.65368E+00
  0.00000E+00   5.97068E+01  -2.83736E+00
  0.00000E+00   6.00765E+01  -3.02780E+00
  0.00000E+00   6.03914E+01  -3.24014E+00
  0.00000E+00   6.06251E+01  -3.45264E+00
  0.00000E+00   6.06051E+01  -3.60763E+00
  0.00000E+00   6.03899E+01  -3.72557E+00
  0.00000E+00   6.01867E+01  -3.84004E+00
  0.00000E+00   6.03888E+01  -4.01920E+00
  0.00000E+00   6.10505E+01  -4.19167E+00
  0.00000E+00   6.21260E+01  -4.35263E+00
  0.00000E+00   6.30265E+01  -4.46068E+00
  0.00000E+00   6.35943E+01  -4.48819E+00
  0.00000E+00   6.40043E+01  -4.49220E+00
  0.00000E+00   6.45847E+01  -4.53793E+00
  0.00000E+00   6.56048E+01  -4.63378E+00
  0.00000E+00   6.69696E+01  -4.70038E+00
  0.00000E+00   6.83942E+01  -4.73592E+00
  0.00000E+00   6.97370E+01  -4.80492E+00
  0.00000E+00   7.08530E+01  -4.89393E+00
  0.00000E+00   7.16027E+01  -4.92585E+00
  0.00000E+00   7.19721E+01  -4.90867E+00
  0.00000E+00   7.17793E+01  -4.97802E+00
  0.00000E+00   7.11540E+01  -5.14543E+00
  0.00000E+00   7.01661E+01  -5.29865E+00
  0.00000E+00   6.88542E+01  -5.41422E+00
  0.00000E+00   6.74677E+01  -5.46106E+00
  0.00000E+00   6.63746E+01  -5.51442E+00
  0.00000E+00   6.58541E+01  -5.54878E+00
  0.00000E+00   6.57174E+01  -5.39783E+00
  0.00000E+00   6.57831E+01  -5.14081E+00
  0.00000E+00   6.59293E+01  -4.96663E+00
  0.00000E+00   6.63588E+01  -4.84416E+00
  0.00000E+00   6.68577E+01  -4.78593E+00
  0.00000E+00   6.72097E+01  -4.77254E+00
  0.00000E+00   6.72130E+01  -4.84832E+00
  0.00000E+00   6.69877E+01  -4.94807E+00
  0.00000E+00   6.69098E+01  -5.10113E+00
  0.00000E+00   6.72651E+01  -5.28093E+00
  0.00000E+00   6.78580E+01  -5.52560E+00
  0.00000E+00   6.84404E+01  -5.72419E+00
  0.00000E+00   6.87430E+01  -5.91754E+00
  0.00000E+00   6.85729E+01  -5.96303E+00
  0.00000E+00   6.77401E+01  -5.92644E+00
  0.00000E+00   6.67470E+01  -5.85708E+00
  0.00000E+00   6.60777E+01  -5.77695E+00
  0.00000E+00   6.58516E+01  -5.66425E+00
  0.00000E+00   6.58499E+01  -5.62604E+00
  0.00000E+00   6.57911E+01  -5.58065E+00
  0.00000E+00   6.51453E+01  -5.53871E+00
  0.00000E+00   6.38655E+01  -5.41548E+00
  0.00000E+00   6.26528E+01  -5.33062E+00
  0.00000E+00   6.19272E+01  -5.31467E+00
  0.00000E+00   6.23790E+01  -5.18715E+00
  0.00000E+00   6.34013E+01  -5.03066E+00
  0.00000E+00   6.39702E+01  -4.85619E+00
  0.00000E+00   6.40778E+01  -4.68384E+00
  0.00000E+00   6.37976E+01  -4.43230E+00
  0.00000E+00   6.32844E+01  -4.10897E+00
  0.00000E+00   6.27994E+01  -3.83493E+00
  0.00000E+00   6.20821E+01  -3.54079E+00
  0.00000E+00   6.14855E+01  -3.24027E+00
  0.00000E+00   6.15131E+01  -2.97465E+00
  0.00000E+00   6.20810E+01  -2.75455E+00
  0.00000E+00   6.31076E+01  -2.47261E+00
  0.00000E+00   6.43334E+01  -2.30582E+00
  0.00000E+00   6.54996E+01  -2.18023E+00
  0.00000E+00   6.62658E+01  -2.16793E+00
  0.00000E+00   6.68296E+01  -2.12328E+00
  0.00000E+00   6.71308E+01  -2.16049E+00
  0.00000E+00   6.71362E+01  -2.29949E+00
  0.00000E+00   6.67628E+01  -2.46279E+00
  0.00000E+00   6.61209E+01  -2.64555E+00
  0.00000E+00   6.56836E+01  -2.77402E+00
  0.00000E+00   6.57375E+01  -2.83021E+00
  0.00000E+00   6.62734E+01  -2.74000E+00
  0.00000E+00   6.67767E+01  -2.61032E+00
  0.00000E+00   6.71744E+01  -2.49771E+00
  0.00000E+00   6.74361E+01  -2.45502E+00
  0.00000E+00   6.75966E+01  -2.42875E+00
  0.00000E+00   6.73463E+01  -2.36516E+00
  0.00000E+00   6.66900E+01  -2.36091E+00
  0.00000E+00   6.58507E+01  -2.39302E+00
  0.00000E+00   6.52569E+01  -2.41092E+00
  0.00000E+00   6.52074E+01  -2.40687E+00
  0.00000E+00   6.55100E+01  -2.31636E+00
  0.00000E+00   6.57027E+01  -2.28440E+00
  0.00000E+00   6.54879E+01  -2.24848E+00
  0.00000E+00   6.51523E+01  -2.24342E+00
  0.00000E+00   6.48501E+01  -2.18814E+00
  0.00000E+00   6.44969E+01  -2.10994E+00
  0.00000E+00   6.44686E+01  -2.01100E+00
  0.00000E+00   6.50186E+01  -1.81075E+00
  0.00000E+00   6.59024E+01  -1.62540E+00
  0.00000E+00   6.66073E+01  -1.41659E+00
  0.00000E+00   6.68368E+01  -1.30451E+00
  0.00000E+00   6.69409E+01  -1.22706E+00
  0.00000E+00   6.72711E+01  -1.13495E+00
  0.00000E+00   6.77198E+01  -1.13776E+00
  0.00000E+00   6.80652E+01  -1.28362E+00
  0.00000E+00   6.83591E+01  -1.45567E+00
  0.00000E+00   6.85807E+01  -1.50420E+00
  0.00000E+00   6.83628E+01  -1.47653E+00
  0.00000E+00   6.78085E+01  -1.35834E+00
  0.00000E+00   6.71874E+01  -1.21295E+00
  0.00000E+00   6.63898E+01  -1.09081E+00
  0.00000E+00   6.57464E+01  -9.50798E-01
  0.00000E+00   6.49352E+01  -8.31490E-01
  0.00000E+00   6.39623E+01  -6.86380E-01
  0.00000E+00   6.29029E+01  -5.69337E-01
  0.00000E+00   6.12477E+01  -5.69959E-01
  0.00000E+00   5.93534E+01  -5.08164E-01
  0.00000E+00   5.75797E+01  -4.10283E-01
  0.00000E+00   5.66008E+01  -2.33465E-01
  0.00000E+00   5.65646E+01  -1.69471E-01
  0.00000E+00   5.71490E+01  -1.48339E-01
  0.00000E+00   5.81760E+01  -1.13222E-01
  0.00000E+00   5.91666E+01  -4.75510E-02
  0.00000E+00   5.97918E+01   1.75003E-02
  0.00000E+00   5.99150E+01   1.01913E-01
  0.00000E+00   5.95501E+01   1.34159E-01
  0.00000E+00   5.92279E+01   1.53875E-01
  0.00000E+00   5.92642E+01   1.03554E-01
  0.00000E+00   5.97034E+01   2.50468E-02
  0.00000E+00   6.04329E+01  -1.14429E-01
  0.00000E+00   6.14405E+01  -2.54880E-01
  0.00000E+00   6.25682E+01  -3.89021E-01
  0.00000E+00   6.37569E+01  -4.69617E-01
  0.00000E+00   6.49837E+01  -5.38924E-01
  0.00000E+00   6.61082E+01  -5.95452E-01
  0.00000E+00   6.70211E+01  -6.83058E-01
  0.00000E+00   6.78253E+01  -8.27742E-01
  0.00000E+00   6.87771E+01  -9.37288E-01
  0.00000E+00   7.00010E+01  -1.01111E+00
  0.00000E+00   7.14444E+01  -1.07467E+00
  0.00000E+00   7.31155E+01  -1.06384E+00
  0.00000E+00   7.46371E+01  -9.45643E-01
  0.00000E+00   7.57415E+01  -7.99083E-01
  0.00000E+00   7.64202E+01  -7.25018E-01
  0.00000E+00   7.64521E+01  -6.28449E-01
  0.00000E+00   7.60102E+01  -6.07917E-01
  0.00000E+00   7.55893E+01  -5.72563E-01
  0.00000E+00   7.55039E+01  -5.61820E-01
  0.00000E+00   7.59075E+01  -5.86002E-01
  0.00000E+00   7.69069E+01  -6.91099E-01
  0.00000E+00   7.85435E+01  -7.91743E-01
  0.00000E+00   8.05495E+01  -8.09539E-01
  0.00000E+00   8.21564E+01  -8.81922E-01
  0.00000E+00   8.30979E+01  -8.92239E-01
  0.00000E+00   8.32822E+01  -8.54012E-01
  0.00000E+00   8.28940E+01  -8.11988E-01
  0.00000E+00   8.20153E+01  -8.49506E-01
  0.00000E+00   8.07979E+01  -8.98753E-01
  0.00000E+00   7.99746E+01  -8.73265E-01
  0.00000E+00   8.00203E+01  -8.40568E-01
  0.00000E+00   8.06669E+01  -7.45219E-01
  0.00000E+00   8.17179E+01  -7.83343E-01
  0.00000E+00   8.25441E+01  -8.57776E-01
  0.00000E+00   8.22948E+01  -9.38779E-01
  0.00000E+00   8.12798E+01  -9.54685E-01
  0.00000E+00   8.03429E+01  -9.82940E-01
  0.00000E+00   8.01107E+01  -1.01519E+00
  0.00000E+00   8.08934E+01  -1.05934E+00
  0.00000E+00   8.23901E+01  -1.11014E+00
  0.00000E+00   8.39835E+01  -1.20544E+00
  0.00000E+00   8.55370E+01  -1.38691E+00
  0.00000E+00   8.65454E+01  -1.44166E+00
  0.00000E+00   8.73355E+01  -1.41858E+00
  0.00000E+00   8.87416E+01  -1.38823E+00
  0.00000E+00   9.07057E+01  -1.42332E+00
  0.00000E+00   9.29288E+01  -1.52646E+00
  0.00000E+00   9.49885E+01  -1.61861E+00
  0.00000E+00   9.63382E+01  -1.66066E+00
  0.00000E+00   9.64490E+01  -1.68998E+00
  0.00000E+00   9.58579E+01  -1.67626E+00
  0.00000E+00   9.51586E+01  -1.46112E+00
  0.00000E+00   9.45557E+01  -1.11153E+00
  0.00000E+00   9.39520E+01  -8.96060E-01
  0.00000E+00   9.33686E+01  -7.23358E-01
  0.00000E+00   9.27983E+01  -4.77200E-01
  0.00000E+00   9.24780E+01  -2.08724E-01
  0.00000E+00   9.23677E+01   1.78817E-01
  0.00000E+00   9.21529E+01   4.02116E-01
  0.00000E+00   9.15808E+01   6.64042E-01
  0.00000E+00   9.07297E+01   1.04338E+00
  0.00000E+00   8.99976E+01   1.37279E+00
  0.00000E+00   8.97015E+01   1.59875E+00
  0.00000E+00   9.02889E+01   1.74382E+00
  0.00000E+00   9.19392E+01   1.78228E+00
  0.00000E+00   9.34594E+01   1.72232E+00
  0.00000E+00   9.42835E+01   1.78724E+00
  0.00000E+00   9.42985E+01   1.85685E+00
  0.00000E+00   9.43598E+01   1.92055E+00
  0.00000E+00   9.46107E+01   2.03873E+00
  0.00000E+00   9.45225E+01   2.01259E+00
  0.00000E+00   9.43277E+01   1.96676E+00
  0.00000E+00   9.39435E+01   1.97056E+00
  0.00000E+00   9.32174E+01   2.01887E+00
  0.00000E+00   9.21950E+01   1.98367E+00
  0.00000E+00   9.13057E+01   1.82489E+00
  0.00000E+00   9.00712E+01   1.68464E+00
  0.00000E+00   8.79839E+01   1.60307E+00
  0.00000E+00   8.50280E+01   1.57529E+00
  0.00000E+00   8.25697E+01   1.63781E+00
  0.00000E+00   8.07932E+01   1.67739E+00
  0.00000E+00   7.96438E+01   1.64249E+00
  0.00000E+00   7.80007E+01   1.49497E+00
  0.00000E+00   7.57652E+01   1.27443E+00
  0.00000E+00   7.36930E+01   1.14403E+00
  0.00000E+00   7.16123E+01   9.65101E-01
  0.00000E+00   6.96257E+01   7.64860E-01
  0.00000E+00   6.78767E+01   4.59414E-01
  0.00000E+00   6.64781E+01   2.97729E-01
  0.00000E+00   6.59907E+01   1.85808E-01
  0.00000E+00   6.53877E+01  -7.62232E-03
  0.00000E+00   6.53642E+01  -1.47657E-01
  0.00000E+00   6.55816E+01  -2.93494E-01
  0.00000E+00   6.61015E+01  -3.72382E-01
  0.00000E+00   6.67951E+01  -3.67990E-01
  0.00000E+00   6.71138E+01  -4.70994E-01
  0.00000E+00   6.72000E+01  -5.69144E-01
  0.00000E+00   6.70502E+01  -6.17450E-01
  0.00000E+00   6.69223E+01  -6.86567E-01
  0.00000E+00   6.70331E+01  -7.56582E-01
  0.00000E+00   6.73841E+01  -8.23854E-01
  0.00000E+00   6.77670E+01  -9.59454E-01
  0.00000E+00   6.81583E+01  -1.13952E+00
  0.00000E+00   6.86714E+01  -1.34835E+00
  0.00000E+00   6.93192E+01  -1.57320E+00
  0.00000E+00   6.98383E+01  -1.82211E+00
  0.00000E+00   7.01943E+01  -2.01446E+00
  0.00000E+00   7.02343E+01  -2.25703E+00
  0.00000E+00   7.00672E+01  -2.50755E+00
  0.00000E+00   6.99872E+01  -2.76911E+00
  0.00000E+00   7.03230E+01  -3.10929E+00
  0.00000E+00   7.10003E+01  -3.39411E+00
  0.00000E+00   7.18753E+01  -3.59234E+00
  0.00000E+00   7.26098E+01  -3.77206E+00
  0.00000E+00   7.28714E+01  -3.96509E+00
  0.00000E+00   7.23770E+01  -4.19492E+00
  0.00000E+00   7.14845E+01  -4.42190E+00
  0.00000E+00   7.03730E+01  -4.64654E+00
  0.00000E+00   6.97937E+01  -4.92783E+00
  0.00000E+00   7.00051E+01  -5.26740E+00
  0.00000E+00   7.04694E+01  -5.53820E+00
  0.00000E+00   7.05894E+01  -5.81084E+00
  0.00000E+00   7.01350E+01  -6.06511E+00
  0.00000E+00   6.93455E+01  -6.28751E+00
  0.00000E+00   6.84764E+01  -6.27411E+00
  0.00000E+00   6.78174E+01  -6.22227E+00
  0.00000E+00   6.74444E+01  -6.07805E+00
  0.00000E+00   6.74874E+01  -6.00329E+00
  0.00000E+00   6.76066E+01  -5.95449E+00
  0.00000E+00   6.74357E+01  -5.84679E+00
  0.00000E+00   6.68509E+01  -5.75373E+00
  0.00000E+00   6.61437E+01  -5.71473E+00
  0.00000E+00   6.54168E+01  -5.74767E+00
  0.00000E+00   6.47534E+01  -5.80806E+00
  0.00000E+00   6.42137E+01  -5.87567E+00
  0.00000E+00   6.39189E+01  -5.90468E+00
  0.00000E+00   6.37296E+01  -5.87062E+00
  0.00000E+00   6.38100E+01  -5.89787E+00
  0.00000E+00   6.42852E+01  -5.82373E+00
  0.00000E+00   6.46980E+01  -5.67038E+00
  0.00000E+00   6.45405E+01  -5.42763E+00
  0.00000E+00   6.39006E+01  -5.15336E+00
  0.00000E+00   6.31503E+01  -4.82626E+00
  0.00000E+00   6.25498E+01  -4.56648E+00
  0.00000E+00   6.24384E+01  -4.32432E+00
  0.00000E+00   6.26782E+01  -4.10306E+00
  0.00000E+00   6.30613E+01  -3.81491E+00
  0.00000E+00   6.32084E+01  -3.46528E+00
  0.00000E+00   6.27630E+01  -3.04377E+00
  0.00000E+00   6.17826E+01  -2.65763E+00
  0.00000E+00   6.03505E+01  -2.30634E+00
  0.00000E+00   5.86137E+01  -1.88741E+00
  0.00000E+00   5.70634E+01  -1.41178E+00
  0.00000E+00   5.58303E+01  -1.03286E+00
  0.00000E+00   5.49392E+01  -7.42396E-01
  0.00000E+00   5.43906E+01  -4.80117E-01
  0.00000E+00   5.40224E+01  -2.59592E-01
  0.00000E+00   5.38215E+01  -3.38539E-02
  0.00000E+00   5.35571E+01   2.02687E-01
  0.00000E+00   5.29196E+01   4.47372E-01
  0.00000E+00   5.16601E+01   7.23977E-01
  0.00000E+00   4.99083E+01   9.39596E-01
  0.00000E+00   4.77951E+01   1.13642E+00
  0.00000E+00   4.59038E+01   1.23958E+00
  0.00000E+00   4.46124E+01   1.37439E+00
  0.00000E+00   4.38873E+01   1.50492E+00
  0.00000E+00   4.34944E+01   1.70356E+00
  0.00000E+00   4.33930E+01   1.89783E+00
  0.00000E+00   4.34649E+01   2.10768E+00
  0.00000E+00   4.35124E+01   2.30920E+00
  0.00000E+00   4.35563E+01   2.48830E+00
  0.00000E+00   4.35120E+01   2.61518E+00
  0.00000E+00   4.33206E+01   2.67186E+00
  0.00000E+00   4.29866E+01   2.67086E+00
  0.00000E+00   4.24277E+01   2.65629E+00
  0.00000E+00   4.19752E+01   2.62476E+00
  0.00000E+00   4.19000E+01   2.57527E+00
  0.00000E+00   4.21773E+01   2.55336E+00
  0.00000E+00   4.26500E+01   2.48801E+00
  0.00000E+00   4.33078E+01   2.43663E+00
  0.00000E+00   4.38751E+01   2.42863E+00
  0.00000E+00   4.44396E+01   2.46371E+00
  0.00000E+00   4.49968E+01   2.44697E+00
  0.00000E+00   4.54706E+01   2.34643E+00
  0.00000E+00   4.58258E+01   2.25542E+00
  0.00000E+00   4.60805E+01   2.15757E+00
  0.00000E+00   4.64958E+01   2.04983E+00
  0.00000E+00   4.70242E+01   1.93161E+00
  0.00000E+00   4.72636E+01   1.86625E+00
  0.00000E+00   4.72256E+01   1.82314E+00
  0.00000E+00   4.67766E+01   1.81483E+00
  0.00000E+00   4.59570E+01   1.78053E+00
  0.00000E+00   4.54265E+01   1.72848E+00
  0.00000E+00   4.52374E+01   1.63235E+00
  0.00000E+00   4.56156E+01   1.45043E+00
  0.00000E+00   4.62738E+01   1.23334E+00
  0.00000E+00   4.66392E+01   1.05739E+00
  0.00000E+00   4.66077E+01   8.40323E-01
  0.00000E+00   4.59842E+01   6.89299E-01
  0.00000E+00   4.48245E+01   5.02645E-01
  0.00000E+00   4.37013E+01   2.70670E-01
  0.00000E+00   4.31138E+01   1.25542E-01
  0.00000E+00   4.30668E+01   4.75445E-02
  0.00000E+00   4.34700E+01   2.97602E-02
  0.00000E+00   4.42268E+01  -3.60380E-02
  0.00000E+00   4.51381E+01  -1.86888E-01
  0.00000E+00   4.60244E+01  -3.61716E-01
  0.00000E+00   4.66881E+01  -4.71027E-01
  0.00000E+00   4.68024E+01  -5.65626E-01
  0.00000E+00   4.65173E+01  -6.72887E-01
  0.00000E+00   4.61830E+01  -6.96976E-01
  0.00000E+00   4.61290E+01  -7.24028E-01
  0.00000E+00   4.61986E+01  -7.16640E-01
  0.00000E+00   4.62298E+01  -7.38005E-01
  0.00000E+00   4.61112E+01  -8.80360E-01
  0.00000E+00   4.57073E+01  -9.87019E-01
  0.00000E+00   4.48520E+01  -1.07498E+00
  0.00000E+00   4.37566E+01  -1.01482E+00
  0.00000E+00   4.26005E+01  -8.97007E-01
  0.00000E+00   4.15993E+01  -7.55042E-01
  0.00000E+00   4.09681E+01  -6.50697E-01
  0.00000E+00   4.06124E+01  -5.37976E-01
  0.00000E+00   4.03139E+01  -4.21842E-01
  0.00000E+00   3.99510E+01  -3.15897E-01
  0.00000E+00   3.95987E+01  -2.59027E-01
  0.00000E+00   3.93159E+01  -2.55411E-01
  0.00000E+00   3.91607E+01  -2.47231E-01
  0.00000E+00   3.92948E+01  -2.57717E-01
  0.00000E+00   3.98510E+01  -2.34712E-01
  0.00000E+00   4.05858E+01  -2.30355E-01
  0.00000E+00   4.12278E+01  -2.87203E-01
  0.00000E+00   4.14468E+01  -4.29493E-01
  0.00000E+00   4.12663E+01  -6.11208E-01
  0.00000E+00   4.12617E+01  -7.23098E-01
  0.00000E+00   4.18513E+01  -7.97480E-01
  0.00000E+00   4.29472E+01  -8.21573E-01
  0.00000E+00   4.45894E+01  -7.65143E-01
  0.00000E+00   4.64636E+01  -6.80009E-01
  0.00000E+00   4.82905E+01  -6.04335E-01
  0.00000E+00   4.99300E+01  -5.14048E-01
  0.00000E+00   5.14543E+01  -4.63778E-01
  0.00000E+00   5.30714E+01  -3.73045E-01
  0.00000E+00   5.45469E+01  -2.25510E-01
  0.00000E+00   5.54537E+01  -1.15431E-02
  0.00000E+00   5.53390E+01   1.93664E-01
  0.00000E+00   5.40035E+01   3.74665E-01
  0.00000E+00   5.18206E+01   4.94758E-01
  0.00000E+00   4.99592E+01   5.64086E-01
  0.00000E+00   4.88953E+01   6.48190E-01
  0.00000E+00   4.84970E+01   7.62515E-01
  0.00000E+00   4.85955E+01   9.15480E-01
  0.00000E+00   4.91126E+01   1.01153E+00
  0.00000E+00   4.95332E+01   1.18320E+00
  0.00000E+00   4.97691E+01   1.33342E+00
  0.00000E+00   5.03162E+01   1.44549E+00
  0.00000E+00   5.10396E+01   1.51796E+00
  0.00000E+00   5.18856E+01   1.58552E+00
  0.00000E+00   5.26745E+01   1.62883E+00
  0.00000E+00   5.32143E+01   1.74689E+00
  0.00000E+00   5.35091E+01   1.86234E+00
  0.00000E+00   5.37608E+01   1.89021E+00
  0.00000E+00   5.42852E+01   1.93699E+00
  0.00000E+00   5.46863E+01   1.93910E+00
  0.00000E+00   5.47348E+01   1.80611E+00
  0.00000E+00   5.45254E+01   1.65383E+00
  0.00000E+00   5.43560E+01   1.47899E+00
  0.00000E+00   5.46121E+01   1.33688E+00
  0.00000E+00   5.53572E+01   1.23927E+00
  0.00000E+00   5.63484E+01   1.17351E+00
  0.00000E+00   5.72800E+01   1.14654E+00
  0.00000E+00   5.82575E+01   1.03781E+00
  0.00000E+00   5.91253E+01   9.42672E-01
  0.00000E+00   5.95267E+01   8.42216E-01
  0.00000E+00   5.92076E+01   7.27906E-01
  0.00000E+00   5.83750E+01   7.93338E-01
  0.00000E+00   5.77512E+01   9.46588E-01
  0.00000E+00   5.75713E+01   1.12797E+00
  0.00000E+00   5.75091E+01   1.24054E+00
  0.00000E+00   5.72151E+01   1.21141E+00
  0.00000E+00   5.68517E+01   1.05056E+00
  0.00000E+00   5.66348E+01   8.28490E-01
  0.00000E+00   5.63402E+01   5.49335E-01
  0.00000E+00   5.62088E+01   4.00445E-01
  0.00000E+00   5.57610E+01   3.21373E-01
  0.00000E+00   5.50205E+01   2.06273E-01
  0.00000E+00   5.41115E+01   5.08990E-02
  0.00000E+00   5.34191E+01  -2.53874E-02
  0.00000E+00   5.30157E+01  -3.00970E-02
  0.00000E+00   5.25655E+01  -1.15782E-01
  0.00000E+00   5.21931E+01  -2.07753E-01
  0.00000E+00   5.15449E+01  -2.65951E-01
  0.00000E+00   5.06594E+01  -2.36643E-01
  0.00000E+00   4.97741E+01  -1.19285E-01
  0.00000E+00   4.92521E+01  -4.44976E-02
  0.00000E+00   4.89461E+01  -6.38115E-03
  0.00000E+00   4.87315E+01  -8.62629E-03
  0.00000E+00   4.86454E+01   8.54114E-03
  0.00000E+00   4.87085E+01   2.65798E-02
  0.00000E+00   4.86943E+01   4.12368E-02
  0.00000E+00   4.85718E+01   2.36705E-02
  0.00000E+00   4.85819E+01  -1.41276E-02
  0.00000E+00   4.86336E+01  -6.14454E-03
  0.00000E+00   4.89038E+01   2.44972E-02
  0.00000E+00   4.94238E+01   8.74771E-02
  0.00000E+00   5.01329E+01   1.81513E-01
  0.00000E+00   5.10468E+01   2.57704E-01
  0.00000E+00   5.22549E+01   3.87859E-01
  0.00000E+00   5.35395E+01   5.03270E-01
  0.00000E+00   5.48477E+01   6.35103E-01
  0.00000E+00   5.61040E+01   8.00479E-01
  0.00000E+00   5.70951E+01   9.95929E-01
  0.00000E+00   5.77618E+01   1.15932E+00
  0.00000E+00   5.80881E+01   1.37840E+00
  0.00000E+00   5.79381E+01   1.53553E+00
  0.00000E+00   5.74925E+01   1.60482E+00
  0.00000E+00   5.71913E+01   1.59504E+00
  0.00000E+00   5.70283E+01   1.56255E+00
  0.00000E+00   5.70063E+01   1.55790E+00
  0.00000E+00   5.68422E+01   1.61938E+00
  0.00000E+00   5.66766E+01   1.72308E+00
  0.00000E+00   5.65089E+01   1.76925E+00
  0.00000E+00   5.66263E+01   1.85368E+00
  0.00000E+00   5.69303E+01   2.01279E+00
  0.00000E+00   5.72678E+01   2.14358E+00
  0.00000E+00   5.75039E+01   2.19378E+00
  0.00000E+00   5.77566E+01   2.28477E+00
  0.00000E+00   5.82179E+01   2.38611E+00
  0.00000E+00   5.84441E+01   2.45750E+00
  0.00000E+00   5.83587E+01   2.47610E+00
  0.00000E+00   5.79784E+01   2.47446E+00
  0.00000E+00   5.73812E+01   2.45251E+00
  0.00000E+00   5.69360E+01   2.37555E+00
  0.00000E+00   5.68174E+01   2.34508E+00
  0.00000E+00   5.69402E+01   2.40554E+00
  0.00000E+00   5.71099E+01   2.45761E+00
  0.00000E+00   5.74462E+01   2.47096E+00
  0.00000E+00   5.79581E+01   2.40844E+00
  0.00000E+00   5.87271E+01   2.32731E+00
  0.00000E+00   5.96305E+01   2.28943E+00
  0.00000E+00   6.05283E+01   2.32379E+00
  0.00000E+00   6.11945E+01   2.35233E+00
  0.00000E+00   6.15089E+01   2.38118E+00
  0.00000E+00   6.15450E+01   2.45548E+00
  0.00000E+00   6.15217E+01   2.55134E+00
  0.00000E+00   6.16905E+01   2.65941E+00
  0.00000E+00   6.22014E+01   2.76647E+00
  0.00000E+00   6.29100E+01   2.83575E+00
  0.00000E+00   6.34810E+01   2.90104E+00
  0.00000E+00   6.38923E+01   2.84717E+00
  0.00000E+00   6.40850E+01   2.76064E+00
  0.00000E+00   6.40763E+01   2.64207E+00
  0.00000E+00   6.41708E+01   2.53479E+00
  0.00000E+00   6.45710E+01   2.46116E+00
  0.00000E+00   6.52213E+01   2.42743E+00
  0.00000E+00   6.61724E+01   2.48551E+00
  0.00000E+00   6.72472E+01   2.53983E+00
  0.00000E+00   6.79266E+01   2.57569E+00
  0.00000E+00   6.81098E+01   2.54220E+00
  0.00000E+00   6.79458E+01   2.43791E+00
  0.00000E+00   6.78389E+01   2.34466E+00
  0.00000E+00   6.82926E+01   2.27657E+00
  0.00000E+00   6.95031E+01   2.11800E+00
  0.00000E+00   7.11610E+01   1.93754E+00
  0.00000E+00   7.27814E+01   1.79046E+00
  0.00000E+00   7.41204E+01   1.71314E+00
  0.00000E+00   7.52328E+01   1.55666E+00
  0.00000E+00   7.59991E+01   1.31001E+00
  0.00000E+00   7.62406E+01   1.07393E+00
  0.00000E+00   7.62142E+01   8.62475E-01
  0.00000E+00   7.59325E+01   6.50388E-01
  0.00000E+00   7.54499E+01   4.89423E-01
  0.00000E+00   7.50691E+01   3.26250E-01
  0.00000E+00   7.51416E+01   1.75863E-01
  0.00000E+00   7.55768E+01   3.64301E-02
  0.00000E+00   7.62651E+01  -1.29591E-01
  0.00000E+00   7.69554E+01  -2.56163E-01
  0.00000E+00   7.75174E+01  -4.18179E-01
  0.00000E+00   7.82993E+01  -5.97775E-01
  0.00000E+00   7.90318E+01  -7.72166E-01
