  0.00000E+00   1.65935E-04   3.10907E-06
  0.00000E+00   1.74540E-04   2.35888E-06
  0.00000E+00   1.83923E-04  -1.34186E-06
  0.00000E+00   2.10145E-04  -3.03115E-06
  0.00000E+00   2.54462E-04  -3.62825E-06
  0.00000E+00   3.21388E-04  -3.57034E-06
  0.00000E+00   4.19239E-04  -2.83338E-06
  0.00000E+00   5.61039E-04  -1.30809E-06
  0.00000E+00   7.65636E-04   1.24381E-06
  0.00000E+00   1.06020E-03   5.25202E-06
  0.00000E+00   1.48421E-03   1.13933E-05
  0.00000E+00   2.09516E-03   2.06717E-05
  0.00000E+00   2.97699E-03   3.45354E-05
  0.00000E+00   4.25242E-03   5.50399E-05
  0.00000E+00   6.10085E-03   8.50900E-05
  0.00000E+00   8.78480E-03   1.28737E-04
  0.00000E+00   1.26884E-02   1.91535E-04
  0.00000E+00   1.83716E-02   2.80974E-04
  0.00000E+00   2.66525E-02   4.06870E-04
  0.00000E+00   3.87157E-02   5.81854E-04
  0.00000E+00   5.62712E-02   8.21303E-04
  0.00000E+00   8.17671E-02   1.14335E-03
  0.00000E+00   1.18657E-01   1.56879E-03
  0.00000E+00   1.71751E-01   2.12010E-03
  0.00000E+00   2.47598E-01   2.82413E-03
  0.00000E+00   3.54890E-01   3.71449E-03
  0.00000E+00   5.04819E-01   4.83643E-03
  0.00000E+00   7.11283E-01   6.24672E-03
  0.00000E+00   9.90855E-01   7.99214E-03
  0.00000E+00   1.36244E+00   1.00538E-02
  0.00000E+00   1.84656E+00   1.22424E-02
  0.00000E+00   2.46434E+00   1.40506E-02
  0.00000E+00   3.23617E+00   1.44791E-02
  0.00000E+00   4.17999E+00   1.18352E-02
  0.00000E+00   5.30866E+00   3.50005E-03
  0.00000E+00   6.62685E+00  -1.42165E-02
  0.00000E+00   8.12864E+00  -4.57738E-02
  0.00000E+00   9.79832E+00  -9.54383E-02
  0.00000E+00   1.16146E+01  -1.66283E-01
  0.00000E+00   1.35515E+01  -2.60232E-01
  0.00000E+00   1.55677E+01  -3.79540E-01
  0.00000E+00   1.75989E+01  -5.26031E-01
  0.00000E+00   1.95858E+01  -6.95124E-01
  0.00000E+00   2.15044E+01  -8.65562E-01
  0.00000E+00   2.33251E+01  -1.00674E+00
  0.00000E+00   2.50572E+01  -1.09806E+00
  0.00000E+00   2.66591E+01  -1.04909E+00
  0.00000E+00   2.81771E+01  -7.32652E-01
  0.00000E+00   2.98925E+01  -2.72121E-01
  0.00000E+00   3.16477E+01   1.45365E-01
  0.00000E+00   3.34012E+01   3.54614E-01
  0.00000E+00   3.53287E+01   4.28029E-01
  0.00000E+00   3.71233E+01   4.18657E-01
  0.00000E+00   3.88242E+01   3.99135E-01
  0.00000E+00   4.03167E+01   4.78842E-01
  0.00000E+00   4.20995E+01   4.36171E-01
  0.00000E+00   4.40669E+01   3.63767E-01
  0.00000E+00   4.68435E+01   4.47428E-01
  0.00000E+00   4.85436E+01   3.53909E-01
  0.00000E+00   4.81925E+01   3.72801E-02
  0.00000E+00   4.53946E+01  -5.04877E-01
  0.00000E+00   4.23851E+01  -1.02995E+00
  0.00000E+00   4.22099E+01  -1.45334E+00
  0.00000E+00   4.29293E+01  -1.66007E+00
  0.00000E+00   4.32958E+01  -1.48814E+00
  0.00000E+00   4.34176E+01  -9.05553E-01
  0.00000E+00   4.41278E+01  -5.16369E-01
  0.00000E+00   4.59297E+01  -3.60111E-01
  0.00000E+00   4.85684E+01  -6.36482E-02
  0.00000E+00   5.09580E+01   4.01927E-02
  0.00000E+00   5.20135E+01  -4.94311E-02
  0.00000E+00   5.26694E+01  -1.75193E-01
  0.00000E+00   5.42243E+01  -1.50383E-01
  0.00000E+00   5.71940E+01   5.21294E-02
  0.00000E+00   6.14571E+01   1.97618E-01
  0.00000E+00   6.69675E+01   2.23851E-01
  0.00000E+00   7.30304E+01   2.51932E-01
  0.00000E+00   7.94852E+01   2.66821E-01
  0.00000E+00   8.54131E+01   5.08560E-01
  0.00000E+00   9.02314E+01   7.89951E-01
  0.00000E+00   9.26171E+01   9.51598E-01
  0.00000E+00   9.27189E+01   9.46988E-01
  0.00000E+00   9.04074E+01   7.97790E-01
  0.00000E+00   8.56656E+01   5.70155E-01
  0.00000E+00   8.05766E+01  -2.05358E-02
  0.00000E+00   7.65729E+01  -2.77797E-01
  0.00000E+00   7.41123E+01  -4.34007E-01
  0.00000E+00   7.16621E+01  -5.47085E-01
  0.00000E+00   6.96612E+01  -5.80153E-01
  0.00000E+00   6.85027E+01  -5.94024E-01
  0.00000E+00   6.87016E+01  -4.19797E-01
  0.00000E+00   6.91496E+01  -2.62384E-01
  0.00000E+00   6.79195E+01  -2.11928E-01
  0.00000E+00   6.52360E+01  -1.76720E-01
  0.00000E+00   6.42707E+01   1.43039E-01
  0.00000E+00   6.48195E+01   5.68467E-01
  0.00000E+00   6.56146E+01   7.25767E-01
  0.00000E+00   6.60327E+01   7.30086E-01
  0.00000E+00   6.61758E+01   5.71054E-01
  0.00000E+00   6.62623E+01   4.23847E-01
  0.00000E+00   6.57934E+01   2.27860E-01
  0.00000E+00   6.63578E+01   2.64040E-01
  0.00000E+00   6.77831E+01   5.18387E-01
  0.00000E+00   6.82245E+01   6.68256E-01
  0.00000E+00   6.68858E+01   6.89521E-01
  0.00000E+00   6.54806E+01   4.39804E-01
  0.00000E+00   6.43030E+01   7.27612E-02
  0.00000E+00   6.37030E+01  -2.92551E-02
  0.00000E+00   6.44384E+01  -1.39049E-01
  0.00000E+00   6.63725E+01  -2.20309E-01
  0.00000E+00   6.88833E+01  -2.23844E-01
  0.00000E+00   7.16761E+01  -1.82734E-01
  0.00000E+00   7.35746E+01  -5.70720E-02
  0.00000E+00   7.47028E+01  -1.06885E-01
  0.00000E+00   7.57380E+01  -1.92665E-01
  0.00000E+00   7.68752E+01  -3.54898E-01
  0.00000E+00   7.83938E+01  -4.19274E-01
  0.00000E+00   7.85385E+01  -4.15475E-01
  0.00000E+00   7.69414E+01  -4.72039E-01
  0.00000E+00   7.53652E+01  -5.24448E-01
  0.00000E+00   7.47544E+01  -3.53886E-01
  0.00000E+00   7.39673E+01  -1.21039E-01
  0.00000E+00   7.29079E+01   3.25661E-02
  0.00000E+00   7.15106E+01   1.24499E-01
  0.00000E+00   7.12490E+01   2.18788E-02
  0.00000E+00   7.30458E+01  -1.37576E-01
  0.00000E+00   7.60906E+01  -5.74496E-02
  0.00000E+00   7.95291E+01   9.34242E-02
  0.00000E+00   8.26358E+01   1.95500E-01
  0.00000E+00   8.44505E+01   2.25233E-01
  0.00000E+00   8.44385E+01   9.43782E-03
  0.00000E+00   8.33450E+01  -2.08159E-01
  0.00000E+00   8.29110E+01  -1.68428E-01
  0.00000E+00   8.31786E+01  -2.12137E-01
  0.00000E+00   8.37288E+01  -4.01131E-01
  0.00000E+00   8.51713E+01  -4.13874E-01
  0.00000E+00   8.72591E+01  -3.06914E-01
  0.00000E+00   8.93067E+01  -4.18394E-01
  0.00000E+00   9.22696E+01  -5.99363E-01
  0.00000E+00   9.55167E+01  -7.42613E-01
  0.00000E+00   9.77525E+01  -7.32000E-01
  0.00000E+00   1.00568E+02  -6.43799E-01
  0.00000E+00   1.04116E+02  -5.29166E-01
  0.00000E+00   1.06991E+02  -3.85171E-01
  0.00000E+00   1.08796E+02  -2.57763E-01
  0.00000E+00   1.07947E+02  -2.68033E-01
  0.00000E+00   1.03386E+02  -3.07735E-01
  0.00000E+00   9.82064E+01  -2.10999E-01
  0.00000E+00   9.49146E+01  -4.35961E-01
  0.00000E+00   9.50192E+01  -4.46093E-01
  0.00000E+00   9.80357E+01  -1.07819E-01
  0.00000E+00   1.01275E+02   1.42100E-02
  0.00000E+00   1.02597E+02  -8.03310E-02
  0.00000E+00   1.00745E+02  -1.33074E-01
  0.00000E+00   9.73916E+01  -1.43578E-01
  0.00000E+00   9.43523E+01  -9.42894E-02
  0.00000E+00   9.22217E+01   1.03490E-01
  0.00000E+00   9.09528E+01   5.75772E-01
  0.00000E+00   8.93885E+01   1.08791E+00
  0.00000E+00   8.64194E+01   1.07132E+00
  0.00000E+00   8.36117E+01   1.03892E+00
  0.00000E+00   8.18255E+01   9.41648E-01
  0.00000E+00   8.28728E+01   9.66242E-01
  0.00000E+00   8.58508E+01   1.01894E+00
  0.00000E+00   8.89695E+01   1.04884E+00
  0.00000E+00   9.15101E+01   1.12640E+00
  0.00000E+00   9.37148E+01   9.67729E-01
  0.00000E+00   9.75965E+01   7.93411E-01
  0.00000E+00   1.02220E+02   7.66700E-01
  0.00000E+00   1.05664E+02   1.10360E+00
  0.00000E+00   1.06917E+02   9.78070E-01
  0.00000E+00   1.05710E+02   7.21593E-01
  0.00000E+00   1.04579E+02   1.33296E-01
  0.00000E+00   1.04152E+02  -3.29673E-01
  0.00000E+00   1.05453E+02  -5.32574E-01
  0.00000E+00   1.08371E+02  -5.62571E-01
  0.00000E+00   1.12295E+02  -5.43450E-01
  0.00000E+00   1.15259E+02  -7.64674E-01
  0.00000E+00   1.16725E+02  -8.53420E-01
  0.00000E+00   1.15858E+02  -9.16326E-01
  0.00000E+00   1.13064E+02  -1.17295E+00
  0.00000E+00   1.10838E+02  -1.14672E+00
  0.00000E+00   1.11764E+02  -1.22436E+00
  0.00000E+00   1.14341E+02  -1.37000E+00
  0.00000E+00   1.16874E+02  -1.33045E+00
  0.00000E+00   1.17888E+02  -1.09080E+00
  0.00000E+00   1.16796E+02  -1.15444E+00
  0.00000E+00   1.14682E+02  -1.00819E+00
  0.00000E+00   1.14243E+02  -8.79680E-01
  0.00000E+00   1.15039E+02  -5.66991E-01
  0.00000E+00   1.17648E+02  -3.19781E-01
  0.00000E+00   1.20704E+02   4.09829E-02
  0.00000E+00   1.21801E+02   1.65695E-01
  0.00000E+00   1.21310E+02   2.17904E-01
  0.00000E+00   1.20825E+02   2.41229E-01
  0.00000E+00   1.20469E+02   1.41254E-01
  0.00000E+00   1.19790E+02   3.65563E-02
  0.00000E+00   1.18755E+02   1.65107E-01
  0.00000E+00   1.18496E+02   1.57693E-01
  0.00000E+00   1.17868E+02   1.81524E-01
  0.00000E+00   1.17188E+02   6.35244E-02
  0.00000E+00   1.16136E+02  -1.16326E-01
  0.00000E+00   1.14367E+02  -1.64919E-01
  0.00000E+00   1.12072E+02   5.13730E-03
  0.00000E+00   1.08622E+02   1.06679E-01
  0.00000E+00   1.04906E+02   1.63740E-02
  0.00000E+00   1.01560E+02  -1.22636E-01
  0.00000E+00   9.74350E+01  -4.73110E-01
  0.00000E+00   9.37376E+01  -1.00293E+00
  0.00000E+00   9.09624E+01  -1.46052E+00
  0.00000E+00   8.70174E+01  -1.76926E+00
  0.00000E+00   8.28897E+01  -1.79060E+00
  0.00000E+00   7.92907E+01  -1.68888E+00
  0.00000E+00   7.60060E+01  -1.54439E+00
  0.00000E+00   7.35119E+01  -1.50828E+00
  0.00000E+00   7.16937E+01  -1.38330E+00
  0.00000E+00   7.12535E+01  -1.05102E+00
  0.00000E+00   7.19708E+01  -1.16080E+00
  0.00000E+00   7.32458E+01  -1.06319E+00
  0.00000E+00   7.41985E+01  -9.27459E-01
  0.00000E+00   7.36267E+01  -9.31946E-01
  0.00000E+00   7.27126E+01  -9.00231E-01
  0.00000E+00   7.11512E+01  -6.55315E-01
  0.00000E+00   6.98816E+01  -4.66690E-01
  0.00000E+00   7.07881E+01  -3.87347E-01
  0.00000E+00   7.25821E+01  -2.37738E-01
  0.00000E+00   7.40534E+01  -3.79154E-01
  0.00000E+00   7.39442E+01  -5.52664E-01
  0.00000E+00   7.24610E+01  -5.41789E-01
  0.00000E+00   6.99458E+01  -3.80980E-01
  0.00000E+00   6.79663E+01  -7.64103E-02
  0.00000E+00   6.70904E+01   2.47657E-01
  0.00000E+00   6.75050E+01   4.55734E-01
  0.00000E+00   6.88293E+01   6.14266E-01
  0.00000E+00   7.11996E+01   7.22951E-01
  0.00000E+00   7.36364E+01   8.83469E-01
  0.00000E+00   7.58500E+01   1.01545E+00
  0.00000E+00   7.76664E+01   1.07926E+00
  0.00000E+00   7.89763E+01   1.18850E+00
  0.00000E+00   8.03953E+01   1.52665E+00
  0.00000E+00   8.19278E+01   1.85785E+00
  0.00000E+00   8.24433E+01   2.18176E+00
  0.00000E+00   8.12706E+01   2.31481E+00
  0.00000E+00   7.90583E+01   2.16014E+00
  0.00000E+00   7.71507E+01   2.02485E+00
  0.00000E+00   7.65631E+01   2.01547E+00
  0.00000E+00   7.72708E+01   2.02432E+00
  0.00000E+00   7.93554E+01   2.10720E+00
  0.00000E+00   8.25606E+01   2.10841E+00
  0.00000E+00   8.64013E+01   2.19673E+00
  0.00000E+00   8.94360E+01   2.30998E+00
  0.00000E+00   9.12884E+01   2.15559E+00
  0.00000E+00   9.24756E+01   1.76972E+00
  0.00000E+00   9.27926E+01   1.44514E+00
  0.00000E+00   9.14594E+01   1.00546E+00
  0.00000E+00   8.99458E+01   8.77629E-01
  0.00000E+00   8.94154E+01   6.68412E-01
  0.00000E+00   9.04228E+01   5.47081E-01
  0.00000E+00   9.23618E+01   5.05223E-01
  0.00000E+00   9.47596E+01   5.63350E-01
  0.00000E+00   9.58089E+01   6.16470E-01
  0.00000E+00   9.45085E+01   6.73696E-01
  0.00000E+00   9.28428E+01   4.46746E-01
  0.00000E+00   9.26787E+01   4.42140E-01
  0.00000E+00   9.32301E+01   5.45223E-01
  0.00000E+00   9.32399E+01   5.13907E-01
  0.00000E+00   9.39646E+01   5.24444E-01
  0.00000E+00   9.47992E+01   6.04048E-01
  0.00000E+00   9.51308E+01   8.35378E-01
  0.00000E+00   9.53951E+01   1.14807E+00
  0.00000E+00   9.49357E+01   1.27923E+00
  0.00000E+00   9.26482E+01   1.62405E+00
  0.00000E+00   9.05796E+01   1.99115E+00
  0.00000E+00   9.02909E+01   1.90954E+00
  0.00000E+00   9.04513E+01   1.91703E+00
  0.00000E+00   9.13297E+01   2.01860E+00
  0.00000E+00   9.23129E+01   2.21418E+00
  0.00000E+00   9.31043E+01   2.24414E+00
  0.00000E+00   9.40942E+01   2.51299E+00
  0.00000E+00   9.49926E+01   2.67323E+00
  0.00000E+00   9.37485E+01   2.64256E+00
  0.00000E+00   9.04917E+01   2.47902E+00
  0.00000E+00   8.66650E+01   2.07064E+00
  0.00000E+00   8.32734E+01   1.66216E+00
  0.00000E+00   8.22670E+01   1.26889E+00
  0.00000E+00   8.39087E+01   1.03004E+00
  0.00000E+00   8.73484E+01   9.71908E-01
  0.00000E+00   9.07437E+01   9.72144E-01
  0.00000E+00   9.27592E+01   1.03348E+00
  0.00000E+00   9.24203E+01   1.24396E+00
  0.00000E+00   8.97699E+01   1.53422E+00
  0.00000E+00   8.62122E+01   1.89515E+00
  0.00000E+00   8.29867E+01   1.87030E+00
  0.00000E+00   8.18978E+01   1.83918E+00
  0.00000E+00   8.19942E+01   1.76386E+00
  0.00000E+00   8.36351E+01   1.90953E+00
  0.00000E+00   8.56541E+01   1.67005E+00
  0.00000E+00   8.69987E+01   1.37777E+00
  0.00000E+00   8.81095E+01   1.22696E+00
  0.00000E+00   8.89697E+01   1.24563E+00
  0.00000E+00   8.94110E+01   1.24003E+00
  0.00000E+00   8.99083E+01   1.25541E+00
  0.00000E+00   9.06574E+01   1.22447E+00
  0.00000E+00   8.98221E+01   1.23515E+00
  0.00000E+00   8.78416E+01   1.38558E+00
  0.00000E+00   8.62723E+01   1.54983E+00
  0.00000E+00   8.55313E+01   1.72410E+00
  0.00000E+00   8.61762E+01   1.80065E+00
  0.00000E+00   8.77805E+01   1.86542E+00
  0.00000E+00   8.98160E+01   1.82332E+00
  0.00000E+00   9.23615E+01   1.79667E+00
  0.00000E+00   9.45839E+01   1.63504E+00
  0.00000E+00   9.62597E+01   1.46419E+00
  0.00000E+00   9.75416E+01   1.03096E+00
  0.00000E+00   9.83322E+01   6.42488E-01
  0.00000E+00   9.86624E+01   8.93802E-02
  0.00000E+00   9.96912E+01  -4.35494E-01
  0.00000E+00   1.01262E+02  -8.85062E-01
  0.00000E+00   1.02542E+02  -1.22604E+00
  0.00000E+00   1.02473E+02  -1.67973E+00
  0.00000E+00   1.00023E+02  -2.13971E+00
  0.00000E+00   9.51289E+01  -2.22708E+00
  0.00000E+00   9.09043E+01  -2.12320E+00
  0.00000E+00   8.94956E+01  -2.00006E+00
  0.00000E+00   9.08427E+01  -1.97290E+00
  0.00000E+00   9.43978E+01  -1.86621E+00
  0.00000E+00   9.84546E+01  -1.73283E+00
  0.00000E+00   1.01460E+02  -1.82160E+00
  0.00000E+00   1.02333E+02  -2.06042E+00
  0.00000E+00   1.01490E+02  -2.15746E+00
  0.00000E+00   1.00310E+02  -1.83705E+00
  0.00000E+00   9.94096E+01  -1.40901E+00
  0.00000E+00   9.93408E+01  -1.00069E+00
  0.00000E+00   9.88411E+01  -6.88836E-01
  0.00000E+00   9.83459E+01  -3.76412E-01
  0.00000E+00   9.86780E+01  -1.95837E-01
  0.00000E+00   9.96783E+01   1.82310E-01
  0.00000E+00   1.02163E+02   4.72973E-01
  0.00000E+00   1.05405E+02   8.56886E-01
  0.00000E+00   1.08641E+02   1.17943E+00
  0.00000E+00   1.09733E+02   1.38651E+00
  0.00000E+00   1.07930E+02   1.28621E+00
  0.00000E+00   1.05836E+02   1.35399E+00
  0.00000E+00   1.05282E+02   1.36596E+00
  0.00000E+00   1.05718E+02   1.36062E+00
  0.00000E+00   1.06591E+02   1.32579E+00
  0.00000E+00   1.07014E+02   1.25621E+00
  0.00000E+00   1.06557E+02   1.02310E+00
  0.00000E+00   1.04605E+02   1.00521E+00
  0.00000E+00   1.03826E+02   1.02707E+00
  0.00000E+00   1.04925E+02   8.89343E-01
  0.00000E+00   1.08023E+02   8.84849E-01
  0.00000E+00   1.11875E+02   1.21185E+00
  0.00000E+00   1.14983E+02   1.65650E+00
  0.00000E+00   1.17304E+02   2.01520E+00
  0.00000E+00   1.19012E+02   2.32047E+00
  0.00000E+00   1.19299E+02   2.51560E+00
  0.00000E+00   1.19024E+02   2.78921E+00
  0.00000E+00   1.19656E+02   2.87694E+00
  0.00000E+00   1.21883E+02   3.01818E+00
  0.00000E+00   1.25379E+02   3.35570E+00
  0.00000E+00   1.29612E+02   3.74172E+00
  0.00000E+00   1.33478E+02   3.87674E+00
  0.00000E+00   1.37573E+02   4.00627E+00
  0.00000E+00   1.40820E+02   3.96366E+00
  0.00000E+00   1.41355E+02   3.98151E+00
  0.00000E+00   1.39731E+02   4.08918E+00
  0.00000E+00   1.37778E+02   4.32266E+00
  0.00000E+00   1.37212E+02   4.45851E+00
  0.00000E+00   1.39515E+02   4.38421E+00
  0.00000E+00   1.43657E+02   4.36965E+00
  0.00000E+00   1.49282E+02   4.41691E+00
  0.00000E+00   1.55921E+02   4.41194E+00
  0.00000E+00   1.60775E+02   4.34097E+00
  0.00000E+00   1.62660E+02   4.25123E+00
  0.00000E+00   1.62097E+02   4.03461E+00
  0.00000E+00   1.61140E+02   3.99776E+00
  0.00000E+00   1.60982E+02   3.74694E+00
  0.00000E+00   1.62488E+02   3.34125E+00
  0.00000E+00   1.66798E+02   3.22653E+00
  0.00000E+00   1.70750E+02   3.44601E+00
  0.00000E+00   1.73610E+02   3.75257E+00
  0.00000E+00   1.75283E+02   4.16127E+00
  0.00000E+00   1.75434E+02   4.21881E+00
  0.00000E+00   1.77370E+02   4.09938E+00
  0.00000E+00   1.80123E+02   3.87935E+00
  0.00000E+00   1.83061E+02   3.43518E+00
  0.00000E+00   1.83566E+02   2.97707E+00
  0.00000E+00   1.81435E+02   2.51621E+00
  0.00000E+00   1.77858E+02   1.78988E+00
  0.00000E+00   1.75448E+02   1.07990E+00
  0.00000E+00   1.74370E+02   6.74447E-01
  0.00000E+00   1.76055E+02   4.50375E-01
  0.00000E+00   1.77904E+02   4.64725E-01
  0.00000E+00   1.79004E+02   4.59698E-01
  0.00000E+00   1.78313E+02   7.94628E-01
  0.00000E+00   1.75767E+02   1.20148E+00
  0.00000E+00   1.73918E+02   1.05623E+00
  0.00000E+00   1.75183E+02   8.37124E-01
  0.00000E+00   1.76946E+02   1.06778E+00
  0.00000E+00   1.77419E+02   1.17502E+00
  0.00000E+00   1.75067E+02   1.26766E+00
  0.00000E+00   1.70951E+02   1.13588E+00
  0.00000E+00   1.68947E+02   1.06095E+00
  0.00000E+00   1.71352E+02   1.19676E+00
  0.00000E+00   1.74869E+02   1.25570E+00
  0.00000E+00   1.78321E+02   1.22642E+00
  0.00000E+00   1.79946E+02   1.34711E+00
  0.00000E+00   1.81059E+02   1.41532E+00
  0.00000E+00   1.81186E+02   1.21750E+00
  0.00000E+00   1.82988E+02   7.85763E-01
  0.00000E+00   1.85017E+02   4.99465E-01
  0.00000E+00   1.85865E+02   4.40780E-01
  0.00000E+00   1.86337E+02   3.22103E-01
  0.00000E+00   1.86735E+02   2.52131E-01
  0.00000E+00   1.88173E+02   1.98409E-01
  0.00000E+00   1.90490E+02  -1.48756E-01
  0.00000E+00   1.94814E+02  -4.74513E-01
  0.00000E+00   1.99120E+02  -6.89734E-01
  0.00000E+00   2.04294E+02  -1.06538E+00
  0.00000E+00   2.10624E+02  -1.43865E+00
  0.00000E+00   2.17669E+02  -1.48082E+00
  0.00000E+00   2.25133E+02  -1.37566E+00
  0.00000E+00   2.32125E+02  -1.37212E+00
  0.00000E+00   2.36896E+02  -1.23932E+00
  0.00000E+00   2.38899E+02  -1.02169E+00
  0.00000E+00   2.39091E+02  -7.08860E-01
  0.00000E+00   2.38478E+02  -3.69150E-01
  0.00000E+00   2.39980E+02  -4.47465E-01
  0.00000E+00   2.41302E+02  -4.89734E-01
  0.00000E+00   2.42080E+02  -7.07405E-01
  0.00000E+00   2.43289E+02  -1.05948E+00
  0.00000E+00   2.43955E+02  -9.48078E-01
  0.00000E+00   2.46163E+02  -8.66779E-01
  0.00000E+00   2.49453E+02  -9.89510E-01
  0.00000E+00   2.50991E+02  -1.01794E+00
  0.00000E+00   2.52815E+02  -1.11132E+00
  0.00000E+00   2.53054E+02  -1.24741E+00
  0.00000E+00   2.52260E+02  -1.71045E+00
  0.00000E+00   2.54690E+02  -2.06337E+00
  0.00000E+00   2.58355E+02  -2.92444E+00
  0.00000E+00   2.61629E+02  -3.87883E+00
  0.00000E+00   2.63907E+02  -4.60393E+00
  0.00000E+00   2.63384E+02  -5.49675E+00
  0.00000E+00   2.54765E+02  -5.47042E+00
  0.00000E+00   2.44881E+02  -5.24704E+00
  0.00000E+00   2.37316E+02  -4.88240E+00
  0.00000E+00   2.34092E+02  -4.87142E+00
  0.00000E+00   2.37695E+02  -5.10719E+00
  0.00000E+00   2.42308E+02  -5.20613E+00
  0.00000E+00   2.45085E+02  -4.83978E+00
  0.00000E+00   2.40841E+02  -4.68500E+00
  0.00000E+00   2.30599E+02  -4.49547E+00
  0.00000E+00   2.20414E+02  -3.91731E+00
  0.00000E+00   2.13940E+02  -2.88901E+00
  0.00000E+00   2.10634E+02  -2.68258E+00
  0.00000E+00   2.08963E+02  -2.49776E+00
  0.00000E+00   2.06933E+02  -2.50709E+00
  0.00000E+00   2.05210E+02  -2.48364E+00
  0.00000E+00   1.98743E+02  -2.51231E+00
  0.00000E+00   1.89263E+02  -2.53435E+00
  0.00000E+00   1.82112E+02  -2.66280E+00
  0.00000E+00   1.77666E+02  -2.64417E+00
  0.00000E+00   1.75289E+02  -2.34765E+00
  0.00000E+00   1.73710E+02  -2.25287E+00
  0.00000E+00   1.72499E+02  -2.02418E+00
  0.00000E+00   1.70712E+02  -2.07918E+00
  0.00000E+00   1.69040E+02  -2.24053E+00
  0.00000E+00   1.67094E+02  -2.24733E+00
  0.00000E+00   1.64610E+02  -2.13854E+00
  0.00000E+00   1.63112E+02  -1.78082E+00
  0.00000E+00   1.62665E+02  -1.67371E+00
  0.00000E+00   1.64320E+02  -1.36591E+00
  0.00000E+00   1.66903E+02  -1.11840E+00
  0.00000E+00   1.68670E+02  -9.71953E-01
  0.00000E+00   1.70221E+02  -5.85143E-01
  0.00000E+00   1.72463E+02  -5.26585E-01
  0.00000E+00   1.75027E+02  -3.46801E-01
  0.00000E+00   1.77915E+02  -4.58156E-01
  0.00000E+00   1.80996E+02  -6.07154E-01
  0.00000E+00   1.81792E+02  -6.93322E-01
  0.00000E+00   1.81016E+02  -8.38655E-01
  0.00000E+00   1.79131E+02  -1.04154E+00
  0.00000E+00   1.78001E+02  -1.11430E+00
  0.00000E+00   1.78301E+02  -1.20051E+00
  0.00000E+00   1.78202E+02  -9.08477E-01
  0.00000E+00   1.77347E+02  -2.79989E-01
  0.00000E+00   1.75517E+02   2.47452E-01
  0.00000E+00   1.72592E+02   5.84081E-01
  0.00000E+00   1.69638E+02   4.99545E-01
  0.00000E+00   1.68673E+02   5.72478E-01
  0.00000E+00   1.68688E+02   3.49629E-01
  0.00000E+00   1.68576E+02   5.06548E-01
  0.00000E+00   1.68169E+02   5.13050E-01
  0.00000E+00   1.69060E+02   7.19369E-01
  0.00000E+00   1.66569E+02   7.67382E-01
  0.00000E+00   1.62964E+02   1.18856E+00
  0.00000E+00   1.60964E+02   1.65433E+00
  0.00000E+00   1.59594E+02   2.41316E+00
  0.00000E+00   1.60494E+02   2.54271E+00
  0.00000E+00   1.62619E+02   2.81042E+00
  0.00000E+00   1.64293E+02   2.71406E+00
  0.00000E+00   1.63021E+02   2.32154E+00
  0.00000E+00   1.59201E+02   2.20613E+00
  0.00000E+00   1.53945E+02   2.01809E+00
  0.00000E+00   1.51023E+02   2.03869E+00
  0.00000E+00   1.49297E+02   1.86075E+00
  0.00000E+00   1.48448E+02   1.79192E+00
  0.00000E+00   1.47562E+02   1.57258E+00
  0.00000E+00   1.43132E+02   1.20735E+00
  0.00000E+00   1.39113E+02   8.25952E-01
  0.00000E+00   1.34748E+02   7.27828E-01
  0.00000E+00   1.32186E+02   1.07232E+00
  0.00000E+00   1.31447E+02   1.07453E+00
  0.00000E+00   1.30769E+02   7.96672E-01
  0.00000E+00   1.29501E+02   5.23345E-01
  0.00000E+00   1.28390E+02   3.88140E-02
  0.00000E+00   1.26427E+02  -1.14102E-01
  0.00000E+00   1.23196E+02  -5.89554E-02
  0.00000E+00   1.20162E+02  -4.63650E-01
  0.00000E+00   1.18232E+02  -7.09951E-01
  0.00000E+00   1.17205E+02  -9.75571E-01
  0.00000E+00   1.16726E+02  -7.77152E-01
  0.00000E+00   1.16685E+02  -7.80917E-01
  0.00000E+00   1.17338E+02  -8.78653E-01
  0.00000E+00   1.18289E+02  -9.10127E-01
  0.00000E+00   1.19643E+02  -9.49803E-01
  0.00000E+00   1.20167E+02  -1.18628E+00
  0.00000E+00   1.20878E+02  -1.67998E+00
  0.00000E+00   1.22141E+02  -1.99443E+00
  0.00000E+00   1.23035E+02  -2.32109E+00
  0.00000E+00   1.22501E+02  -2.35116E+00
  0.00000E+00   1.21466E+02  -2.47313E+00
  0.00000E+00   1.19939E+02  -2.51937E+00
  0.00000E+00   1.18236E+02  -2.64973E+00
  0.00000E+00   1.16543E+02  -2.60824E+00
  0.00000E+00   1.14878E+02  -2.66935E+00
  0.00000E+00   1.13616E+02  -2.82023E+00
  0.00000E+00   1.12158E+02  -2.90698E+00
  0.00000E+00   1.10256E+02  -2.99119E+00
  0.00000E+00   1.08546E+02  -3.02536E+00
  0.00000E+00   1.06871E+02  -2.89820E+00
  0.00000E+00   1.05867E+02  -3.09874E+00
  0.00000E+00   1.05738E+02  -3.24731E+00
  0.00000E+00   1.04706E+02  -3.04139E+00
  0.00000E+00   1.02949E+02  -2.99076E+00
  0.00000E+00   1.00490E+02  -2.63748E+00
  0.00000E+00   9.86875E+01  -2.22813E+00
  0.00000E+00   9.76659E+01  -1.96928E+00
  0.00000E+00   9.70625E+01  -1.70825E+00
  0.00000E+00   9.66032E+01  -1.74716E+00
  0.00000E+00   9.61002E+01  -1.86767E+00
  0.00000E+00   9.53334E+01  -2.10734E+00
  0.00000E+00   9.44582E+01  -2.51058E+00
  0.00000E+00   9.36957E+01  -2.70303E+00
  0.00000E+00   9.29870E+01  -2.82402E+00
  0.00000E+00   9.30665E+01  -2.77009E+00
  0.00000E+00   9.30848E+01  -2.58625E+00
  0.00000E+00   9.22609E+01  -2.59693E+00
  0.00000E+00   9.17110E+01  -2.37670E+00
  0.00000E+00   9.10598E+01  -1.94751E+00
  0.00000E+00   8.92928E+01  -1.46396E+00
  0.00000E+00   8.74475E+01  -1.47510E+00
  0.00000E+00   8.55558E+01  -1.43250E+00
  0.00000E+00   8.28408E+01  -1.69449E+00
  0.00000E+00   8.16484E+01  -1.82934E+00
  0.00000E+00   8.15845E+01  -1.74282E+00
  0.00000E+00   8.11673E+01  -1.49592E+00
  0.00000E+00   8.01762E+01  -1.30064E+00
  0.00000E+00   7.87523E+01  -9.52569E-01
  0.00000E+00   7.76722E+01  -8.08797E-01
  0.00000E+00   7.69445E+01  -5.54367E-01
  0.00000E+00   7.66045E+01  -2.83489E-01
  0.00000E+00   7.61346E+01  -2.09608E-01
  0.00000E+00   7.59239E+01   1.25533E-01
  0.00000E+00   7.58085E+01   2.69957E-01
  0.00000E+00   7.57382E+01   4.87949E-01
  0.00000E+00   7.55032E+01   3.22307E-01
  0.00000E+00   7.49004E+01  -4.53986E-03
  0.00000E+00   7.40389E+01  -1.56358E-01
  0.00000E+00   7.42293E+01  -7.06440E-02
  0.00000E+00   7.56368E+01  -1.30491E-01
  0.00000E+00   7.67032E+01  -3.91203E-01
  0.00000E+00   7.73406E+01  -8.29667E-01
  0.00000E+00   7.84255E+01  -1.16841E+00
  0.00000E+00   7.98285E+01  -1.37495E+00
  0.00000E+00   8.14519E+01  -1.61238E+00
  0.00000E+00   8.27181E+01  -1.83235E+00
  0.00000E+00   8.26675E+01  -1.92329E+00
  0.00000E+00   8.14617E+01  -2.02237E+00
  0.00000E+00   8.10001E+01  -2.03467E+00
  0.00000E+00   8.07954E+01  -2.36872E+00
  0.00000E+00   8.12566E+01  -2.60085E+00
  0.00000E+00   8.23290E+01  -2.60860E+00
  0.00000E+00   8.25187E+01  -2.33381E+00
  0.00000E+00   8.05682E+01  -1.92836E+00
  0.00000E+00   7.78573E+01  -1.89742E+00
  0.00000E+00   7.55500E+01  -2.07221E+00
  0.00000E+00   7.34797E+01  -2.21624E+00
  0.00000E+00   7.19453E+01  -2.19699E+00
  0.00000E+00   7.15551E+01  -1.98614E+00
  0.00000E+00   7.20243E+01  -1.74429E+00
  0.00000E+00   7.26193E+01  -1.68900E+00
  0.00000E+00   7.27605E+01  -1.57641E+00
  0.00000E+00   7.20301E+01  -1.48475E+00
  0.00000E+00   7.16783E+01  -1.36710E+00
  0.00000E+00   7.12854E+01  -9.54730E-01
  0.00000E+00   6.96363E+01  -3.71193E-01
  0.00000E+00   6.70378E+01   3.39479E-01
  0.00000E+00   6.53159E+01   7.39299E-01
  0.00000E+00   6.57892E+01   9.16757E-01
  0.00000E+00   6.67799E+01   1.02936E+00
  0.00000E+00   6.68813E+01   1.05900E+00
  0.00000E+00   6.56769E+01   1.03612E+00
  0.00000E+00   6.45130E+01   1.12540E+00
  0.00000E+00   6.43016E+01   1.28847E+00
  0.00000E+00   6.57045E+01   1.31530E+00
  0.00000E+00   6.82686E+01   1.33067E+00
  0.00000E+00   7.12504E+01   1.32791E+00
  0.00000E+00   7.39547E+01   1.30845E+00
  0.00000E+00   7.59426E+01   1.03705E+00
  0.00000E+00   7.67394E+01   7.67810E-01
  0.00000E+00   7.70119E+01   6.62819E-01
  0.00000E+00   7.77026E+01   7.33370E-01
  0.00000E+00   7.90659E+01   7.82018E-01
  0.00000E+00   8.15465E+01   7.39045E-01
  0.00000E+00   8.41177E+01   9.18577E-01
  0.00000E+00   8.54076E+01   1.19677E+00
  0.00000E+00   8.57029E+01   1.67317E+00
  0.00000E+00   8.58436E+01   1.83184E+00
  0.00000E+00   8.44691E+01   1.89550E+00
  0.00000E+00   8.16406E+01   1.83677E+00
  0.00000E+00   7.92180E+01   1.74778E+00
  0.00000E+00   7.94081E+01   1.67962E+00
  0.00000E+00   8.04630E+01   1.50576E+00
  0.00000E+00   8.12899E+01   1.34826E+00
  0.00000E+00   8.18353E+01   1.08864E+00
  0.00000E+00   8.31782E+01   1.11450E+00
  0.00000E+00   8.41993E+01   1.18505E+00
  0.00000E+00   8.41880E+01   1.45166E+00
  0.00000E+00   8.43031E+01   1.93996E+00
  0.00000E+00   8.38878E+01   2.41291E+00
  0.00000E+00   8.43918E+01   2.77570E+00
  0.00000E+00   8.58997E+01   3.17645E+00
  0.00000E+00   8.82550E+01   3.43427E+00
  0.00000E+00   9.18786E+01   3.51350E+00
  0.00000E+00   9.65372E+01   3.58719E+00
  0.00000E+00   1.01099E+02   3.78163E+00
  0.00000E+00   1.03994E+02   3.92163E+00
  0.00000E+00   1.04051E+02   3.97803E+00
  0.00000E+00   1.02393E+02   3.85347E+00
  0.00000E+00   1.00548E+02   3.46028E+00
  0.00000E+00   1.00049E+02   3.10417E+00
  0.00000E+00   1.02381E+02   2.98107E+00
  0.00000E+00   1.05329E+02   2.84548E+00
  0.00000E+00   1.08096E+02   2.71909E+00
  0.00000E+00   1.08753E+02   2.54275E+00
  0.00000E+00   1.08928E+02   2.40649E+00
  0.00000E+00   1.10299E+02   2.37657E+00
  0.00000E+00   1.13181E+02   2.63597E+00
  0.00000E+00   1.15936E+02   2.47494E+00
  0.00000E+00   1.15861E+02   1.93127E+00
  0.00000E+00   1.13310E+02   1.68817E+00
  0.00000E+00   1.10630E+02   1.36280E+00
  0.00000E+00   1.08620E+02   1.15791E+00
  0.00000E+00   1.04927E+02   9.08361E-01
  0.00000E+00   1.00063E+02   4.11487E-01
  0.00000E+00   9.55326E+01  -6.97094E-03
  0.00000E+00   9.33656E+01   1.66323E-01
  0.00000E+00   9.29736E+01   3.64741E-01
  0.00000E+00   9.26643E+01   2.87441E-01
  0.00000E+00   9.15326E+01   6.23606E-02
  0.00000E+00   8.98736E+01  -2.12458E-01
  0.00000E+00   8.90296E+01  -3.58491E-01
  0.00000E+00   8.81804E+01  -5.19177E-01
  0.00000E+00   8.93208E+01  -7.34568E-01
  0.00000E+00   9.20757E+01  -1.01011E+00
  0.00000E+00   9.32117E+01  -1.05651E+00
  0.00000E+00   8.82912E+01  -9.53616E-01
  0.00000E+00   8.03436E+01  -6.56203E-01
  0.00000E+00   7.49368E+01  -5.37811E-01
  0.00000E+00   7.25533E+01  -6.95611E-01
  0.00000E+00   7.24077E+01  -9.81526E-01
  0.00000E+00   7.35875E+01  -1.14467E+00
  0.00000E+00   7.40258E+01  -1.21964E+00
  0.00000E+00   7.38590E+01  -1.24028E+00
  0.00000E+00   7.41723E+01  -1.04822E+00
  0.00000E+00   7.46894E+01  -1.06312E+00
  0.00000E+00   7.53655E+01  -1.20925E+00
  0.00000E+00   7.58310E+01  -1.26316E+00
  0.00000E+00   7.54017E+01  -8.65639E-01
  0.00000E+00   7.54062E+01  -5.03330E-01
  0.00000E+00   7.65271E+01  -1.77199E-01
  0.00000E+00   7.78498E+01   1.76781E-01
  0.00000E+00   7.86666E+01   5.49105E-01
  0.00000E+00   7.90558E+01   5.87942E-01
  0.00000E+00   7.90169E+01   7.35741E-01
  0.00000E+00   7.92619E+01   9.47459E-01
  0.00000E+00   7.99319E+01   9.31150E-01
  0.00000E+00   8.07889E+01   8.92056E-01
  0.00000E+00   8.13351E+01   8.66309E-01
  0.00000E+00   8.06078E+01   9.24848E-01
  0.00000E+00   7.90955E+01   8.28575E-01
  0.00000E+00   7.84544E+01   7.09885E-01
  0.00000E+00   7.88089E+01   6.85860E-01
  0.00000E+00   8.00699E+01   7.17240E-01
  0.00000E+00   8.06106E+01   7.67799E-01
  0.00000E+00   7.99532E+01   7.16677E-01
  0.00000E+00   7.84332E+01   4.91396E-01
  0.00000E+00   7.66589E+01   2.34316E-01
  0.00000E+00   7.50386E+01   1.29796E-01
  0.00000E+00   7.44944E+01   1.41531E-01
  0.00000E+00   7.54265E+01   1.80313E-01
  0.00000E+00   7.72717E+01   2.69964E-01
  0.00000E+00   7.83682E+01   5.15260E-01
  0.00000E+00   7.86249E+01   8.24333E-01
  0.00000E+00   7.86164E+01   1.05096E+00
  0.00000E+00   7.84599E+01   1.16857E+00
  0.00000E+00   7.91840E+01   1.20134E+00
  0.00000E+00   7.99582E+01   1.18638E+00
  0.00000E+00   8.03125E+01   1.02435E+00
  0.00000E+00   8.15872E+01   8.73812E-01
  0.00000E+00   8.29605E+01   6.17883E-01
  0.00000E+00   8.52920E+01   5.01628E-01
  0.00000E+00   8.81131E+01   6.60353E-01
  0.00000E+00   9.15937E+01   8.90740E-01
  0.00000E+00   9.38389E+01   9.83040E-01
  0.00000E+00   9.47553E+01   1.02390E+00
  0.00000E+00   9.57020E+01   1.12738E+00
  0.00000E+00   9.66063E+01   1.21185E+00
  0.00000E+00   9.78150E+01   1.23630E+00
  0.00000E+00   9.93070E+01   1.19771E+00
  0.00000E+00   1.02003E+02   1.07921E+00
  0.00000E+00   1.04408E+02   1.11659E+00
  0.00000E+00   1.05304E+02   1.23517E+00
  0.00000E+00   1.04620E+02   1.41080E+00
  0.00000E+00   1.03311E+02   1.79289E+00
  0.00000E+00   1.01748E+02   2.22056E+00
  0.00000E+00   1.02261E+02   2.42353E+00
  0.00000E+00   1.04168E+02   2.56985E+00
  0.00000E+00   1.05739E+02   2.75972E+00
  0.00000E+00   1.06899E+02   2.91656E+00
  0.00000E+00   1.06871E+02   3.08755E+00
  0.00000E+00   1.05607E+02   3.11217E+00
  0.00000E+00   1.03675E+02   3.14640E+00
  0.00000E+00   1.01305E+02   3.16691E+00
  0.00000E+00   1.01139E+02   2.92947E+00
  0.00000E+00   1.03151E+02   2.53478E+00
  0.00000E+00   1.06992E+02   2.18691E+00
  0.00000E+00   1.09639E+02   1.81786E+00
  0.00000E+00   1.10363E+02   1.43239E+00
  0.00000E+00   1.09570E+02   1.26668E+00
  0.00000E+00   1.06729E+02   1.15146E+00
  0.00000E+00   1.04346E+02   1.18981E+00
  0.00000E+00   1.05121E+02   1.07109E+00
  0.00000E+00   1.06885E+02   1.08479E+00
  0.00000E+00   1.06470E+02   1.09938E+00
  0.00000E+00   1.04637E+02   1.25832E+00
  0.00000E+00   1.02832E+02   1.55859E+00
  0.00000E+00   1.02274E+02   1.95905E+00
  0.00000E+00   1.03048E+02   2.31521E+00
  0.00000E+00   1.02712E+02   2.48566E+00
  0.00000E+00   1.00877E+02   2.72983E+00
  0.00000E+00   9.83818E+01   3.03351E+00
  0.00000E+00   9.67411E+01   3.21783E+00
  0.00000E+00   9.70164E+01   3.05569E+00
  0.00000E+00   1.00039E+02   2.90399E+00
  0.00000E+00   1.05217E+02   2.95837E+00
  0.00000E+00   1.10286E+02   3.08366E+00
  0.00000E+00   1.13120E+02   2.83908E+00
  0.00000E+00   1.13646E+02   2.99211E+00
  0.00000E+00   1.13745E+02   2.94098E+00
  0.00000E+00   1.12888E+02   2.93466E+00
  0.00000E+00   1.10980E+02   2.70502E+00
  0.00000E+00   1.09623E+02   2.59939E+00
  0.00000E+00   1.08631E+02   2.35850E+00
  0.00000E+00   1.07839E+02   2.16463E+00
  0.00000E+00   1.07362E+02   1.90988E+00
  0.00000E+00   1.08180E+02   1.67957E+00
  0.00000E+00   1.08888E+02   1.45826E+00
  0.00000E+00   1.08969E+02   1.46246E+00
  0.00000E+00   1.09999E+02   1.26002E+00
  0.00000E+00   1.12679E+02   1.04404E+00
  0.00000E+00   1.14986E+02   7.57735E-01
  0.00000E+00   1.14581E+02   2.46510E-01
  0.00000E+00   1.13544E+02  -1.89855E-01
  0.00000E+00   1.11262E+02  -5.74401E-01
  0.00000E+00   1.09298E+02  -6.58321E-01
  0.00000E+00   1.08768E+02  -9.08262E-01
  0.00000E+00   1.09408E+02  -1.14883E+00
  0.00000E+00   1.11267E+02  -1.41163E+00
  0.00000E+00   1.12094E+02  -1.97422E+00
  0.00000E+00   1.10863E+02  -2.36709E+00
  0.00000E+00   1.09585E+02  -2.46726E+00
  0.00000E+00   1.08417E+02  -2.55000E+00
  0.00000E+00   1.07216E+02  -2.60495E+00
  0.00000E+00   1.06031E+02  -2.68849E+00
  0.00000E+00   1.06371E+02  -2.39742E+00
  0.00000E+00   1.07856E+02  -2.07746E+00
  0.00000E+00   1.09066E+02  -1.84999E+00
