  0.00000E+00   9.68518E-05   5.70041E-06
  0.00000E+00   9.94872E-05   9.25436E-06
  0.00000E+00   9.96481E-05   9.03954E-06
  0.00000E+00   1.06338E-04   8.59480E-06
  0.00000E+00   1.19276E-04   8.37243E-06
  0.00000E+00   1.39339E-04   8.66586E-06
  0.00000E+00   1.67721E-04   9.68153E-06
  0.00000E+00   2.06599E-04   1.15606E-05
  0.00000E+00   2.58918E-04   1.45168E-05
  0.00000E+00   3.28629E-04   1.88171E-05
  0.00000E+00   4.21417E-04   2.48375E-05
  0.00000E+00   5.44394E-04   3.30399E-05
  0.00000E+00   7.06755E-04   4.41109E-05
  0.00000E+00   9.21270E-04   5.88385E-05
  0.00000E+00   1.20602E-03   7.81923E-05
  0.00000E+00   1.58323E-03   1.03585E-04
  0.00000E+00   2.08550E-03   1.36766E-04
  0.00000E+00   2.75538E-03   1.79837E-04
  0.00000E+00   3.65116E-03   2.36003E-04
  0.00000E+00   4.85102E-03   3.09079E-04
  0.00000E+00   6.46285E-03   4.03856E-04
  0.00000E+00   8.63139E-03   5.27242E-04
  0.00000E+00   1.15538E-02   6.87398E-04
  0.00000E+00   1.54978E-02   8.95129E-04
  0.00000E+00   2.08252E-02   1.16411E-03
  0.00000E+00   2.80209E-02   1.51184E-03
  0.00000E+00   3.77381E-02   1.95920E-03
  0.00000E+00   5.08424E-02   2.53200E-03
  0.00000E+00   6.84709E-02   3.26072E-03
  0.00000E+00   9.20998E-02   4.17919E-03
  0.00000E+00   1.23614E-01   5.32325E-03
  0.00000E+00   1.65370E-01   6.72861E-03
  0.00000E+00   2.20229E-01   8.42561E-03
  0.00000E+00   2.91570E-01   1.04322E-02
  0.00000E+00   3.83222E-01   1.27459E-02
  0.00000E+00   4.99313E-01   1.53353E-02
  0.00000E+00   6.44026E-01   1.81310E-02
  0.00000E+00   8.21263E-01   2.10210E-02
  0.00000E+00   1.03429E+00   2.38493E-02
  0.00000E+00   1.28540E+00   2.64182E-02
  0.00000E+00   1.57574E+00   2.85000E-02
  0.00000E+00   1.90521E+00   2.98629E-02
  0.00000E+00   2.27259E+00   3.03222E-02
  0.00000E+00   2.67591E+00   2.98110E-02
  0.00000E+00   3.11310E+00   2.84517E-02
  0.00000E+00   3.58276E+00   2.65875E-02
  0.00000E+00   4.08479E+00   2.47116E-02
  0.00000E+00   4.62047E+00   2.32663E-02
  0.00000E+00   5.19175E+00   2.23385E-02
  0.00000E+00   5.80014E+00   2.14328E-02
  0.00000E+00   6.44559E+00   1.95574E-02
  0.00000E+00   7.12539E+00   1.54291E-02
  0.00000E+00   7.83223E+00   6.96310E-03
  0.00000E+00   8.55365E+00  -9.24313E-03
  0.00000E+00   9.28618E+00  -3.65165E-02
  0.00000E+00   1.00629E+01  -7.54643E-02
  0.00000E+00   1.09356E+01  -1.16938E-01
  0.00000E+00   1.19328E+01  -1.43580E-01
  0.00000E+00   1.30618E+01  -1.50022E-01
  0.00000E+00   1.43314E+01  -1.30725E-01
  0.00000E+00   1.57769E+01  -7.79011E-02
  0.00000E+00   1.73849E+01  -3.50474E-02
  0.00000E+00   1.91257E+01  -1.95514E-02
  0.00000E+00   2.10322E+01   3.14388E-02
  0.00000E+00   2.31472E+01   1.58673E-01
  0.00000E+00   2.55362E+01   3.28154E-01
  0.00000E+00   2.83484E+01   4.35938E-01
  0.00000E+00   3.14135E+01   4.38895E-01
  0.00000E+00   3.45466E+01   3.96790E-01
  0.00000E+00   3.74045E+01   3.33012E-01
  0.00000E+00   4.00043E+01   2.14639E-01
  0.00000E+00   4.24636E+01   1.66029E-01
  0.00000E+00   4.46266E+01   2.24242E-01
  0.00000E+00   4.61052E+01   2.23451E-01
  0.00000E+00   4.65326E+01   1.58323E-01
  0.00000E+00   4.55791E+01  -8.67266E-02
  0.00000E+00   4.42843E+01  -4.42014E-01
  0.00000E+00   4.37020E+01  -3.25850E-01
  0.00000E+00   4.38434E+01  -2.73834E-01
  0.00000E+00   4.35300E+01  -2.32499E-02
  0.00000E+00   4.17727E+01   3.77541E-01
  0.00000E+00   3.90147E+01   6.16317E-01
  0.00000E+00   3.62067E+01   8.79134E-01
  0.00000E+00   3.44319E+01   8.34766E-01
  0.00000E+00   3.34445E+01   8.09055E-01
  0.00000E+00   3.26863E+01   6.37353E-01
  0.00000E+00   3.21658E+01   2.92251E-01
  0.00000E+00   3.24058E+01   1.12660E-01
  0.00000E+00   3.32054E+01   1.14152E-01
  0.00000E+00   3.41022E+01   1.26749E-01
  0.00000E+00   3.49430E+01   1.91459E-01
  0.00000E+00   3.54408E+01   3.43137E-01
  0.00000E+00   3.58160E+01   5.23289E-01
  0.00000E+00   3.59536E+01   6.48780E-01
  0.00000E+00   3.60360E+01   8.40185E-01
  0.00000E+00   3.66266E+01   9.99331E-01
  0.00000E+00   3.77427E+01   1.08100E+00
  0.00000E+00   3.94479E+01   1.08450E+00
  0.00000E+00   4.17956E+01   9.92414E-01
  0.00000E+00   4.42753E+01   7.82216E-01
  0.00000E+00   4.62826E+01   5.02478E-01
  0.00000E+00   4.77462E+01   1.54943E-01
  0.00000E+00   4.87798E+01  -1.99016E-01
  0.00000E+00   4.96746E+01  -4.79845E-01
  0.00000E+00   5.06620E+01  -6.98301E-01
  0.00000E+00   5.18218E+01  -8.61693E-01
  0.00000E+00   5.25133E+01  -1.01974E+00
  0.00000E+00   5.28039E+01  -1.09645E+00
  0.00000E+00   5.35857E+01  -1.10646E+00
  0.00000E+00   5.53902E+01  -9.87367E-01
  0.00000E+00   5.76466E+01  -8.58987E-01
  0.00000E+00   5.96943E+01  -7.57486E-01
  0.00000E+00   6.09858E+01  -6.80322E-01
  0.00000E+00   6.17822E+01  -6.31563E-01
  0.00000E+00   6.21830E+01  -5.92341E-01
  0.00000E+00   6.18080E+01  -6.79428E-01
  0.00000E+00   6.07313E+01  -6.37532E-01
  0.00000E+00   6.03934E+01  -5.48884E-01
  0.00000E+00   6.08270E+01  -3.81013E-01
  0.00000E+00   6.17137E+01  -2.66719E-01
  0.00000E+00   6.27739E+01  -2.86975E-01
  0.00000E+00   6.35802E+01  -2.66242E-01
  0.00000E+00   6.42154E+01  -4.02079E-01
  0.00000E+00   6.46859E+01  -6.62618E-01
  0.00000E+00   6.56720E+01  -7.68447E-01
  0.00000E+00   6.70865E+01  -7.68823E-01
  0.00000E+00   6.89011E+01  -7.38584E-01
  0.00000E+00   7.07111E+01  -7.87273E-01
  0.00000E+00   7.19927E+01  -8.84302E-01
  0.00000E+00   7.24952E+01  -7.71238E-01
  0.00000E+00   7.29851E+01  -7.07290E-01
  0.00000E+00   7.47846E+01  -4.97120E-01
  0.00000E+00   7.73530E+01  -9.55670E-02
  0.00000E+00   7.99673E+01   3.68461E-01
  0.00000E+00   8.20307E+01   6.20295E-01
  0.00000E+00   8.32973E+01   7.29516E-01
  0.00000E+00   8.40857E+01   8.33068E-01
  0.00000E+00   8.44064E+01   7.73280E-01
  0.00000E+00   8.39071E+01   7.07576E-01
  0.00000E+00   8.30905E+01   6.81882E-01
  0.00000E+00   8.24018E+01   6.12671E-01
  0.00000E+00   8.08520E+01   2.91889E-01
  0.00000E+00   7.86195E+01  -6.43174E-02
  0.00000E+00   7.71960E+01  -1.77180E-01
  0.00000E+00   7.76282E+01  -2.74742E-01
  0.00000E+00   7.98551E+01  -2.07736E-01
  0.00000E+00   8.25788E+01  -2.80449E-01
  0.00000E+00   8.43213E+01  -2.88291E-01
  0.00000E+00   8.56375E+01  -8.08774E-02
  0.00000E+00   8.57960E+01   2.44074E-01
  0.00000E+00   8.56879E+01   4.82744E-01
  0.00000E+00   8.62717E+01   4.82979E-01
  0.00000E+00   8.71760E+01   4.21281E-01
  0.00000E+00   8.82622E+01   2.35911E-01
  0.00000E+00   8.94510E+01   3.21141E-01
  0.00000E+00   8.98976E+01   6.99098E-01
  0.00000E+00   8.92618E+01   1.05893E+00
  0.00000E+00   8.76984E+01   1.33552E+00
  0.00000E+00   8.51234E+01   1.52701E+00
  0.00000E+00   8.34335E+01   1.48804E+00
  0.00000E+00   8.25446E+01   1.34439E+00
  0.00000E+00   8.13302E+01   1.22830E+00
  0.00000E+00   7.91469E+01   1.12484E+00
  0.00000E+00   7.65110E+01   1.09297E+00
  0.00000E+00   7.51127E+01   1.24578E+00
  0.00000E+00   7.35885E+01   1.43726E+00
  0.00000E+00   7.12590E+01   1.28469E+00
  0.00000E+00   6.84170E+01   8.96594E-01
  0.00000E+00   6.63723E+01   6.04257E-01
  0.00000E+00   6.58705E+01   1.34017E-01
  0.00000E+00   6.67571E+01  -2.11658E-02
  0.00000E+00   6.75627E+01  -2.00600E-01
  0.00000E+00   6.66453E+01  -3.62226E-01
  0.00000E+00   6.49125E+01  -3.89637E-01
  0.00000E+00   6.43299E+01  -2.51444E-01
  0.00000E+00   6.48977E+01   5.24981E-02
  0.00000E+00   6.61818E+01   4.40482E-01
  0.00000E+00   6.75380E+01   5.89742E-01
  0.00000E+00   6.82095E+01   5.82717E-01
  0.00000E+00   6.88096E+01   5.19855E-01
  0.00000E+00   6.98697E+01   4.59339E-01
  0.00000E+00   7.13162E+01   4.25440E-01
  0.00000E+00   7.25842E+01   4.21883E-01
  0.00000E+00   7.39566E+01   6.08408E-01
  0.00000E+00   7.54741E+01   8.29858E-01
  0.00000E+00   7.61862E+01   8.91896E-01
  0.00000E+00   7.56475E+01   8.18857E-01
  0.00000E+00   7.46848E+01   6.82237E-01
  0.00000E+00   7.48494E+01   5.42086E-01
  0.00000E+00   7.56798E+01   5.48442E-01
  0.00000E+00   7.63076E+01   5.51100E-01
  0.00000E+00   7.60970E+01   6.27574E-01
  0.00000E+00   7.44621E+01   8.52496E-01
  0.00000E+00   7.31380E+01   1.10870E+00
  0.00000E+00   7.10400E+01   1.24205E+00
  0.00000E+00   6.84671E+01   1.23452E+00
  0.00000E+00   6.64719E+01   1.24296E+00
  0.00000E+00   6.51352E+01   1.09102E+00
  0.00000E+00   6.46337E+01   7.86283E-01
  0.00000E+00   6.41966E+01   3.52391E-01
  0.00000E+00   6.24520E+01   1.35488E-01
  0.00000E+00   5.96276E+01  -4.33845E-02
  0.00000E+00   5.73525E+01  -1.05272E-01
  0.00000E+00   5.64395E+01  -7.68328E-02
  0.00000E+00   5.72050E+01  -5.87779E-03
  0.00000E+00   5.89022E+01  -5.08303E-02
  0.00000E+00   6.11900E+01  -1.91499E-01
  0.00000E+00   6.29270E+01  -3.97399E-01
  0.00000E+00   6.38770E+01  -7.09864E-01
  0.00000E+00   6.43676E+01  -7.64336E-01
  0.00000E+00   6.47294E+01  -6.63721E-01
  0.00000E+00   6.59217E+01  -4.93927E-01
  0.00000E+00   6.79511E+01  -3.88527E-01
  0.00000E+00   7.02522E+01  -3.70722E-01
  0.00000E+00   7.17832E+01  -2.95624E-01
  0.00000E+00   7.19913E+01  -1.04113E-01
  0.00000E+00   7.14705E+01   1.05308E-02
  0.00000E+00   7.10237E+01   1.68789E-01
  0.00000E+00   7.15999E+01   4.27005E-01
  0.00000E+00   7.33098E+01   5.93948E-01
  0.00000E+00   7.59675E+01   6.31701E-01
  0.00000E+00   7.87957E+01   5.61382E-01
  0.00000E+00   8.06962E+01   5.89843E-01
  0.00000E+00   8.15702E+01   6.54394E-01
  0.00000E+00   8.30685E+01   6.32473E-01
  0.00000E+00   8.55765E+01   5.53311E-01
  0.00000E+00   8.86948E+01   4.68573E-01
  0.00000E+00   9.13608E+01   4.66815E-01
  0.00000E+00   9.21902E+01   2.79184E-01
  0.00000E+00   9.12420E+01   1.46089E-01
  0.00000E+00   9.02493E+01   1.90296E-01
  0.00000E+00   9.06541E+01   3.42461E-01
  0.00000E+00   9.28218E+01   6.04956E-01
  0.00000E+00   9.59736E+01   9.57494E-01
  0.00000E+00   9.84653E+01   1.23903E+00
  0.00000E+00   9.96151E+01   1.48604E+00
  0.00000E+00   9.97358E+01   1.53812E+00
  0.00000E+00   9.94556E+01   1.26904E+00
  0.00000E+00   9.92555E+01   1.14534E+00
  0.00000E+00   9.97426E+01   1.06365E+00
  0.00000E+00   1.01268E+02   1.02027E+00
  0.00000E+00   1.03192E+02   1.00029E+00
  0.00000E+00   1.03819E+02   1.13866E+00
  0.00000E+00   1.02555E+02   1.35363E+00
  0.00000E+00   1.00493E+02   1.49560E+00
  0.00000E+00   9.86550E+01   1.55600E+00
  0.00000E+00   9.76999E+01   1.75539E+00
  0.00000E+00   9.76477E+01   1.81984E+00
  0.00000E+00   9.68678E+01   1.91056E+00
  0.00000E+00   9.41000E+01   2.05169E+00
  0.00000E+00   8.96033E+01   2.33376E+00
  0.00000E+00   8.48942E+01   2.38628E+00
  0.00000E+00   8.19816E+01   2.44167E+00
  0.00000E+00   8.08825E+01   2.37340E+00
  0.00000E+00   8.18363E+01   1.98136E+00
  0.00000E+00   8.37460E+01   1.60838E+00
  0.00000E+00   8.56626E+01   1.40393E+00
  0.00000E+00   8.72048E+01   1.01934E+00
  0.00000E+00   8.71775E+01   5.08134E-01
  0.00000E+00   8.62886E+01   2.22762E-01
  0.00000E+00   8.47350E+01   1.52625E-01
  0.00000E+00   8.28413E+01   1.78333E-01
  0.00000E+00   8.10548E+01   1.81105E-01
  0.00000E+00   7.90030E+01   2.74692E-01
  0.00000E+00   7.67583E+01   2.37304E-01
  0.00000E+00   7.36688E+01   1.18159E-01
  0.00000E+00   7.06232E+01  -1.39611E-01
  0.00000E+00   6.84192E+01  -4.28478E-01
  0.00000E+00   6.78192E+01  -6.98899E-01
  0.00000E+00   6.79494E+01  -7.73763E-01
  0.00000E+00   6.80416E+01  -9.66363E-01
  0.00000E+00   6.89579E+01  -1.17336E+00
  0.00000E+00   7.03119E+01  -1.25646E+00
  0.00000E+00   7.16856E+01  -1.33941E+00
  0.00000E+00   7.24669E+01  -1.56416E+00
  0.00000E+00   7.26658E+01  -1.88846E+00
  0.00000E+00   7.17772E+01  -2.19073E+00
  0.00000E+00   7.06115E+01  -2.36171E+00
  0.00000E+00   7.01031E+01  -2.38004E+00
  0.00000E+00   7.04587E+01  -2.15250E+00
  0.00000E+00   7.09108E+01  -2.12826E+00
  0.00000E+00   7.08072E+01  -2.36930E+00
  0.00000E+00   7.11218E+01  -2.68081E+00
  0.00000E+00   7.18533E+01  -2.88444E+00
  0.00000E+00   7.30348E+01  -3.12605E+00
  0.00000E+00   7.51662E+01  -3.36934E+00
  0.00000E+00   7.76493E+01  -3.57991E+00
  0.00000E+00   7.98204E+01  -3.70544E+00
  0.00000E+00   8.11512E+01  -3.69644E+00
  0.00000E+00   8.20600E+01  -3.72768E+00
  0.00000E+00   8.23692E+01  -3.76989E+00
  0.00000E+00   8.21569E+01  -3.59932E+00
  0.00000E+00   8.10547E+01  -3.15041E+00
  0.00000E+00   7.93736E+01  -2.61980E+00
  0.00000E+00   7.74683E+01  -2.23783E+00
  0.00000E+00   7.59771E+01  -2.07395E+00
  0.00000E+00   7.52398E+01  -1.95362E+00
  0.00000E+00   7.37765E+01  -1.91867E+00
  0.00000E+00   7.17434E+01  -2.04796E+00
  0.00000E+00   6.98804E+01  -1.97563E+00
  0.00000E+00   6.86529E+01  -1.60454E+00
  0.00000E+00   6.75264E+01  -1.41412E+00
  0.00000E+00   6.66801E+01  -1.28465E+00
  0.00000E+00   6.59650E+01  -1.15022E+00
  0.00000E+00   6.58717E+01  -1.20420E+00
  0.00000E+00   6.62324E+01  -1.25891E+00
  0.00000E+00   6.68875E+01  -1.20355E+00
  0.00000E+00   6.71538E+01  -1.09694E+00
  0.00000E+00   6.69384E+01  -8.97068E-01
  0.00000E+00   6.70048E+01  -6.05290E-01
  0.00000E+00   6.75614E+01  -1.82960E-01
  0.00000E+00   6.82887E+01   1.40439E-01
  0.00000E+00   6.82227E+01   5.27344E-01
  0.00000E+00   6.80278E+01   6.54906E-01
  0.00000E+00   6.82553E+01   7.06251E-01
  0.00000E+00   6.87341E+01   5.90025E-01
  0.00000E+00   6.91980E+01   6.00195E-01
  0.00000E+00   6.99052E+01   7.68237E-01
  0.00000E+00   7.08838E+01   9.74173E-01
  0.00000E+00   7.26859E+01   9.77942E-01
  0.00000E+00   7.57342E+01   8.97005E-01
  0.00000E+00   7.91656E+01   8.24216E-01
  0.00000E+00   8.17597E+01   7.54779E-01
  0.00000E+00   8.32189E+01   7.11272E-01
  0.00000E+00   8.36279E+01   3.83985E-01
  0.00000E+00   8.24142E+01  -1.26519E-01
  0.00000E+00   7.96987E+01  -6.56929E-01
  0.00000E+00   7.72390E+01  -1.17819E+00
  0.00000E+00   7.56624E+01  -1.45217E+00
  0.00000E+00   7.47521E+01  -1.56875E+00
  0.00000E+00   7.41684E+01  -1.70550E+00
  0.00000E+00   7.30948E+01  -1.80216E+00
  0.00000E+00   7.12563E+01  -1.77767E+00
  0.00000E+00   6.87862E+01  -1.56133E+00
  0.00000E+00   6.80870E+01  -1.44796E+00
  0.00000E+00   6.84405E+01  -1.32122E+00
  0.00000E+00   6.93139E+01  -1.09799E+00
  0.00000E+00   6.95485E+01  -1.05075E+00
  0.00000E+00   6.94261E+01  -1.20811E+00
  0.00000E+00   6.99390E+01  -1.31532E+00
  0.00000E+00   7.09190E+01  -1.24964E+00
  0.00000E+00   7.15570E+01  -1.23830E+00
  0.00000E+00   7.13631E+01  -1.06441E+00
  0.00000E+00   7.13445E+01  -9.40047E-01
  0.00000E+00   7.19282E+01  -8.54249E-01
  0.00000E+00   7.26939E+01  -5.44104E-01
  0.00000E+00   7.35621E+01  -2.06501E-01
  0.00000E+00   7.44630E+01   1.13118E-01
  0.00000E+00   7.59284E+01   4.56256E-01
  0.00000E+00   7.77308E+01   6.53039E-01
  0.00000E+00   7.86332E+01   8.19736E-01
  0.00000E+00   7.81719E+01   1.00229E+00
  0.00000E+00   7.62063E+01   1.24703E+00
  0.00000E+00   7.39234E+01   1.24064E+00
  0.00000E+00   7.27050E+01   1.08801E+00
  0.00000E+00   7.25779E+01   9.03274E-01
  0.00000E+00   7.29222E+01   7.90706E-01
  0.00000E+00   7.37893E+01   8.57097E-01
  0.00000E+00   7.45310E+01   8.77858E-01
  0.00000E+00   7.54353E+01   9.59948E-01
  0.00000E+00   7.51410E+01   1.03501E+00
  0.00000E+00   7.35917E+01   1.14086E+00
  0.00000E+00   7.23483E+01   1.05237E+00
  0.00000E+00   7.22806E+01   9.18783E-01
  0.00000E+00   7.26006E+01   9.91910E-01
  0.00000E+00   7.26475E+01   1.09824E+00
  0.00000E+00   7.26834E+01   1.26856E+00
  0.00000E+00   7.30822E+01   1.49814E+00
  0.00000E+00   7.37371E+01   1.52120E+00
  0.00000E+00   7.49405E+01   1.45247E+00
  0.00000E+00   7.62291E+01   1.13575E+00
  0.00000E+00   7.71584E+01   8.92955E-01
  0.00000E+00   7.84139E+01   9.35666E-01
  0.00000E+00   8.02810E+01   1.03469E+00
  0.00000E+00   8.22040E+01   9.62437E-01
  0.00000E+00   8.26798E+01   8.94058E-01
  0.00000E+00   8.19947E+01   8.03146E-01
  0.00000E+00   8.15634E+01   8.21523E-01
  0.00000E+00   8.10117E+01   9.85899E-01
  0.00000E+00   8.03014E+01   1.24913E+00
  0.00000E+00   7.97209E+01   1.37214E+00
  0.00000E+00   7.94095E+01   1.30736E+00
  0.00000E+00   7.89712E+01   1.02908E+00
  0.00000E+00   7.88294E+01   8.86212E-01
  0.00000E+00   7.90820E+01   7.23397E-01
  0.00000E+00   7.95088E+01   3.07543E-01
  0.00000E+00   8.03085E+01   7.19654E-02
  0.00000E+00   8.15872E+01   3.17583E-02
  0.00000E+00   8.31095E+01  -1.75091E-01
  0.00000E+00   8.38603E+01  -2.98442E-01
  0.00000E+00   8.36289E+01  -4.27954E-01
  0.00000E+00   8.26538E+01  -3.50062E-01
  0.00000E+00   8.18080E+01  -3.17510E-01
  0.00000E+00   8.12829E+01  -1.99550E-01
  0.00000E+00   8.14746E+01  -6.68734E-02
  0.00000E+00   8.21011E+01  -2.07883E-02
  0.00000E+00   8.25626E+01  -6.62044E-02
  0.00000E+00   8.24526E+01   1.24955E-02
  0.00000E+00   8.23025E+01   2.36545E-01
  0.00000E+00   8.23553E+01   4.37223E-01
  0.00000E+00   8.20486E+01   5.31424E-01
  0.00000E+00   8.27442E+01   7.36950E-01
  0.00000E+00   8.41915E+01   7.59411E-01
  0.00000E+00   8.49242E+01   9.03871E-01
  0.00000E+00   8.42372E+01   1.01381E+00
  0.00000E+00   8.28725E+01   8.73604E-01
  0.00000E+00   8.18075E+01   6.17868E-01
  0.00000E+00   8.15590E+01   3.97802E-01
  0.00000E+00   8.20306E+01   2.35247E-01
  0.00000E+00   8.17284E+01  -3.52875E-02
  0.00000E+00   8.21976E+01  -3.59798E-01
  0.00000E+00   8.39441E+01  -7.73686E-01
  0.00000E+00   8.53504E+01  -9.61845E-01
  0.00000E+00   8.51148E+01  -9.97872E-01
  0.00000E+00   8.38705E+01  -7.83587E-01
  0.00000E+00   8.33006E+01  -6.14661E-01
  0.00000E+00   8.46322E+01  -1.47420E-01
  0.00000E+00   8.63248E+01   3.23268E-01
  0.00000E+00   8.62668E+01   7.25989E-01
  0.00000E+00   8.48844E+01   9.32341E-01
  0.00000E+00   8.35981E+01   1.15015E+00
  0.00000E+00   8.29455E+01   1.04057E+00
  0.00000E+00   8.19363E+01   9.06071E-01
  0.00000E+00   8.12464E+01   6.13107E-01
  0.00000E+00   8.14570E+01   4.53035E-01
  0.00000E+00   8.19197E+01   3.51888E-01
  0.00000E+00   8.17284E+01   1.90585E-01
  0.00000E+00   8.20994E+01  -1.05330E-01
  0.00000E+00   8.28906E+01  -5.48843E-01
  0.00000E+00   8.35388E+01  -1.06620E+00
  0.00000E+00   8.45199E+01  -1.42757E+00
  0.00000E+00   8.65869E+01  -1.70964E+00
  0.00000E+00   8.93119E+01  -2.07139E+00
  0.00000E+00   9.00850E+01  -2.14735E+00
  0.00000E+00   8.86014E+01  -1.90365E+00
  0.00000E+00   8.64869E+01  -1.41021E+00
  0.00000E+00   8.51240E+01  -9.76217E-01
  0.00000E+00   8.45973E+01  -9.02401E-01
  0.00000E+00   8.45446E+01  -7.83423E-01
  0.00000E+00   8.50019E+01  -7.40718E-01
  0.00000E+00   8.56576E+01  -7.43444E-01
  0.00000E+00   8.61921E+01  -9.16272E-01
  0.00000E+00   8.68131E+01  -1.09184E+00
  0.00000E+00   8.74128E+01  -1.07287E+00
  0.00000E+00   8.79327E+01  -1.07524E+00
  0.00000E+00   8.95035E+01  -9.58705E-01
  0.00000E+00   9.15816E+01  -8.74313E-01
  0.00000E+00   9.32555E+01  -5.84822E-01
  0.00000E+00   9.49174E+01  -2.65200E-01
  0.00000E+00   9.60002E+01   1.27030E-01
  0.00000E+00   9.59223E+01   6.56927E-01
  0.00000E+00   9.44659E+01   1.30714E+00
  0.00000E+00   9.10130E+01   1.81366E+00
  0.00000E+00   8.68101E+01   2.18955E+00
  0.00000E+00   8.43648E+01   2.30062E+00
  0.00000E+00   8.40139E+01   2.23561E+00
  0.00000E+00   8.47280E+01   2.15026E+00
  0.00000E+00   8.47645E+01   2.17794E+00
  0.00000E+00   8.49996E+01   2.09483E+00
  0.00000E+00   8.60216E+01   1.91391E+00
  0.00000E+00   8.79479E+01   1.99707E+00
  0.00000E+00   8.97851E+01   2.00225E+00
  0.00000E+00   9.12306E+01   1.68488E+00
  0.00000E+00   9.21832E+01   1.23007E+00
  0.00000E+00   9.22955E+01   8.73741E-01
  0.00000E+00   9.22269E+01   5.79173E-01
  0.00000E+00   9.18306E+01   3.61387E-01
  0.00000E+00   9.06112E+01   3.42870E-01
  0.00000E+00   8.95234E+01   5.06151E-02
  0.00000E+00   8.83882E+01  -6.39387E-02
  0.00000E+00   8.74826E+01  -2.63265E-01
  0.00000E+00   8.63298E+01  -3.96479E-01
  0.00000E+00   8.53157E+01  -4.09857E-01
  0.00000E+00   8.50603E+01  -3.58562E-01
  0.00000E+00   8.56582E+01  -2.48292E-01
  0.00000E+00   8.66784E+01  -1.83416E-01
  0.00000E+00   8.70712E+01  -1.85605E-01
  0.00000E+00   8.75505E+01  -1.70608E-01
  0.00000E+00   8.90559E+01  -1.86940E-01
  0.00000E+00   9.07192E+01   1.24821E-02
  0.00000E+00   9.18819E+01  -6.92731E-02
  0.00000E+00   9.22798E+01  -5.78851E-02
  0.00000E+00   9.26594E+01   2.88645E-01
  0.00000E+00   9.31844E+01   6.98718E-01
  0.00000E+00   9.39727E+01   8.60950E-01
  0.00000E+00   9.45363E+01   9.29466E-01
  0.00000E+00   9.43773E+01   1.32535E+00
  0.00000E+00   9.44217E+01   1.52223E+00
  0.00000E+00   9.51106E+01   1.44779E+00
  0.00000E+00   9.57054E+01   1.26688E+00
  0.00000E+00   9.46016E+01   9.79106E-01
  0.00000E+00   9.24742E+01   5.69377E-01
  0.00000E+00   9.06119E+01   2.48077E-01
  0.00000E+00   8.96270E+01  -1.37317E-02
  0.00000E+00   8.97151E+01  -5.57753E-02
  0.00000E+00   9.04465E+01  -2.32128E-01
  0.00000E+00   9.11621E+01  -6.02053E-01
  0.00000E+00   9.16757E+01  -1.10615E+00
  0.00000E+00   9.26059E+01  -1.50463E+00
  0.00000E+00   9.44246E+01  -1.73354E+00
  0.00000E+00   9.63490E+01  -1.84192E+00
  0.00000E+00   9.80432E+01  -2.02140E+00
  0.00000E+00   9.91748E+01  -2.22996E+00
  0.00000E+00   9.98501E+01  -2.30027E+00
  0.00000E+00   9.93500E+01  -2.03320E+00
  0.00000E+00   9.80682E+01  -1.56914E+00
  0.00000E+00   9.68346E+01  -1.15244E+00
  0.00000E+00   9.63968E+01  -8.82353E-01
  0.00000E+00   9.57057E+01  -6.17427E-01
  0.00000E+00   9.42543E+01  -3.13177E-01
  0.00000E+00   9.21111E+01  -5.93898E-02
  0.00000E+00   9.01541E+01   6.28229E-02
  0.00000E+00   9.10839E+01   2.99041E-01
  0.00000E+00   9.35646E+01   3.37021E-01
  0.00000E+00   9.48902E+01   3.51785E-01
  0.00000E+00   9.39917E+01   5.09757E-01
  0.00000E+00   9.35559E+01   3.81128E-01
  0.00000E+00   9.36561E+01   1.20836E-01
  0.00000E+00   9.41363E+01  -2.07631E-01
  0.00000E+00   9.51426E+01  -4.68237E-01
  0.00000E+00   9.60559E+01  -6.96416E-01
  0.00000E+00   9.86442E+01  -7.18760E-01
  0.00000E+00   1.02755E+02  -8.12692E-01
  0.00000E+00   1.07172E+02  -7.36160E-01
  0.00000E+00   1.09615E+02  -6.72120E-01
  0.00000E+00   1.10528E+02  -5.04865E-01
  0.00000E+00   1.11039E+02  -4.53416E-01
  0.00000E+00   1.12252E+02  -4.52989E-01
  0.00000E+00   1.14063E+02  -5.07582E-01
  0.00000E+00   1.16271E+02  -6.25484E-01
  0.00000E+00   1.19114E+02  -7.78751E-01
  0.00000E+00   1.22691E+02  -8.32823E-01
  0.00000E+00   1.25865E+02  -6.22515E-01
  0.00000E+00   1.25013E+02  -1.46971E-01
  0.00000E+00   1.19343E+02   1.67542E-01
  0.00000E+00   1.14308E+02   3.90294E-01
  0.00000E+00   1.11238E+02   5.86995E-02
  0.00000E+00   1.10077E+02  -5.15339E-01
  0.00000E+00   1.09831E+02  -1.24659E+00
  0.00000E+00   1.08259E+02  -1.71829E+00
  0.00000E+00   1.06372E+02  -1.62291E+00
  0.00000E+00   1.06390E+02  -1.41120E+00
  0.00000E+00   1.07973E+02  -9.59351E-01
  0.00000E+00   1.11040E+02  -6.79944E-01
  0.00000E+00   1.13168E+02  -3.41327E-01
  0.00000E+00   1.14202E+02   4.52868E-02
  0.00000E+00   1.14385E+02   1.94905E-01
  0.00000E+00   1.14061E+02   2.61323E-01
  0.00000E+00   1.12617E+02   5.94896E-01
  0.00000E+00   1.11481E+02   8.83422E-01
  0.00000E+00   1.11529E+02   1.07349E+00
  0.00000E+00   1.13294E+02   1.37857E+00
  0.00000E+00   1.15104E+02   1.39510E+00
  0.00000E+00   1.14556E+02   1.57995E+00
  0.00000E+00   1.12183E+02   1.62282E+00
  0.00000E+00   1.09616E+02   1.62912E+00
  0.00000E+00   1.07651E+02   1.67673E+00
  0.00000E+00   1.05104E+02   1.44915E+00
  0.00000E+00   1.02271E+02   1.18794E+00
  0.00000E+00   1.01062E+02   1.10279E+00
  0.00000E+00   1.00998E+02   8.43363E-01
  0.00000E+00   1.01817E+02   7.06431E-01
  0.00000E+00   1.01304E+02   8.14751E-01
  0.00000E+00   9.92375E+01   7.68201E-01
  0.00000E+00   9.82111E+01   7.66600E-01
  0.00000E+00   9.87482E+01   8.24493E-01
  0.00000E+00   1.00075E+02   6.41309E-01
  0.00000E+00   9.94314E+01   5.83627E-01
  0.00000E+00   9.74937E+01   4.17523E-01
  0.00000E+00   9.61563E+01   1.91815E-01
  0.00000E+00   9.56154E+01   3.03332E-01
  0.00000E+00   9.60628E+01   2.44931E-01
  0.00000E+00   9.60421E+01   2.60683E-01
  0.00000E+00   9.49040E+01   5.91320E-02
  0.00000E+00   9.47682E+01  -9.44933E-02
  0.00000E+00   9.63926E+01  -1.10105E-01
  0.00000E+00   9.80868E+01  -2.54241E-01
  0.00000E+00   9.65592E+01  -3.08622E-01
  0.00000E+00   9.38407E+01  -5.87667E-01
  0.00000E+00   9.16224E+01  -9.37787E-01
  0.00000E+00   9.00248E+01  -1.20016E+00
  0.00000E+00   8.85377E+01  -1.40317E+00
  0.00000E+00   8.74180E+01  -1.38009E+00
  0.00000E+00   8.72979E+01  -1.27514E+00
  0.00000E+00   8.80076E+01  -1.24962E+00
  0.00000E+00   8.86337E+01  -1.41380E+00
  0.00000E+00   8.76036E+01  -1.74928E+00
  0.00000E+00   8.40331E+01  -1.91485E+00
  0.00000E+00   8.11506E+01  -2.09334E+00
  0.00000E+00   7.95988E+01  -2.14679E+00
  0.00000E+00   7.96397E+01  -2.26536E+00
  0.00000E+00   7.98343E+01  -2.65853E+00
  0.00000E+00   7.91360E+01  -2.72449E+00
  0.00000E+00   7.94865E+01  -2.49864E+00
  0.00000E+00   8.11180E+01  -2.32562E+00
  0.00000E+00   8.21928E+01  -2.19883E+00
  0.00000E+00   8.06887E+01  -2.09578E+00
  0.00000E+00   7.77489E+01  -2.15930E+00
  0.00000E+00   7.50018E+01  -2.34145E+00
  0.00000E+00   7.34692E+01  -2.61116E+00
  0.00000E+00   7.29995E+01  -2.78856E+00
  0.00000E+00   7.28301E+01  -2.80692E+00
  0.00000E+00   7.28585E+01  -2.79438E+00
  0.00000E+00   7.33022E+01  -2.88803E+00
  0.00000E+00   7.45105E+01  -2.87554E+00
  0.00000E+00   7.45978E+01  -2.79297E+00
  0.00000E+00   7.22044E+01  -2.69266E+00
  0.00000E+00   6.86611E+01  -2.84071E+00
  0.00000E+00   6.62811E+01  -2.90169E+00
  0.00000E+00   6.55293E+01  -2.85156E+00
  0.00000E+00   6.59308E+01  -2.85154E+00
  0.00000E+00   6.70629E+01  -2.83140E+00
  0.00000E+00   6.90401E+01  -2.78125E+00
  0.00000E+00   7.17531E+01  -2.71208E+00
  0.00000E+00   7.43714E+01  -2.66324E+00
  0.00000E+00   7.51893E+01  -2.54609E+00
  0.00000E+00   7.38938E+01  -2.46883E+00
  0.00000E+00   7.22283E+01  -2.33957E+00
  0.00000E+00   7.18243E+01  -2.27479E+00
  0.00000E+00   7.34505E+01  -2.33220E+00
  0.00000E+00   7.52881E+01  -2.34144E+00
  0.00000E+00   7.67601E+01  -2.11244E+00
  0.00000E+00   7.84471E+01  -1.77080E+00
  0.00000E+00   8.01489E+01  -1.71124E+00
  0.00000E+00   7.99450E+01  -1.98765E+00
  0.00000E+00   7.71021E+01  -2.25160E+00
  0.00000E+00   7.37891E+01  -2.34217E+00
  0.00000E+00   7.18627E+01  -2.21052E+00
  0.00000E+00   7.20542E+01  -2.06229E+00
  0.00000E+00   7.34209E+01  -2.05382E+00
  0.00000E+00   7.46487E+01  -2.21173E+00
  0.00000E+00   7.55025E+01  -2.43515E+00
  0.00000E+00   7.67920E+01  -2.68428E+00
  0.00000E+00   7.72457E+01  -3.04232E+00
  0.00000E+00   7.61230E+01  -3.07711E+00
  0.00000E+00   7.43624E+01  -2.97593E+00
  0.00000E+00   7.27824E+01  -3.00363E+00
  0.00000E+00   7.22739E+01  -2.96602E+00
  0.00000E+00   7.26297E+01  -3.01754E+00
  0.00000E+00   7.27034E+01  -3.19256E+00
  0.00000E+00   7.22583E+01  -3.47022E+00
  0.00000E+00   7.21666E+01  -3.40086E+00
  0.00000E+00   7.28068E+01  -3.12250E+00
  0.00000E+00   7.32643E+01  -2.86357E+00
  0.00000E+00   7.27765E+01  -2.97211E+00
  0.00000E+00   7.20332E+01  -2.94204E+00
  0.00000E+00   7.21780E+01  -2.93180E+00
  0.00000E+00   7.34567E+01  -3.02229E+00
  0.00000E+00   7.39807E+01  -3.04534E+00
  0.00000E+00   7.19875E+01  -3.16205E+00
  0.00000E+00   7.02105E+01  -3.37878E+00
  0.00000E+00   7.03335E+01  -3.42146E+00
  0.00000E+00   7.18726E+01  -3.45888E+00
  0.00000E+00   7.41664E+01  -3.32857E+00
  0.00000E+00   7.58971E+01  -2.90385E+00
  0.00000E+00   7.77834E+01  -2.52717E+00
  0.00000E+00   8.11992E+01  -2.26189E+00
  0.00000E+00   8.53044E+01  -2.04624E+00
  0.00000E+00   8.65361E+01  -1.93906E+00
  0.00000E+00   8.35833E+01  -2.05786E+00
  0.00000E+00   7.96504E+01  -2.09992E+00
  0.00000E+00   7.72957E+01  -1.97253E+00
  0.00000E+00   7.73060E+01  -1.78120E+00
  0.00000E+00   7.81555E+01  -1.66753E+00
  0.00000E+00   7.96271E+01  -1.61716E+00
  0.00000E+00   8.13174E+01  -1.53419E+00
  0.00000E+00   8.28548E+01  -1.51186E+00
  0.00000E+00   8.27034E+01  -1.42155E+00
  0.00000E+00   8.04228E+01  -1.49055E+00
  0.00000E+00   7.74472E+01  -1.68680E+00
  0.00000E+00   7.52589E+01  -1.58509E+00
  0.00000E+00   7.42764E+01  -1.34747E+00
  0.00000E+00   7.33004E+01  -1.09689E+00
  0.00000E+00   7.12421E+01  -6.98758E-01
  0.00000E+00   6.94188E+01  -3.27080E-01
  0.00000E+00   6.91695E+01  -1.84297E-01
  0.00000E+00   7.04629E+01   2.83462E-02
  0.00000E+00   7.12269E+01   2.87316E-01
  0.00000E+00   7.08053E+01   5.06930E-01
  0.00000E+00   6.98869E+01   6.90232E-01
  0.00000E+00   6.98531E+01   8.72010E-01
  0.00000E+00   7.09719E+01   9.70011E-01
  0.00000E+00   7.20646E+01   1.18943E+00
  0.00000E+00   7.21582E+01   1.41795E+00
  0.00000E+00   7.25607E+01   1.34253E+00
  0.00000E+00   7.46388E+01   1.13503E+00
  0.00000E+00   7.76277E+01   1.10403E+00
  0.00000E+00   7.81874E+01   1.26385E+00
  0.00000E+00   7.64743E+01   1.52124E+00
  0.00000E+00   7.45054E+01   1.70023E+00
  0.00000E+00   7.38740E+01   1.80129E+00
  0.00000E+00   7.41475E+01   1.72212E+00
  0.00000E+00   7.40883E+01   1.58517E+00
  0.00000E+00   7.33388E+01   1.36694E+00
  0.00000E+00   7.33775E+01   1.15282E+00
  0.00000E+00   7.46606E+01   1.05933E+00
  0.00000E+00   7.64004E+01   1.02823E+00
  0.00000E+00   7.68565E+01   8.91052E-01
  0.00000E+00   7.66255E+01   7.22634E-01
  0.00000E+00   7.78848E+01   6.99793E-01
  0.00000E+00   8.08053E+01   7.56831E-01
  0.00000E+00   8.33733E+01   5.67091E-01
  0.00000E+00   8.39374E+01   1.64025E-01
  0.00000E+00   8.29215E+01  -3.15372E-01
  0.00000E+00   8.21455E+01  -7.67706E-01
  0.00000E+00   8.20428E+01  -1.33766E+00
  0.00000E+00   8.21672E+01  -1.80642E+00
  0.00000E+00   8.11477E+01  -1.95594E+00
  0.00000E+00   8.08116E+01  -1.95720E+00
  0.00000E+00   8.26889E+01  -2.01301E+00
  0.00000E+00   8.45449E+01  -2.10162E+00
  0.00000E+00   8.38839E+01  -2.27311E+00
  0.00000E+00   8.15828E+01  -2.32075E+00
  0.00000E+00   7.98837E+01  -2.21648E+00
  0.00000E+00   7.93632E+01  -2.37814E+00
  0.00000E+00   8.04834E+01  -2.55438E+00
  0.00000E+00   8.22497E+01  -2.54108E+00
  0.00000E+00   8.30357E+01  -2.34976E+00
  0.00000E+00   8.44647E+01  -2.20344E+00
  0.00000E+00   8.66030E+01  -1.93014E+00
  0.00000E+00   8.78828E+01  -1.56932E+00
  0.00000E+00   8.68633E+01  -1.35377E+00
  0.00000E+00   8.45937E+01  -1.34044E+00
  0.00000E+00   8.28848E+01  -1.43317E+00
  0.00000E+00   8.33278E+01  -1.77375E+00
  0.00000E+00   8.54165E+01  -2.14253E+00
  0.00000E+00   8.63200E+01  -2.28405E+00
  0.00000E+00   8.66215E+01  -2.20476E+00
  0.00000E+00   8.81337E+01  -2.07206E+00
  0.00000E+00   9.05340E+01  -1.91181E+00
  0.00000E+00   9.16244E+01  -1.77384E+00
  0.00000E+00   8.96438E+01  -1.67504E+00
  0.00000E+00   8.69972E+01  -1.37204E+00
  0.00000E+00   8.57502E+01  -1.14691E+00
  0.00000E+00   8.59953E+01  -9.21407E-01
  0.00000E+00   8.51570E+01  -5.05402E-01
  0.00000E+00   8.39927E+01  -2.17500E-01
  0.00000E+00   8.38139E+01  -1.39862E-01
  0.00000E+00   8.56078E+01  -2.45284E-02
  0.00000E+00   8.71361E+01   2.11339E-01
  0.00000E+00   8.71663E+01   4.07695E-01
  0.00000E+00   8.61100E+01   5.98196E-01
  0.00000E+00   8.55229E+01   6.40318E-01
  0.00000E+00   8.63678E+01   7.73753E-01
  0.00000E+00   8.67527E+01   9.73989E-01
  0.00000E+00   8.66621E+01   1.28325E+00
  0.00000E+00   8.69948E+01   1.33414E+00
  0.00000E+00   8.90738E+01   1.24926E+00
  0.00000E+00   9.15309E+01   1.19157E+00
  0.00000E+00   9.18518E+01   1.20135E+00
  0.00000E+00   8.88714E+01   1.30394E+00
  0.00000E+00   8.46945E+01   1.40314E+00
  0.00000E+00   8.18400E+01   1.47524E+00
  0.00000E+00   8.02691E+01   1.40773E+00
  0.00000E+00   7.96596E+01   1.57031E+00
  0.00000E+00   7.93139E+01   1.84504E+00
  0.00000E+00   7.89673E+01   2.01026E+00
  0.00000E+00   7.92012E+01   1.93202E+00
  0.00000E+00   7.91504E+01   1.69943E+00
  0.00000E+00   7.78657E+01   1.46154E+00
  0.00000E+00   7.75429E+01   1.08349E+00
  0.00000E+00   7.82354E+01   9.16012E-01
  0.00000E+00   8.00887E+01   8.56213E-01
  0.00000E+00   8.18514E+01   8.77015E-01
  0.00000E+00   8.15460E+01   6.87935E-01
  0.00000E+00   8.02704E+01   5.37800E-01
  0.00000E+00   7.86749E+01   2.87180E-01
  0.00000E+00   7.76289E+01   1.52492E-01
  0.00000E+00   7.68700E+01   1.32160E-01
  0.00000E+00   7.68270E+01   1.73091E-02
  0.00000E+00   7.74092E+01  -2.49594E-01
  0.00000E+00   7.90077E+01  -4.44796E-01
  0.00000E+00   8.11727E+01  -5.63284E-01
  0.00000E+00   8.25162E+01  -5.69375E-01
  0.00000E+00   8.22889E+01  -6.13386E-01
  0.00000E+00   8.23127E+01  -5.04021E-01
  0.00000E+00   8.31355E+01  -4.40138E-01
  0.00000E+00   8.43356E+01  -3.23849E-01
  0.00000E+00   8.59548E+01  -4.27950E-02
  0.00000E+00   8.72152E+01   2.07443E-01
  0.00000E+00   8.88585E+01   4.70652E-01
  0.00000E+00   9.18298E+01   7.04757E-01
  0.00000E+00   9.45152E+01   9.87266E-01
  0.00000E+00   9.45397E+01   1.16462E+00
  0.00000E+00   9.31986E+01   1.10795E+00
  0.00000E+00   9.29023E+01   1.06109E+00
  0.00000E+00   9.41263E+01   1.15748E+00
  0.00000E+00   9.57984E+01   1.24724E+00
  0.00000E+00   9.73746E+01   1.50547E+00
  0.00000E+00   9.79928E+01   1.79775E+00
  0.00000E+00   9.98181E+01   2.08954E+00
  0.00000E+00   1.03024E+02   2.32301E+00
  0.00000E+00   1.04755E+02   2.46515E+00
  0.00000E+00   1.03251E+02   2.23647E+00
  0.00000E+00   1.01551E+02   1.89997E+00
  0.00000E+00   1.01525E+02   1.51379E+00
  0.00000E+00   1.02978E+02   1.13371E+00
  0.00000E+00   1.03066E+02   8.51303E-01
  0.00000E+00   1.01774E+02   5.77700E-01
  0.00000E+00   1.00960E+02   5.58325E-01
