  0.00000E+00   3.25135E-03  -1.70178E-04
  0.00000E+00   5.67404E-03  -3.45638E-04
  0.00000E+00   1.03785E-02  -4.78093E-04
  0.00000E+00   1.48800E-02  -5.92897E-04
  0.00000E+00   1.95380E-02  -7.18647E-04
  0.00000E+00   2.52401E-02  -8.24114E-04
  0.00000E+00   3.26308E-02  -8.97759E-04
  0.00000E+00   4.24075E-02  -9.28603E-04
  0.00000E+00   5.54093E-02  -9.11480E-04
  0.00000E+00   7.26413E-02  -8.35610E-04
  0.00000E+00   9.53213E-02  -6.77138E-04
  0.00000E+00   1.24912E-01  -3.98133E-04
  0.00000E+00   1.63217E-01   7.34147E-05
  0.00000E+00   2.12450E-01   8.27605E-04
  0.00000E+00   2.75325E-01   1.98848E-03
  0.00000E+00   3.55106E-01   3.69508E-03
  0.00000E+00   4.55765E-01   6.13000E-03
  0.00000E+00   5.82002E-01   9.46373E-03
  0.00000E+00   7.39444E-01   1.38264E-02
  0.00000E+00   9.34693E-01   1.93015E-02
  0.00000E+00   1.17531E+00   2.58667E-02
  0.00000E+00   1.46977E+00   3.33626E-02
  0.00000E+00   1.82719E+00   4.14929E-02
  0.00000E+00   2.25706E+00   4.97370E-02
  0.00000E+00   2.76854E+00   5.74218E-02
  0.00000E+00   3.37007E+00   6.37606E-02
  0.00000E+00   4.06890E+00   6.79183E-02
  0.00000E+00   4.87147E+00   6.93713E-02
  0.00000E+00   5.78369E+00   6.78580E-02
  0.00000E+00   6.81150E+00   6.33014E-02
  0.00000E+00   7.96147E+00   5.55931E-02
  0.00000E+00   9.23984E+00   4.47589E-02
  0.00000E+00   1.06521E+01   2.99735E-02
  0.00000E+00   1.22035E+01   9.93618E-03
  0.00000E+00   1.38909E+01  -1.41122E-02
  0.00000E+00   1.56812E+01  -3.86336E-02
  0.00000E+00   1.74997E+01  -5.49327E-02
  0.00000E+00   1.92650E+01  -5.82046E-02
  0.00000E+00   2.09456E+01  -3.88400E-02
  0.00000E+00   2.26222E+01  -1.27181E-02
  0.00000E+00   2.43669E+01   2.96663E-02
  0.00000E+00   2.59356E+01   1.02532E-01
  0.00000E+00   2.72492E+01   1.57857E-01
  0.00000E+00   2.85068E+01   2.17286E-01
  0.00000E+00   2.96148E+01   2.87682E-01
  0.00000E+00   3.05107E+01   3.91801E-01
  0.00000E+00   3.11857E+01   5.22832E-01
  0.00000E+00   3.18909E+01   6.61019E-01
  0.00000E+00   3.27031E+01   6.98557E-01
  0.00000E+00   3.37369E+01   6.24547E-01
  0.00000E+00   3.50266E+01   5.07885E-01
  0.00000E+00   3.69085E+01   4.78024E-01
  0.00000E+00   3.97093E+01   5.19280E-01
  0.00000E+00   4.33955E+01   6.38503E-01
  0.00000E+00   4.71354E+01   5.98135E-01
  0.00000E+00   4.92000E+01   3.51703E-01
  0.00000E+00   4.93355E+01   2.09686E-02
  0.00000E+00   4.81800E+01  -3.55361E-01
  0.00000E+00   4.69297E+01  -7.77216E-01
  0.00000E+00   4.50148E+01  -1.28114E+00
  0.00000E+00   4.24798E+01  -1.63807E+00
  0.00000E+00   3.98600E+01  -1.62009E+00
  0.00000E+00   3.84425E+01  -1.40701E+00
  0.00000E+00   3.95365E+01  -1.39340E+00
  0.00000E+00   4.10774E+01  -1.30723E+00
  0.00000E+00   4.26341E+01  -1.43014E+00
  0.00000E+00   4.40243E+01  -1.49737E+00
  0.00000E+00   4.57817E+01  -1.62470E+00
  0.00000E+00   4.76934E+01  -1.75012E+00
  0.00000E+00   5.05267E+01  -1.86920E+00
  0.00000E+00   5.42030E+01  -2.14319E+00
  0.00000E+00   5.82722E+01  -2.38079E+00
  0.00000E+00   6.13282E+01  -2.50617E+00
  0.00000E+00   6.26763E+01  -2.59194E+00
  0.00000E+00   6.30427E+01  -2.55913E+00
  0.00000E+00   6.38373E+01  -2.53155E+00
  0.00000E+00   6.41104E+01  -2.32205E+00
  0.00000E+00   6.37367E+01  -1.96863E+00
  0.00000E+00   6.27636E+01  -1.49896E+00
  0.00000E+00   6.18356E+01  -1.00361E+00
  0.00000E+00   6.13645E+01  -6.45342E-01
  0.00000E+00   6.04329E+01  -5.19430E-01
  0.00000E+00   5.91308E+01  -6.87143E-01
  0.00000E+00   5.78828E+01  -6.39803E-01
  0.00000E+00   5.65456E+01  -4.39324E-01
  0.00000E+00   5.54263E+01  -1.47149E-01
  0.00000E+00   5.47605E+01  -8.28270E-02
  0.00000E+00   5.59713E+01  -1.07769E-01
  0.00000E+00   5.75803E+01  -5.15110E-03
  0.00000E+00   5.79508E+01   4.37121E-03
  0.00000E+00   5.78581E+01  -1.75556E-01
  0.00000E+00   5.74760E+01  -3.62795E-01
  0.00000E+00   5.72337E+01  -2.86848E-01
  0.00000E+00   5.69614E+01  -1.72797E-01
  0.00000E+00   5.66831E+01  -8.96828E-02
  0.00000E+00   5.71298E+01  -5.17664E-02
  0.00000E+00   5.84067E+01   4.30269E-02
  0.00000E+00   6.06068E+01   3.01371E-01
  0.00000E+00   6.27040E+01   6.65217E-01
  0.00000E+00   6.35621E+01   1.08819E+00
  0.00000E+00   6.41717E+01   1.44566E+00
  0.00000E+00   6.50022E+01   1.68308E+00
  0.00000E+00   6.51407E+01   1.77556E+00
  0.00000E+00   6.56064E+01   1.76908E+00
  0.00000E+00   6.64906E+01   1.57134E+00
  0.00000E+00   6.75721E+01   1.33723E+00
  0.00000E+00   6.85428E+01   1.08115E+00
  0.00000E+00   6.87595E+01   8.17814E-01
  0.00000E+00   6.77983E+01   5.10876E-01
  0.00000E+00   6.57142E+01   3.37774E-01
  0.00000E+00   6.36829E+01   2.75299E-01
  0.00000E+00   6.26045E+01   3.83209E-01
  0.00000E+00   6.20881E+01   5.88733E-01
  0.00000E+00   6.17171E+01   6.30156E-01
  0.00000E+00   6.15514E+01   6.21506E-01
  0.00000E+00   6.19904E+01   6.64311E-01
  0.00000E+00   6.22069E+01   5.93472E-01
  0.00000E+00   6.19890E+01   7.06513E-01
  0.00000E+00   6.20005E+01   9.66555E-01
  0.00000E+00   6.23059E+01   1.23084E+00
  0.00000E+00   6.24105E+01   1.30557E+00
  0.00000E+00   6.20642E+01   1.33369E+00
  0.00000E+00   6.14745E+01   1.34402E+00
  0.00000E+00   6.13838E+01   1.14889E+00
  0.00000E+00   6.23417E+01   1.03009E+00
  0.00000E+00   6.42215E+01   1.09004E+00
  0.00000E+00   6.62284E+01   1.23761E+00
  0.00000E+00   6.80595E+01   1.30871E+00
  0.00000E+00   7.00767E+01   1.44008E+00
  0.00000E+00   7.21662E+01   1.59626E+00
  0.00000E+00   7.40952E+01   1.76570E+00
  0.00000E+00   7.50154E+01   1.83065E+00
  0.00000E+00   7.43752E+01   1.92140E+00
  0.00000E+00   7.31544E+01   2.12428E+00
  0.00000E+00   7.18027E+01   2.28092E+00
  0.00000E+00   7.14115E+01   2.36640E+00
  0.00000E+00   7.15831E+01   2.44797E+00
  0.00000E+00   7.09959E+01   2.28819E+00
  0.00000E+00   6.89505E+01   1.92550E+00
  0.00000E+00   6.68246E+01   1.57991E+00
  0.00000E+00   6.51090E+01   1.44373E+00
  0.00000E+00   6.34841E+01   1.33304E+00
  0.00000E+00   6.25121E+01   1.23836E+00
  0.00000E+00   6.28481E+01   1.24082E+00
  0.00000E+00   6.43374E+01   1.34840E+00
  0.00000E+00   6.58359E+01   1.47212E+00
  0.00000E+00   6.54837E+01   1.47344E+00
  0.00000E+00   6.37963E+01   1.35722E+00
  0.00000E+00   6.25207E+01   1.35174E+00
  0.00000E+00   6.25006E+01   1.28919E+00
  0.00000E+00   6.38587E+01   1.25732E+00
  0.00000E+00   6.55146E+01   1.32782E+00
  0.00000E+00   6.73461E+01   1.32300E+00
  0.00000E+00   6.96312E+01   1.30883E+00
  0.00000E+00   7.16030E+01   1.31355E+00
  0.00000E+00   7.24384E+01   1.41440E+00
  0.00000E+00   7.19282E+01   1.31277E+00
  0.00000E+00   7.06237E+01   1.09681E+00
  0.00000E+00   6.97050E+01   1.00171E+00
  0.00000E+00   6.99806E+01   9.42488E-01
  0.00000E+00   7.15033E+01   9.49885E-01
  0.00000E+00   7.38296E+01   9.89875E-01
  0.00000E+00   7.54785E+01   9.50383E-01
  0.00000E+00   7.68483E+01   1.04809E+00
  0.00000E+00   7.78710E+01   1.02620E+00
  0.00000E+00   7.89890E+01   1.02202E+00
  0.00000E+00   8.03218E+01   9.20124E-01
  0.00000E+00   8.22216E+01   7.07025E-01
  0.00000E+00   8.45478E+01   5.26297E-01
  0.00000E+00   8.66703E+01   4.66219E-01
  0.00000E+00   8.80033E+01   4.61921E-01
  0.00000E+00   8.88787E+01   4.39406E-01
  0.00000E+00   9.04745E+01   3.22343E-01
  0.00000E+00   9.37655E+01   2.65700E-01
  0.00000E+00   9.78688E+01   2.98765E-01
  0.00000E+00   1.01222E+02   3.24671E-01
  0.00000E+00   1.03921E+02   3.41488E-01
  0.00000E+00   1.05424E+02   3.36798E-01
  0.00000E+00   1.05908E+02   4.63853E-01
  0.00000E+00   1.05792E+02   6.30138E-01
  0.00000E+00   1.05986E+02   8.46766E-01
  0.00000E+00   1.07153E+02   7.79629E-01
  0.00000E+00   1.08317E+02   7.20643E-01
  0.00000E+00   1.08612E+02   6.38481E-01
  0.00000E+00   1.07400E+02   4.47021E-01
  0.00000E+00   1.05138E+02   1.85983E-01
  0.00000E+00   1.02317E+02   2.05357E-01
  0.00000E+00   1.00294E+02   2.91031E-01
  0.00000E+00   9.69779E+01   2.33432E-01
  0.00000E+00   9.17892E+01   2.10588E-01
  0.00000E+00   8.63884E+01   7.28373E-02
  0.00000E+00   8.19920E+01  -2.58450E-01
  0.00000E+00   7.98474E+01  -7.36691E-01
  0.00000E+00   7.97734E+01  -9.52280E-01
  0.00000E+00   7.87802E+01  -1.06396E+00
  0.00000E+00   7.56443E+01  -1.02516E+00
  0.00000E+00   7.19685E+01  -7.29631E-01
  0.00000E+00   6.94434E+01  -6.27258E-01
  0.00000E+00   6.88643E+01  -4.95335E-01
  0.00000E+00   6.86017E+01  -4.28343E-01
  0.00000E+00   6.83835E+01  -2.80089E-01
  0.00000E+00   6.87909E+01  -1.81591E-01
  0.00000E+00   6.90022E+01   4.16786E-04
  0.00000E+00   6.97386E+01   1.33289E-01
  0.00000E+00   7.03048E+01   2.13413E-01
  0.00000E+00   6.98114E+01   4.35352E-01
  0.00000E+00   6.91263E+01   5.23561E-01
  0.00000E+00   6.92160E+01   5.84208E-01
  0.00000E+00   6.98257E+01   7.20060E-01
  0.00000E+00   7.04049E+01   8.29780E-01
  0.00000E+00   7.07256E+01   8.68649E-01
  0.00000E+00   7.06679E+01   9.08267E-01
  0.00000E+00   6.99743E+01   9.70961E-01
  0.00000E+00   6.94948E+01   1.11693E+00
  0.00000E+00   6.90653E+01   1.27687E+00
  0.00000E+00   6.92235E+01   1.38443E+00
  0.00000E+00   7.03157E+01   1.51766E+00
  0.00000E+00   7.15325E+01   1.62260E+00
  0.00000E+00   7.16191E+01   1.65969E+00
  0.00000E+00   7.10375E+01   1.63759E+00
  0.00000E+00   7.06092E+01   1.52738E+00
  0.00000E+00   7.05652E+01   1.36491E+00
  0.00000E+00   7.12254E+01   1.29380E+00
  0.00000E+00   7.25688E+01   1.32977E+00
  0.00000E+00   7.40630E+01   1.22741E+00
  0.00000E+00   7.62057E+01   1.33575E+00
  0.00000E+00   7.87622E+01   1.44454E+00
  0.00000E+00   7.99062E+01   1.37958E+00
  0.00000E+00   7.95405E+01   1.16032E+00
  0.00000E+00   7.90250E+01   8.02521E-01
  0.00000E+00   7.95966E+01   5.57791E-01
  0.00000E+00   8.19982E+01   3.32359E-01
  0.00000E+00   8.44741E+01   1.12040E-01
  0.00000E+00   8.51385E+01   6.23245E-02
  0.00000E+00   8.37550E+01   1.19986E-01
  0.00000E+00   8.14193E+01   1.98313E-03
  0.00000E+00   7.93124E+01  -1.47723E-01
  0.00000E+00   7.80924E+01  -2.53286E-01
  0.00000E+00   7.85762E+01  -3.14081E-01
  0.00000E+00   8.06084E+01  -2.60491E-01
  0.00000E+00   8.30787E+01  -9.80481E-02
  0.00000E+00   8.50126E+01   2.87091E-01
  0.00000E+00   8.43092E+01   6.74230E-01
  0.00000E+00   8.14962E+01   8.17508E-01
  0.00000E+00   7.85155E+01   1.01988E+00
  0.00000E+00   7.64124E+01   1.19531E+00
  0.00000E+00   7.47773E+01   1.45822E+00
  0.00000E+00   7.34030E+01   2.13440E+00
  0.00000E+00   7.20663E+01   2.70873E+00
  0.00000E+00   7.15710E+01   3.21492E+00
  0.00000E+00   7.25443E+01   3.60421E+00
  0.00000E+00   7.43610E+01   3.66009E+00
  0.00000E+00   7.64411E+01   3.61375E+00
  0.00000E+00   7.89164E+01   3.63061E+00
  0.00000E+00   8.16870E+01   3.64164E+00
  0.00000E+00   8.39155E+01   3.58421E+00
  0.00000E+00   8.45340E+01   3.53123E+00
  0.00000E+00   8.34274E+01   3.73120E+00
  0.00000E+00   8.24556E+01   3.82030E+00
  0.00000E+00   8.22769E+01   3.95164E+00
  0.00000E+00   8.28827E+01   4.04929E+00
  0.00000E+00   8.43763E+01   4.13035E+00
  0.00000E+00   8.64033E+01   4.03411E+00
  0.00000E+00   8.82190E+01   4.10963E+00
  0.00000E+00   8.91488E+01   4.21763E+00
  0.00000E+00   8.88146E+01   4.30766E+00
  0.00000E+00   8.77610E+01   4.16443E+00
  0.00000E+00   8.69402E+01   3.98017E+00
  0.00000E+00   8.77451E+01   3.86921E+00
  0.00000E+00   9.01214E+01   3.85783E+00
  0.00000E+00   9.26650E+01   3.96929E+00
  0.00000E+00   9.35576E+01   3.97843E+00
  0.00000E+00   9.23862E+01   4.05218E+00
  0.00000E+00   8.94871E+01   4.05111E+00
  0.00000E+00   8.63913E+01   3.99356E+00
  0.00000E+00   8.42775E+01   3.75799E+00
  0.00000E+00   8.29125E+01   3.64360E+00
  0.00000E+00   8.29697E+01   3.66649E+00
  0.00000E+00   8.34702E+01   3.70828E+00
  0.00000E+00   8.32854E+01   3.80321E+00
  0.00000E+00   8.22258E+01   3.74073E+00
  0.00000E+00   8.05723E+01   3.42520E+00
  0.00000E+00   7.88471E+01   3.02692E+00
  0.00000E+00   7.79379E+01   2.71702E+00
  0.00000E+00   7.73442E+01   2.36885E+00
  0.00000E+00   7.69454E+01   2.12426E+00
  0.00000E+00   7.74239E+01   2.00289E+00
  0.00000E+00   7.83932E+01   1.76984E+00
  0.00000E+00   7.85446E+01   1.44478E+00
  0.00000E+00   7.80900E+01   1.16227E+00
  0.00000E+00   7.66059E+01   8.99559E-01
  0.00000E+00   7.43666E+01   5.14664E-01
  0.00000E+00   7.38423E+01   1.16564E-01
  0.00000E+00   7.50751E+01  -9.71716E-02
  0.00000E+00   7.79333E+01  -2.66785E-01
  0.00000E+00   8.14904E+01  -2.70702E-01
  0.00000E+00   8.46558E+01  -4.42219E-01
  0.00000E+00   8.65361E+01  -5.32488E-01
  0.00000E+00   8.65019E+01  -7.19062E-01
  0.00000E+00   8.47846E+01  -6.71083E-01
  0.00000E+00   8.21845E+01  -4.64380E-01
  0.00000E+00   7.97976E+01  -4.06919E-01
  0.00000E+00   7.91278E+01  -4.39720E-01
  0.00000E+00   8.09870E+01  -6.10054E-01
  0.00000E+00   8.36711E+01  -7.85967E-01
  0.00000E+00   8.50786E+01  -9.91796E-01
  0.00000E+00   8.49767E+01  -1.18033E+00
  0.00000E+00   8.35963E+01  -1.35586E+00
  0.00000E+00   8.08645E+01  -1.82343E+00
  0.00000E+00   7.81962E+01  -2.21735E+00
  0.00000E+00   7.63362E+01  -2.53055E+00
  0.00000E+00   7.59124E+01  -2.74145E+00
  0.00000E+00   7.70746E+01  -2.90651E+00
  0.00000E+00   7.93137E+01  -3.00368E+00
  0.00000E+00   8.12220E+01  -3.26804E+00
  0.00000E+00   8.27013E+01  -3.38805E+00
  0.00000E+00   8.42415E+01  -3.41988E+00
  0.00000E+00   8.57153E+01  -3.41780E+00
  0.00000E+00   8.59153E+01  -3.60505E+00
  0.00000E+00   8.62877E+01  -3.60511E+00
  0.00000E+00   8.75593E+01  -3.75648E+00
  0.00000E+00   9.00062E+01  -3.75784E+00
  0.00000E+00   9.26726E+01  -3.63498E+00
  0.00000E+00   9.47320E+01  -3.41910E+00
  0.00000E+00   9.60517E+01  -3.14796E+00
  0.00000E+00   9.71633E+01  -2.94766E+00
  0.00000E+00   9.80241E+01  -2.60911E+00
  0.00000E+00   9.89261E+01  -2.61614E+00
  0.00000E+00   1.00475E+02  -2.59171E+00
  0.00000E+00   1.02256E+02  -2.43444E+00
  0.00000E+00   1.04144E+02  -2.47325E+00
  0.00000E+00   1.05750E+02  -2.57747E+00
  0.00000E+00   1.06061E+02  -2.44888E+00
  0.00000E+00   1.05505E+02  -2.10170E+00
  0.00000E+00   1.05271E+02  -1.75559E+00
  0.00000E+00   1.06124E+02  -1.41244E+00
  0.00000E+00   1.07745E+02  -1.21862E+00
  0.00000E+00   1.09419E+02  -1.10878E+00
  0.00000E+00   1.10169E+02  -8.92296E-01
  0.00000E+00   1.09612E+02  -5.30614E-01
  0.00000E+00   1.08589E+02  -2.34174E-01
  0.00000E+00   1.07235E+02   1.46284E-03
  0.00000E+00   1.05352E+02   1.63336E-01
  0.00000E+00   1.02243E+02   5.32856E-01
  0.00000E+00   9.80149E+01   1.07873E+00
  0.00000E+00   9.36333E+01   1.60861E+00
  0.00000E+00   9.05591E+01   1.95950E+00
  0.00000E+00   8.78900E+01   2.37118E+00
  0.00000E+00   8.48510E+01   2.79427E+00
  0.00000E+00   8.23490E+01   3.14093E+00
  0.00000E+00   8.12813E+01   3.44398E+00
  0.00000E+00   8.12108E+01   3.60983E+00
  0.00000E+00   8.14004E+01   3.75683E+00
  0.00000E+00   8.11479E+01   3.85115E+00
  0.00000E+00   8.09587E+01   4.05604E+00
  0.00000E+00   8.00404E+01   3.75277E+00
  0.00000E+00   7.90220E+01   3.44179E+00
  0.00000E+00   7.76051E+01   3.25143E+00
  0.00000E+00   7.59406E+01   2.97512E+00
  0.00000E+00   7.48792E+01   2.86664E+00
  0.00000E+00   7.53023E+01   2.66194E+00
  0.00000E+00   7.58740E+01   2.65396E+00
  0.00000E+00   7.64333E+01   2.71401E+00
  0.00000E+00   7.70941E+01   2.78984E+00
  0.00000E+00   7.81226E+01   2.93282E+00
  0.00000E+00   7.89439E+01   3.06504E+00
  0.00000E+00   7.90484E+01   3.16409E+00
  0.00000E+00   7.87317E+01   3.20633E+00
  0.00000E+00   7.86180E+01   3.27867E+00
  0.00000E+00   7.88933E+01   3.40034E+00
  0.00000E+00   7.87674E+01   3.42924E+00
  0.00000E+00   7.78260E+01   3.44537E+00
  0.00000E+00   7.65813E+01   3.48014E+00
  0.00000E+00   7.57957E+01   3.23631E+00
  0.00000E+00   7.61085E+01   2.98628E+00
  0.00000E+00   7.65970E+01   2.76192E+00
  0.00000E+00   7.73014E+01   2.61167E+00
  0.00000E+00   7.81182E+01   2.60992E+00
  0.00000E+00   7.90521E+01   2.57275E+00
  0.00000E+00   7.94703E+01   2.39392E+00
  0.00000E+00   7.91673E+01   2.29814E+00
  0.00000E+00   7.85012E+01   2.06221E+00
  0.00000E+00   7.79749E+01   1.96912E+00
  0.00000E+00   7.81697E+01   1.81608E+00
  0.00000E+00   7.89693E+01   1.54774E+00
  0.00000E+00   7.94492E+01   1.27634E+00
  0.00000E+00   7.93758E+01   9.36353E-01
  0.00000E+00   7.87334E+01   6.77218E-01
  0.00000E+00   7.86507E+01   3.73852E-01
  0.00000E+00   7.79387E+01  -6.43583E-02
  0.00000E+00   7.70449E+01  -5.44569E-01
  0.00000E+00   7.64688E+01  -1.00461E+00
  0.00000E+00   7.64928E+01  -1.39946E+00
  0.00000E+00   7.72847E+01  -1.87688E+00
  0.00000E+00   7.77667E+01  -2.21094E+00
  0.00000E+00   7.68501E+01  -2.36144E+00
  0.00000E+00   7.48247E+01  -2.31909E+00
  0.00000E+00   7.27602E+01  -2.19641E+00
  0.00000E+00   7.14766E+01  -1.99869E+00
  0.00000E+00   7.14106E+01  -1.92027E+00
  0.00000E+00   7.14421E+01  -1.74944E+00
  0.00000E+00   7.14619E+01  -1.54512E+00
  0.00000E+00   7.24929E+01  -1.31711E+00
  0.00000E+00   7.36307E+01  -1.17848E+00
  0.00000E+00   7.46196E+01  -1.01395E+00
  0.00000E+00   7.51854E+01  -9.49743E-01
  0.00000E+00   7.53119E+01  -8.45955E-01
  0.00000E+00   7.53023E+01  -7.51945E-01
  0.00000E+00   7.57219E+01  -8.78348E-01
  0.00000E+00   7.66064E+01  -8.23003E-01
  0.00000E+00   7.75018E+01  -7.06763E-01
  0.00000E+00   7.82457E+01  -6.68531E-01
  0.00000E+00   7.94318E+01  -8.13465E-01
  0.00000E+00   8.11520E+01  -8.34849E-01
  0.00000E+00   8.27772E+01  -7.76545E-01
  0.00000E+00   8.43979E+01  -8.59312E-01
  0.00000E+00   8.62129E+01  -1.10178E+00
  0.00000E+00   8.82719E+01  -1.31266E+00
  0.00000E+00   9.01596E+01  -1.53286E+00
  0.00000E+00   9.13188E+01  -1.70991E+00
  0.00000E+00   9.11726E+01  -1.90989E+00
  0.00000E+00   9.03075E+01  -1.95094E+00
  0.00000E+00   8.98076E+01  -2.09024E+00
  0.00000E+00   8.98046E+01  -2.24897E+00
  0.00000E+00   9.03679E+01  -2.62782E+00
  0.00000E+00   9.05742E+01  -2.87313E+00
  0.00000E+00   9.09144E+01  -3.08978E+00
  0.00000E+00   9.08016E+01  -3.22960E+00
  0.00000E+00   8.98254E+01  -3.34773E+00
  0.00000E+00   8.87390E+01  -3.33113E+00
  0.00000E+00   8.85620E+01  -3.43129E+00
  0.00000E+00   8.91670E+01  -3.63817E+00
  0.00000E+00   8.97218E+01  -3.93389E+00
  0.00000E+00   8.97333E+01  -4.33495E+00
  0.00000E+00   8.94910E+01  -4.77664E+00
  0.00000E+00   8.97927E+01  -4.97257E+00
  0.00000E+00   9.21522E+01  -5.01561E+00
  0.00000E+00   9.48807E+01  -5.14737E+00
  0.00000E+00   9.67419E+01  -5.14823E+00
  0.00000E+00   9.82937E+01  -5.15518E+00
  0.00000E+00   9.90912E+01  -4.95462E+00
  0.00000E+00   9.95269E+01  -4.61167E+00
  0.00000E+00   9.92734E+01  -4.32913E+00
  0.00000E+00   9.87404E+01  -4.01401E+00
  0.00000E+00   9.81618E+01  -3.76794E+00
  0.00000E+00   9.77910E+01  -3.52308E+00
  0.00000E+00   9.84095E+01  -3.26603E+00
  0.00000E+00   9.93803E+01  -3.26176E+00
  0.00000E+00   1.00321E+02  -3.10288E+00
  0.00000E+00   1.01755E+02  -2.96393E+00
  0.00000E+00   1.04216E+02  -2.87493E+00
  0.00000E+00   1.07208E+02  -2.94668E+00
  0.00000E+00   1.09352E+02  -3.01537E+00
  0.00000E+00   1.09690E+02  -3.23089E+00
  0.00000E+00   1.08903E+02  -3.39084E+00
  0.00000E+00   1.08772E+02  -3.36800E+00
  0.00000E+00   1.09662E+02  -3.14904E+00
  0.00000E+00   1.11408E+02  -2.89211E+00
  0.00000E+00   1.13253E+02  -2.56611E+00
  0.00000E+00   1.15787E+02  -2.46632E+00
  0.00000E+00   1.17935E+02  -2.49763E+00
  0.00000E+00   1.18357E+02  -2.66180E+00
  0.00000E+00   1.17345E+02  -2.95863E+00
  0.00000E+00   1.15093E+02  -3.02971E+00
  0.00000E+00   1.14096E+02  -3.14846E+00
  0.00000E+00   1.13422E+02  -3.39616E+00
  0.00000E+00   1.13846E+02  -3.63446E+00
  0.00000E+00   1.15254E+02  -3.93034E+00
  0.00000E+00   1.17820E+02  -4.17557E+00
  0.00000E+00   1.19938E+02  -4.44711E+00
  0.00000E+00   1.21359E+02  -4.31061E+00
  0.00000E+00   1.22649E+02  -4.28785E+00
  0.00000E+00   1.23193E+02  -4.14614E+00
  0.00000E+00   1.23300E+02  -4.18918E+00
  0.00000E+00   1.23250E+02  -3.98775E+00
  0.00000E+00   1.24151E+02  -3.82922E+00
  0.00000E+00   1.26002E+02  -3.77397E+00
  0.00000E+00   1.28341E+02  -3.74550E+00
  0.00000E+00   1.30138E+02  -3.73278E+00
  0.00000E+00   1.32143E+02  -3.75992E+00
  0.00000E+00   1.33735E+02  -3.67636E+00
  0.00000E+00   1.32908E+02  -3.53296E+00
  0.00000E+00   1.30485E+02  -3.38576E+00
  0.00000E+00   1.27298E+02  -3.02312E+00
  0.00000E+00   1.24848E+02  -2.67669E+00
  0.00000E+00   1.23764E+02  -2.43204E+00
  0.00000E+00   1.22506E+02  -2.31522E+00
  0.00000E+00   1.22072E+02  -2.01640E+00
  0.00000E+00   1.23630E+02  -1.81821E+00
  0.00000E+00   1.25886E+02  -2.01387E+00
  0.00000E+00   1.28080E+02  -2.13554E+00
  0.00000E+00   1.29981E+02  -2.28310E+00
  0.00000E+00   1.29109E+02  -2.27973E+00
  0.00000E+00   1.25952E+02  -2.31976E+00
  0.00000E+00   1.22440E+02  -2.22143E+00
  0.00000E+00   1.19834E+02  -2.12304E+00
  0.00000E+00   1.18634E+02  -2.15563E+00
  0.00000E+00   1.18956E+02  -1.88390E+00
  0.00000E+00   1.19328E+02  -1.62064E+00
  0.00000E+00   1.18721E+02  -1.48873E+00
  0.00000E+00   1.17434E+02  -1.55505E+00
  0.00000E+00   1.17219E+02  -1.37026E+00
  0.00000E+00   1.18711E+02  -1.42186E+00
  0.00000E+00   1.21578E+02  -1.28207E+00
  0.00000E+00   1.24480E+02  -1.11629E+00
  0.00000E+00   1.26213E+02  -7.72066E-01
  0.00000E+00   1.27541E+02  -4.86698E-01
  0.00000E+00   1.28720E+02  -2.26851E-01
  0.00000E+00   1.31219E+02   3.17152E-02
  0.00000E+00   1.35959E+02  -1.00239E-01
  0.00000E+00   1.40660E+02  -3.18637E-01
  0.00000E+00   1.42631E+02  -3.52066E-01
  0.00000E+00   1.41458E+02  -2.78616E-01
  0.00000E+00   1.38400E+02  -1.72532E-01
  0.00000E+00   1.36748E+02  -5.09064E-02
  0.00000E+00   1.37380E+02   3.21022E-02
  0.00000E+00   1.39230E+02   1.53745E-01
  0.00000E+00   1.40724E+02   3.42012E-01
  0.00000E+00   1.40639E+02   5.80968E-01
  0.00000E+00   1.38598E+02   6.45677E-01
  0.00000E+00   1.36043E+02   4.84330E-01
  0.00000E+00   1.35836E+02   7.69397E-01
  0.00000E+00   1.38269E+02   1.15714E+00
  0.00000E+00   1.41436E+02   1.27628E+00
  0.00000E+00   1.44772E+02   1.21073E+00
  0.00000E+00   1.47802E+02   1.30655E+00
  0.00000E+00   1.49368E+02   1.51913E+00
  0.00000E+00   1.50516E+02   1.68276E+00
  0.00000E+00   1.51958E+02   1.89399E+00
  0.00000E+00   1.54857E+02   2.27437E+00
  0.00000E+00   1.57731E+02   2.64440E+00
  0.00000E+00   1.60690E+02   2.92803E+00
  0.00000E+00   1.61924E+02   3.05339E+00
  0.00000E+00   1.61428E+02   3.20870E+00
  0.00000E+00   1.61185E+02   3.07981E+00
  0.00000E+00   1.61126E+02   2.93304E+00
  0.00000E+00   1.63026E+02   2.77338E+00
  0.00000E+00   1.68273E+02   2.84610E+00
  0.00000E+00   1.74938E+02   2.87216E+00
  0.00000E+00   1.78045E+02   2.63560E+00
  0.00000E+00   1.75284E+02   2.51511E+00
  0.00000E+00   1.68659E+02   2.28101E+00
  0.00000E+00   1.61903E+02   1.87668E+00
  0.00000E+00   1.59016E+02   1.78823E+00
  0.00000E+00   1.59359E+02   1.55113E+00
  0.00000E+00   1.62652E+02   1.85321E+00
  0.00000E+00   1.64517E+02   2.04728E+00
  0.00000E+00   1.62776E+02   2.13946E+00
  0.00000E+00   1.58982E+02   2.42052E+00
  0.00000E+00   1.56067E+02   2.54399E+00
  0.00000E+00   1.55352E+02   2.79146E+00
  0.00000E+00   1.56732E+02   2.67624E+00
  0.00000E+00   1.56752E+02   2.45868E+00
  0.00000E+00   1.55457E+02   2.35550E+00
  0.00000E+00   1.52764E+02   2.23740E+00
  0.00000E+00   1.48394E+02   2.18803E+00
  0.00000E+00   1.46473E+02   2.26249E+00
  0.00000E+00   1.47196E+02   2.32468E+00
  0.00000E+00   1.49721E+02   2.31025E+00
  0.00000E+00   1.52581E+02   1.90322E+00
  0.00000E+00   1.53939E+02   1.70306E+00
  0.00000E+00   1.53540E+02   1.60939E+00
  0.00000E+00   1.52535E+02   1.66046E+00
  0.00000E+00   1.50667E+02   1.65956E+00
  0.00000E+00   1.50153E+02   1.77773E+00
  0.00000E+00   1.51372E+02   2.10409E+00
  0.00000E+00   1.53539E+02   2.15845E+00
  0.00000E+00   1.56469E+02   2.27378E+00
  0.00000E+00   1.59436E+02   2.34964E+00
  0.00000E+00   1.62441E+02   2.08747E+00
  0.00000E+00   1.64345E+02   1.83684E+00
  0.00000E+00   1.66266E+02   1.58880E+00
  0.00000E+00   1.68822E+02   1.60105E+00
  0.00000E+00   1.72215E+02   1.34324E+00
  0.00000E+00   1.76176E+02   1.25373E+00
  0.00000E+00   1.81392E+02   1.27936E+00
  0.00000E+00   1.86517E+02   1.29771E+00
  0.00000E+00   1.88575E+02   1.41162E+00
  0.00000E+00   1.88776E+02   1.42409E+00
  0.00000E+00   1.88043E+02   1.34625E+00
  0.00000E+00   1.88785E+02   1.26151E+00
  0.00000E+00   1.90759E+02   1.40242E+00
  0.00000E+00   1.94162E+02   1.37320E+00
  0.00000E+00   1.98527E+02   1.27717E+00
  0.00000E+00   2.02490E+02   1.20714E+00
  0.00000E+00   2.05616E+02   1.34028E+00
  0.00000E+00   2.09598E+02   1.57424E+00
  0.00000E+00   2.13559E+02   1.63959E+00
  0.00000E+00   2.15149E+02   1.65902E+00
  0.00000E+00   2.15115E+02   1.82659E+00
  0.00000E+00   2.15118E+02   2.01218E+00
  0.00000E+00   2.13572E+02   2.07662E+00
  0.00000E+00   2.10849E+02   2.30496E+00
  0.00000E+00   2.07378E+02   2.57428E+00
  0.00000E+00   2.03955E+02   2.63101E+00
  0.00000E+00   2.01827E+02   2.80522E+00
  0.00000E+00   2.00957E+02   2.75990E+00
  0.00000E+00   2.00820E+02   2.90151E+00
  0.00000E+00   2.01506E+02   2.88567E+00
  0.00000E+00   2.01757E+02   3.04032E+00
  0.00000E+00   2.00342E+02   2.80106E+00
  0.00000E+00   1.96689E+02   2.67082E+00
  0.00000E+00   1.90859E+02   2.73215E+00
  0.00000E+00   1.84442E+02   2.58354E+00
  0.00000E+00   1.78603E+02   2.34832E+00
  0.00000E+00   1.76206E+02   1.96682E+00
  0.00000E+00   1.76680E+02   1.69539E+00
  0.00000E+00   1.76993E+02   1.08134E+00
  0.00000E+00   1.75904E+02   2.60271E-01
  0.00000E+00   1.74371E+02  -3.48319E-01
  0.00000E+00   1.70961E+02  -7.44282E-01
  0.00000E+00   1.66919E+02  -9.35944E-01
  0.00000E+00   1.63307E+02  -1.25903E+00
  0.00000E+00   1.59496E+02  -1.77798E+00
  0.00000E+00   1.57481E+02  -2.17867E+00
  0.00000E+00   1.56887E+02  -2.64432E+00
  0.00000E+00   1.56643E+02  -3.02035E+00
  0.00000E+00   1.53090E+02  -3.16016E+00
  0.00000E+00   1.50193E+02  -3.49873E+00
  0.00000E+00   1.48004E+02  -4.01933E+00
  0.00000E+00   1.45595E+02  -4.14694E+00
  0.00000E+00   1.42762E+02  -4.43977E+00
  0.00000E+00   1.41309E+02  -4.86336E+00
  0.00000E+00   1.40418E+02  -5.02750E+00
  0.00000E+00   1.39335E+02  -5.34951E+00
  0.00000E+00   1.37449E+02  -5.55132E+00
  0.00000E+00   1.33425E+02  -5.52328E+00
  0.00000E+00   1.29168E+02  -5.16049E+00
  0.00000E+00   1.26514E+02  -4.77894E+00
  0.00000E+00   1.24577E+02  -4.60823E+00
  0.00000E+00   1.23252E+02  -4.25505E+00
  0.00000E+00   1.22657E+02  -4.00367E+00
  0.00000E+00   1.21761E+02  -3.88198E+00
  0.00000E+00   1.21667E+02  -3.64499E+00
  0.00000E+00   1.20020E+02  -3.42001E+00
  0.00000E+00   1.17651E+02  -3.06051E+00
  0.00000E+00   1.15335E+02  -2.47665E+00
  0.00000E+00   1.13393E+02  -1.96010E+00
  0.00000E+00   1.11456E+02  -1.92988E+00
  0.00000E+00   1.09667E+02  -1.78944E+00
  0.00000E+00   1.08157E+02  -1.69444E+00
  0.00000E+00   1.07560E+02  -1.50145E+00
  0.00000E+00   1.07977E+02  -1.37657E+00
  0.00000E+00   1.08892E+02  -1.07014E+00
  0.00000E+00   1.09907E+02  -8.95034E-01
  0.00000E+00   1.09744E+02  -1.03079E+00
  0.00000E+00   1.08173E+02  -1.21139E+00
  0.00000E+00   1.06197E+02  -1.14713E+00
  0.00000E+00   1.04291E+02  -1.13826E+00
  0.00000E+00   1.02354E+02  -1.10644E+00
  0.00000E+00   9.99328E+01  -9.81708E-01
  0.00000E+00   9.82313E+01  -1.02957E+00
  0.00000E+00   9.80329E+01  -8.54202E-01
  0.00000E+00   9.85704E+01  -5.31621E-01
  0.00000E+00   9.81256E+01  -3.15869E-02
  0.00000E+00   9.62615E+01   4.03973E-01
  0.00000E+00   9.28718E+01   4.38781E-01
  0.00000E+00   9.04293E+01   5.53732E-01
  0.00000E+00   8.85762E+01   6.22955E-01
  0.00000E+00   8.75616E+01   4.32420E-01
  0.00000E+00   8.64282E+01   5.22162E-01
  0.00000E+00   8.54605E+01   8.47637E-01
  0.00000E+00   8.64698E+01   9.77761E-01
  0.00000E+00   8.82838E+01   1.38493E+00
  0.00000E+00   8.95351E+01   1.43826E+00
  0.00000E+00   8.95826E+01   1.41080E+00
  0.00000E+00   8.82876E+01   1.34807E+00
  0.00000E+00   8.65963E+01   1.33908E+00
  0.00000E+00   8.44048E+01   1.22384E+00
  0.00000E+00   8.23622E+01   1.54973E+00
  0.00000E+00   8.12337E+01   1.98775E+00
  0.00000E+00   8.07891E+01   2.56008E+00
  0.00000E+00   8.05311E+01   3.08747E+00
  0.00000E+00   8.09885E+01   3.73859E+00
  0.00000E+00   8.05686E+01   3.94553E+00
  0.00000E+00   7.87106E+01   3.70299E+00
  0.00000E+00   7.65832E+01   3.45435E+00
  0.00000E+00   7.49326E+01   3.22175E+00
  0.00000E+00   7.43774E+01   3.14425E+00
  0.00000E+00   7.47449E+01   3.20597E+00
  0.00000E+00   7.48637E+01   3.22101E+00
  0.00000E+00   7.54233E+01   3.10691E+00
  0.00000E+00   7.63208E+01   2.98455E+00
  0.00000E+00   7.67029E+01   2.58482E+00
  0.00000E+00   7.63927E+01   2.25008E+00
  0.00000E+00   7.54787E+01   2.05273E+00
  0.00000E+00   7.45730E+01   2.00289E+00
  0.00000E+00   7.39663E+01   2.09100E+00
  0.00000E+00   7.34885E+01   2.19522E+00
  0.00000E+00   7.29190E+01   2.09643E+00
  0.00000E+00   7.21429E+01   2.05397E+00
  0.00000E+00   7.16477E+01   1.77443E+00
  0.00000E+00   7.20819E+01   1.52386E+00
  0.00000E+00   7.25761E+01   1.36871E+00
  0.00000E+00   7.28990E+01   1.43848E+00
  0.00000E+00   7.25439E+01   1.48631E+00
  0.00000E+00   7.14123E+01   1.59173E+00
  0.00000E+00   7.02832E+01   1.57761E+00
  0.00000E+00   6.93383E+01   1.51405E+00
  0.00000E+00   6.93441E+01   1.34479E+00
  0.00000E+00   7.03314E+01   1.36922E+00
  0.00000E+00   7.17541E+01   1.45871E+00
  0.00000E+00   7.31059E+01   1.54493E+00
  0.00000E+00   7.29324E+01   1.67715E+00
  0.00000E+00   7.28812E+01   1.96638E+00
  0.00000E+00   7.31329E+01   2.02809E+00
  0.00000E+00   7.39962E+01   2.08484E+00
  0.00000E+00   7.45087E+01   2.21848E+00
  0.00000E+00   7.54268E+01   2.26034E+00
  0.00000E+00   7.66024E+01   2.41372E+00
  0.00000E+00   7.82518E+01   2.57941E+00
  0.00000E+00   8.03725E+01   2.81781E+00
  0.00000E+00   8.22161E+01   3.03405E+00
  0.00000E+00   8.40144E+01   3.17834E+00
  0.00000E+00   8.61221E+01   3.29166E+00
  0.00000E+00   8.78949E+01   3.50216E+00
  0.00000E+00   8.84660E+01   3.47597E+00
  0.00000E+00   8.73052E+01   3.41850E+00
  0.00000E+00   8.52733E+01   3.35857E+00
  0.00000E+00   8.47786E+01   3.24829E+00
  0.00000E+00   8.62397E+01   3.19515E+00
  0.00000E+00   8.81102E+01   3.24976E+00
  0.00000E+00   8.80636E+01   3.30676E+00
  0.00000E+00   8.63601E+01   3.47199E+00
  0.00000E+00   8.37525E+01   3.55903E+00
  0.00000E+00   8.17914E+01   3.81251E+00
  0.00000E+00   8.07454E+01   3.97030E+00
  0.00000E+00   8.01459E+01   4.00817E+00
  0.00000E+00   8.04178E+01   3.92197E+00
  0.00000E+00   8.17030E+01   3.65472E+00
  0.00000E+00   8.31736E+01   3.44879E+00
  0.00000E+00   8.50900E+01   3.30134E+00
  0.00000E+00   8.61924E+01   2.98131E+00
  0.00000E+00   8.60894E+01   2.55918E+00
  0.00000E+00   8.67996E+01   2.20107E+00
  0.00000E+00   8.79859E+01   1.94344E+00
  0.00000E+00   8.85959E+01   1.91996E+00
  0.00000E+00   8.85239E+01   1.87897E+00
  0.00000E+00   8.80083E+01   1.86123E+00
  0.00000E+00   8.75845E+01   1.78834E+00
  0.00000E+00   8.75878E+01   1.54666E+00
  0.00000E+00   8.70720E+01   1.36727E+00
  0.00000E+00   8.56576E+01   1.28423E+00
  0.00000E+00   8.34254E+01   1.23671E+00
  0.00000E+00   8.21081E+01   1.21166E+00
  0.00000E+00   8.19411E+01   1.13178E+00
  0.00000E+00   8.25615E+01   1.13938E+00
  0.00000E+00   8.35176E+01   1.06871E+00
  0.00000E+00   8.45425E+01   9.16614E-01
  0.00000E+00   8.57248E+01   7.60938E-01
  0.00000E+00   8.61454E+01   7.85065E-01
  0.00000E+00   8.57350E+01   8.19864E-01
  0.00000E+00   8.56399E+01   1.00127E+00
  0.00000E+00   8.63333E+01   1.03977E+00
  0.00000E+00   8.70751E+01   1.17089E+00
  0.00000E+00   8.74514E+01   1.27103E+00
  0.00000E+00   8.77519E+01   1.36748E+00
  0.00000E+00   8.90064E+01   1.36317E+00
  0.00000E+00   9.13771E+01   1.28425E+00
  0.00000E+00   9.45171E+01   1.18411E+00
  0.00000E+00   9.75539E+01   1.21097E+00
  0.00000E+00   9.93845E+01   1.15343E+00
  0.00000E+00   1.00982E+02   1.08719E+00
  0.00000E+00   1.02586E+02   1.12969E+00
  0.00000E+00   1.04231E+02   1.19693E+00
  0.00000E+00   1.04907E+02   1.26366E+00
  0.00000E+00   1.05774E+02   1.25560E+00
  0.00000E+00   1.07110E+02   1.27663E+00
  0.00000E+00   1.08290E+02   1.17858E+00
  0.00000E+00   1.09403E+02   1.19773E+00
  0.00000E+00   1.09375E+02   1.23061E+00
  0.00000E+00   1.07213E+02   1.08964E+00
  0.00000E+00   1.04525E+02   9.01198E-01
  0.00000E+00   1.02011E+02   7.61498E-01
  0.00000E+00   9.96787E+01   4.56187E-01
  0.00000E+00   9.67562E+01   2.28881E-01
  0.00000E+00   9.50148E+01   1.30567E-01
  0.00000E+00   9.49200E+01   1.79970E-01
  0.00000E+00   9.63412E+01   3.72354E-01
  0.00000E+00   9.60986E+01   4.64422E-01
  0.00000E+00   9.28893E+01   3.22617E-01
  0.00000E+00   8.96884E+01   7.98520E-02
  0.00000E+00   8.84836E+01   6.43450E-02
  0.00000E+00   8.73589E+01  -1.16937E-02
  0.00000E+00   8.64432E+01  -9.40043E-02
  0.00000E+00   8.58556E+01  -1.22897E-01
  0.00000E+00   8.61215E+01  -2.55375E-01
  0.00000E+00   8.66871E+01  -3.02539E-01
  0.00000E+00   8.63268E+01  -3.24730E-01
  0.00000E+00   8.58733E+01  -5.71223E-01
  0.00000E+00   8.61324E+01  -9.20048E-01
  0.00000E+00   8.72505E+01  -1.25600E+00
  0.00000E+00   8.91805E+01  -1.50488E+00
  0.00000E+00   9.10354E+01  -1.70889E+00
  0.00000E+00   9.16053E+01  -1.56714E+00
  0.00000E+00   9.07569E+01  -1.45368E+00
  0.00000E+00   9.04207E+01  -1.31985E+00
  0.00000E+00   9.11770E+01  -1.39018E+00
  0.00000E+00   9.22242E+01  -1.49841E+00
  0.00000E+00   9.28451E+01  -1.44581E+00
