  0.00000E+00   3.97850E-03   1.48515E-06
  0.00000E+00   3.56051E-03  -3.81014E-05
  0.00000E+00   3.10154E-03  -1.34176E-05
  0.00000E+00   2.64347E-03  -2.42469E-05
  0.00000E+00   2.42656E-03  -2.16025E-05
  0.00000E+00   2.62046E-03  -4.49356E-06
  0.00000E+00   2.67713E-03   6.17789E-06
  0.00000E+00   2.76953E-03  -7.25728E-07
  0.00000E+00   2.79260E-03  -4.79994E-05
  0.00000E+00   2.97950E-03  -4.05122E-05
  0.00000E+00   3.18407E-03  -5.66809E-05
  0.00000E+00   3.48856E-03  -2.59483E-05
  0.00000E+00   3.87781E-03   2.59280E-06
  0.00000E+00   4.25922E-03  -2.27666E-05
  0.00000E+00   4.81912E-03  -4.28349E-05
  0.00000E+00   5.55154E-03  -4.14800E-05
  0.00000E+00   6.48851E-03  -3.21989E-05
  0.00000E+00   7.48153E-03  -2.61381E-05
  0.00000E+00   8.64911E-03  -2.30681E-05
  0.00000E+00   1.00862E-02  -1.67903E-05
  0.00000E+00   1.18672E-02  -1.07757E-05
  0.00000E+00   1.39105E-02  -9.18393E-06
  0.00000E+00   1.62861E-02   2.52049E-07
  0.00000E+00   1.91252E-02   6.35214E-06
  0.00000E+00   2.25915E-02   1.36987E-05
  0.00000E+00   2.66897E-02   2.84092E-05
  0.00000E+00   3.15142E-02   4.23373E-05
  0.00000E+00   3.72654E-02   5.68211E-05
  0.00000E+00   4.41038E-02   7.07111E-05
  0.00000E+00   5.23168E-02   1.05761E-04
  0.00000E+00   6.21884E-02   1.49581E-04
  0.00000E+00   7.39244E-02   1.94033E-04
  0.00000E+00   8.78993E-02   2.60560E-04
  0.00000E+00   1.04596E-01   3.33306E-04
  0.00000E+00   1.24554E-01   4.23568E-04
  0.00000E+00   1.48408E-01   5.43673E-04
  0.00000E+00   1.76862E-01   6.74923E-04
  0.00000E+00   2.10846E-01   8.28593E-04
  0.00000E+00   2.51489E-01   1.02152E-03
  0.00000E+00   2.99995E-01   1.25048E-03
  0.00000E+00   3.57832E-01   1.51034E-03
  0.00000E+00   4.26782E-01   1.81695E-03
  0.00000E+00   5.08966E-01   2.18476E-03
  0.00000E+00   6.06837E-01   2.62433E-03
  0.00000E+00   7.23208E-01   3.16756E-03
  0.00000E+00   8.61324E-01   3.85880E-03
  0.00000E+00   1.02497E+00   4.72636E-03
  0.00000E+00   1.21835E+00   5.82858E-03
  0.00000E+00   1.44621E+00   7.23949E-03
  0.00000E+00   1.71389E+00   9.02081E-03
  0.00000E+00   2.02721E+00   1.12528E-02
  0.00000E+00   2.39260E+00   1.39766E-02
  0.00000E+00   2.81698E+00   1.72013E-02
  0.00000E+00   3.30783E+00   2.08627E-02
  0.00000E+00   3.87308E+00   2.48047E-02
  0.00000E+00   4.52104E+00   2.87872E-02
  0.00000E+00   5.26036E+00   3.24870E-02
  0.00000E+00   6.09971E+00   3.55680E-02
  0.00000E+00   7.04733E+00   3.77537E-02
  0.00000E+00   8.11055E+00   3.88007E-02
  0.00000E+00   9.29509E+00   3.85853E-02
  0.00000E+00   1.06043E+01   3.71684E-02
  0.00000E+00   1.20379E+01   3.47115E-02
  0.00000E+00   1.35903E+01   3.15168E-02
  0.00000E+00   1.52467E+01   2.83773E-02
  0.00000E+00   1.69787E+01   2.65351E-02
  0.00000E+00   1.87409E+01   2.68047E-02
  0.00000E+00   2.04691E+01   2.79438E-02
  0.00000E+00   2.20814E+01   2.54693E-02
  0.00000E+00   2.34888E+01   1.37537E-02
  0.00000E+00   2.46152E+01  -1.16164E-02
  0.00000E+00   2.54110E+01  -5.21662E-02
  0.00000E+00   2.58354E+01  -1.01053E-01
  0.00000E+00   2.58557E+01  -1.42678E-01
  0.00000E+00   2.55047E+01  -1.52807E-01
  0.00000E+00   2.48718E+01  -1.13178E-01
  0.00000E+00   2.40081E+01  -3.20148E-02
  0.00000E+00   2.29732E+01   5.21871E-02
  0.00000E+00   2.18407E+01   9.94738E-02
  0.00000E+00   2.07367E+01   8.94780E-02
  0.00000E+00   1.97762E+01   5.23785E-02
  0.00000E+00   1.90903E+01   7.23977E-02
  0.00000E+00   1.88096E+01   1.35531E-01
  0.00000E+00   1.88021E+01   1.86768E-01
  0.00000E+00   1.88210E+01   2.17302E-01
  0.00000E+00   1.87465E+01   2.29123E-01
  0.00000E+00   1.85262E+01   2.16944E-01
  0.00000E+00   1.82096E+01   1.77345E-01
  0.00000E+00   1.78980E+01   1.57626E-01
  0.00000E+00   1.76924E+01   1.50786E-01
  0.00000E+00   1.75727E+01   1.73380E-01
  0.00000E+00   1.75623E+01   2.39540E-01
  0.00000E+00   1.77004E+01   3.29701E-01
  0.00000E+00   1.80503E+01   3.85071E-01
  0.00000E+00   1.86194E+01   3.76888E-01
  0.00000E+00   1.93717E+01   3.49457E-01
  0.00000E+00   2.02328E+01   3.16820E-01
  0.00000E+00   2.11772E+01   2.91476E-01
  0.00000E+00   2.21801E+01   2.50614E-01
  0.00000E+00   2.32451E+01   1.78011E-01
  0.00000E+00   2.43401E+01   9.60130E-02
  0.00000E+00   2.53809E+01  -3.58430E-03
  0.00000E+00   2.62959E+01  -1.03355E-01
  0.00000E+00   2.70380E+01  -1.67854E-01
  0.00000E+00   2.75787E+01  -2.01926E-01
  0.00000E+00   2.78867E+01  -2.09505E-01
  0.00000E+00   2.80018E+01  -2.01262E-01
  0.00000E+00   2.79545E+01  -2.03676E-01
  0.00000E+00   2.78088E+01  -2.21212E-01
  0.00000E+00   2.76252E+01  -2.45618E-01
  0.00000E+00   2.74803E+01  -2.59166E-01
  0.00000E+00   2.73153E+01  -2.41346E-01
  0.00000E+00   2.70393E+01  -1.88936E-01
  0.00000E+00   2.67077E+01  -8.08038E-02
  0.00000E+00   2.64786E+01   6.91700E-02
  0.00000E+00   2.64726E+01   2.17344E-01
  0.00000E+00   2.67303E+01   3.01994E-01
  0.00000E+00   2.71134E+01   3.40254E-01
  0.00000E+00   2.74783E+01   3.68351E-01
  0.00000E+00   2.78024E+01   3.82429E-01
  0.00000E+00   2.80677E+01   3.80735E-01
  0.00000E+00   2.83123E+01   3.70231E-01
  0.00000E+00   2.86143E+01   3.22234E-01
  0.00000E+00   2.89953E+01   2.20049E-01
  0.00000E+00   2.94050E+01   8.23790E-02
  0.00000E+00   2.97034E+01  -2.79059E-02
  0.00000E+00   2.98118E+01  -1.07836E-01
  0.00000E+00   2.97598E+01  -1.65522E-01
  0.00000E+00   2.96702E+01  -1.96498E-01
  0.00000E+00   2.97481E+01  -1.91330E-01
  0.00000E+00   3.01485E+01  -1.68995E-01
  0.00000E+00   3.08730E+01  -1.19768E-01
  0.00000E+00   3.17913E+01  -5.41913E-02
  0.00000E+00   3.27062E+01  -1.52155E-02
  0.00000E+00   3.34082E+01   4.30072E-03
  0.00000E+00   3.37116E+01  -2.22702E-02
  0.00000E+00   3.36065E+01  -1.12122E-01
  0.00000E+00   3.31327E+01  -2.13807E-01
  0.00000E+00   3.23930E+01  -2.92037E-01
  0.00000E+00   3.16057E+01  -2.89766E-01
  0.00000E+00   3.09153E+01  -2.22589E-01
  0.00000E+00   3.04767E+01  -1.11512E-01
  0.00000E+00   3.05177E+01   1.04107E-02
  0.00000E+00   3.10916E+01   1.27102E-01
  0.00000E+00   3.20097E+01   1.97488E-01
  0.00000E+00   3.29136E+01   2.21925E-01
  0.00000E+00   3.34814E+01   2.12521E-01
  0.00000E+00   3.35060E+01   1.59583E-01
  0.00000E+00   3.30110E+01   1.18217E-01
  0.00000E+00   3.21520E+01   1.01049E-01
  0.00000E+00   3.09705E+01   1.04421E-01
  0.00000E+00   2.95776E+01   9.56118E-02
  0.00000E+00   2.83672E+01   6.36535E-02
  0.00000E+00   2.77314E+01   2.83694E-02
  0.00000E+00   2.77512E+01   6.90987E-03
  0.00000E+00   2.82354E+01   2.05196E-02
  0.00000E+00   2.90313E+01   2.34596E-02
  0.00000E+00   2.98570E+01   2.73731E-02
  0.00000E+00   3.05675E+01   5.78101E-02
  0.00000E+00   3.10509E+01   1.00027E-01
  0.00000E+00   3.12474E+01   1.33812E-01
  0.00000E+00   3.13028E+01   1.74062E-01
  0.00000E+00   3.13452E+01   1.82463E-01
  0.00000E+00   3.14160E+01   1.44393E-01
  0.00000E+00   3.14967E+01   8.79378E-02
  0.00000E+00   3.14717E+01   2.91773E-02
  0.00000E+00   3.12697E+01  -3.00235E-02
  0.00000E+00   3.10158E+01  -1.09318E-01
  0.00000E+00   3.08288E+01  -2.02575E-01
  0.00000E+00   3.08741E+01  -2.81055E-01
  0.00000E+00   3.12518E+01  -3.24626E-01
  0.00000E+00   3.19082E+01  -3.20846E-01
  0.00000E+00   3.27193E+01  -2.86424E-01
  0.00000E+00   3.35510E+01  -1.92440E-01
  0.00000E+00   3.43040E+01  -7.05961E-02
  0.00000E+00   3.49567E+01   4.01871E-02
  0.00000E+00   3.54476E+01   1.16871E-01
  0.00000E+00   3.57553E+01   1.67690E-01
  0.00000E+00   3.58239E+01   2.26108E-01
  0.00000E+00   3.56707E+01   2.11037E-01
  0.00000E+00   3.53710E+01   1.46410E-01
  0.00000E+00   3.51694E+01   7.74150E-02
  0.00000E+00   3.51670E+01  -2.50945E-04
  0.00000E+00   3.53616E+01  -1.16355E-01
  0.00000E+00   3.57632E+01  -2.14181E-01
  0.00000E+00   3.64138E+01  -3.12171E-01
  0.00000E+00   3.71768E+01  -3.85569E-01
  0.00000E+00   3.79800E+01  -4.55110E-01
  0.00000E+00   3.88373E+01  -5.36074E-01
  0.00000E+00   3.98682E+01  -6.08329E-01
  0.00000E+00   4.09535E+01  -6.34163E-01
  0.00000E+00   4.17964E+01  -6.28496E-01
  0.00000E+00   4.22388E+01  -6.11146E-01
  0.00000E+00   4.22301E+01  -5.76548E-01
  0.00000E+00   4.17876E+01  -4.89940E-01
  0.00000E+00   4.10638E+01  -3.79739E-01
  0.00000E+00   4.02544E+01  -2.79495E-01
  0.00000E+00   3.94039E+01  -1.90160E-01
  0.00000E+00   3.85198E+01  -1.34675E-01
  0.00000E+00   3.76996E+01  -1.05991E-01
  0.00000E+00   3.70538E+01  -5.31886E-02
  0.00000E+00   3.67097E+01   3.62611E-02
  0.00000E+00   3.67405E+01   1.24716E-01
  0.00000E+00   3.71390E+01   2.50364E-01
  0.00000E+00   3.78358E+01   3.62345E-01
  0.00000E+00   3.86186E+01   4.31633E-01
  0.00000E+00   3.91055E+01   5.44996E-01
  0.00000E+00   3.92218E+01   6.61144E-01
  0.00000E+00   3.92252E+01   7.67364E-01
  0.00000E+00   3.93217E+01   8.66828E-01
  0.00000E+00   3.95763E+01   9.55701E-01
  0.00000E+00   3.99563E+01   1.03772E+00
  0.00000E+00   4.02437E+01   1.06181E+00
  0.00000E+00   4.02637E+01   1.05271E+00
  0.00000E+00   4.01001E+01   9.87767E-01
  0.00000E+00   3.97369E+01   8.97688E-01
  0.00000E+00   3.94445E+01   7.87663E-01
  0.00000E+00   3.94836E+01   6.93974E-01
  0.00000E+00   3.97990E+01   6.56015E-01
  0.00000E+00   4.03627E+01   6.17188E-01
  0.00000E+00   4.09919E+01   5.46766E-01
  0.00000E+00   4.15696E+01   5.11207E-01
  0.00000E+00   4.20398E+01   5.07816E-01
  0.00000E+00   4.24817E+01   5.19718E-01
  0.00000E+00   4.30025E+01   5.41032E-01
  0.00000E+00   4.34771E+01   6.22634E-01
  0.00000E+00   4.36701E+01   7.70710E-01
  0.00000E+00   4.34683E+01   9.94699E-01
  0.00000E+00   4.28782E+01   1.20832E+00
  0.00000E+00   4.21877E+01   1.38098E+00
  0.00000E+00   4.16549E+01   1.46187E+00
  0.00000E+00   4.14547E+01   1.46729E+00
  0.00000E+00   4.15822E+01   1.40676E+00
  0.00000E+00   4.19825E+01   1.25773E+00
  0.00000E+00   4.24958E+01   1.06433E+00
  0.00000E+00   4.29846E+01   8.33141E-01
  0.00000E+00   4.36325E+01   5.55862E-01
  0.00000E+00   4.45892E+01   2.76191E-01
  0.00000E+00   4.58705E+01   3.61490E-02
  0.00000E+00   4.74634E+01  -1.77516E-01
  0.00000E+00   4.92212E+01  -3.60392E-01
  0.00000E+00   5.06666E+01  -5.09507E-01
  0.00000E+00   5.11674E+01  -5.65636E-01
  0.00000E+00   5.05328E+01  -5.99116E-01
  0.00000E+00   4.90474E+01  -6.70287E-01
  0.00000E+00   4.73701E+01  -7.49554E-01
  0.00000E+00   4.60103E+01  -7.39672E-01
  0.00000E+00   4.53032E+01  -6.99869E-01
  0.00000E+00   4.52831E+01  -6.63406E-01
  0.00000E+00   4.58181E+01  -6.22760E-01
  0.00000E+00   4.66540E+01  -6.17112E-01
  0.00000E+00   4.75636E+01  -6.58168E-01
  0.00000E+00   4.84492E+01  -7.07659E-01
  0.00000E+00   4.93241E+01  -7.02757E-01
  0.00000E+00   5.01046E+01  -6.70545E-01
  0.00000E+00   5.06065E+01  -6.34544E-01
  0.00000E+00   5.08543E+01  -6.29765E-01
  0.00000E+00   5.08743E+01  -6.51576E-01
  0.00000E+00   5.05117E+01  -6.78045E-01
  0.00000E+00   5.00108E+01  -7.35615E-01
  0.00000E+00   4.95257E+01  -8.15709E-01
  0.00000E+00   4.89739E+01  -9.31060E-01
  0.00000E+00   4.84135E+01  -1.05122E+00
  0.00000E+00   4.78198E+01  -1.11520E+00
  0.00000E+00   4.69993E+01  -1.14648E+00
  0.00000E+00   4.60157E+01  -1.16322E+00
  0.00000E+00   4.48628E+01  -1.19731E+00
  0.00000E+00   4.35815E+01  -1.33296E+00
  0.00000E+00   4.24798E+01  -1.49080E+00
  0.00000E+00   4.18604E+01  -1.63309E+00
  0.00000E+00   4.16190E+01  -1.72051E+00
  0.00000E+00   4.14657E+01  -1.69951E+00
  0.00000E+00   4.13292E+01  -1.64650E+00
  0.00000E+00   4.12457E+01  -1.54822E+00
  0.00000E+00   4.13389E+01  -1.44484E+00
  0.00000E+00   4.18169E+01  -1.37645E+00
  0.00000E+00   4.24989E+01  -1.28144E+00
  0.00000E+00   4.30151E+01  -1.21238E+00
  0.00000E+00   4.33063E+01  -1.19962E+00
  0.00000E+00   4.34068E+01  -1.21560E+00
  0.00000E+00   4.32315E+01  -1.26063E+00
  0.00000E+00   4.28290E+01  -1.35108E+00
  0.00000E+00   4.23376E+01  -1.43624E+00
  0.00000E+00   4.18271E+01  -1.50918E+00
  0.00000E+00   4.13842E+01  -1.52211E+00
  0.00000E+00   4.10595E+01  -1.43220E+00
  0.00000E+00   4.07863E+01  -1.35018E+00
  0.00000E+00   4.03301E+01  -1.24713E+00
  0.00000E+00   3.95916E+01  -1.09945E+00
  0.00000E+00   3.87392E+01  -9.02282E-01
  0.00000E+00   3.79436E+01  -6.45378E-01
  0.00000E+00   3.73985E+01  -4.08374E-01
  0.00000E+00   3.70727E+01  -1.99504E-01
  0.00000E+00   3.68301E+01  -6.30687E-02
  0.00000E+00   3.66777E+01   2.07958E-02
  0.00000E+00   3.64807E+01   4.87746E-02
  0.00000E+00   3.63224E+01   2.82075E-03
  0.00000E+00   3.62626E+01  -8.28178E-02
  0.00000E+00   3.62833E+01  -1.60927E-01
  0.00000E+00   3.63860E+01  -2.47141E-01
  0.00000E+00   3.64579E+01  -2.98855E-01
  0.00000E+00   3.63446E+01  -3.23011E-01
  0.00000E+00   3.61680E+01  -3.42938E-01
  0.00000E+00   3.60893E+01  -3.66885E-01
  0.00000E+00   3.62694E+01  -3.90658E-01
  0.00000E+00   3.67506E+01  -3.86689E-01
  0.00000E+00   3.75705E+01  -3.52853E-01
  0.00000E+00   3.86001E+01  -3.26663E-01
  0.00000E+00   3.94770E+01  -3.33755E-01
  0.00000E+00   4.00162E+01  -3.37371E-01
  0.00000E+00   4.02176E+01  -3.06067E-01
  0.00000E+00   4.02339E+01  -2.42950E-01
  0.00000E+00   4.03666E+01  -1.70894E-01
  0.00000E+00   4.08443E+01  -8.05726E-02
  0.00000E+00   4.14967E+01   3.14390E-02
  0.00000E+00   4.21088E+01   1.56194E-01
  0.00000E+00   4.25123E+01   3.18621E-01
  0.00000E+00   4.29278E+01   4.64161E-01
  0.00000E+00   4.36118E+01   5.09876E-01
  0.00000E+00   4.45487E+01   5.09517E-01
  0.00000E+00   4.57341E+01   5.18773E-01
  0.00000E+00   4.69695E+01   5.62272E-01
  0.00000E+00   4.80405E+01   5.91055E-01
  0.00000E+00   4.88594E+01   6.68211E-01
  0.00000E+00   4.95518E+01   7.25558E-01
  0.00000E+00   5.02002E+01   7.05328E-01
  0.00000E+00   5.08222E+01   6.53992E-01
  0.00000E+00   5.14262E+01   5.55332E-01
  0.00000E+00   5.19443E+01   4.51228E-01
  0.00000E+00   5.23686E+01   3.95720E-01
  0.00000E+00   5.27157E+01   4.14990E-01
  0.00000E+00   5.29717E+01   4.50681E-01
  0.00000E+00   5.30077E+01   5.29249E-01
  0.00000E+00   5.28435E+01   5.92985E-01
  0.00000E+00   5.26313E+01   6.14269E-01
  0.00000E+00   5.25832E+01   6.01830E-01
  0.00000E+00   5.29991E+01   6.12148E-01
  0.00000E+00   5.38260E+01   6.49143E-01
  0.00000E+00   5.47900E+01   6.44001E-01
  0.00000E+00   5.54713E+01   6.66738E-01
  0.00000E+00   5.56614E+01   6.79161E-01
  0.00000E+00   5.53746E+01   6.02331E-01
  0.00000E+00   5.47560E+01   5.28003E-01
  0.00000E+00   5.40567E+01   4.76230E-01
  0.00000E+00   5.36790E+01   3.50385E-01
  0.00000E+00   5.40023E+01   2.06008E-01
  0.00000E+00   5.49727E+01   3.94005E-02
  0.00000E+00   5.62447E+01  -1.10905E-01
  0.00000E+00   5.73088E+01  -2.22744E-01
  0.00000E+00   5.77052E+01  -2.50651E-01
  0.00000E+00   5.72638E+01  -2.37175E-01
  0.00000E+00   5.60091E+01  -2.54153E-01
  0.00000E+00   5.40817E+01  -3.19534E-01
  0.00000E+00   5.22796E+01  -3.30286E-01
  0.00000E+00   5.14352E+01  -3.60218E-01
  0.00000E+00   5.18232E+01  -4.76540E-01
  0.00000E+00   5.31121E+01  -5.63304E-01
  0.00000E+00   5.45142E+01  -6.02838E-01
  0.00000E+00   5.54027E+01  -6.74885E-01
  0.00000E+00   5.54349E+01  -7.96705E-01
  0.00000E+00   5.45596E+01  -8.44776E-01
  0.00000E+00   5.34015E+01  -9.36649E-01
  0.00000E+00   5.25742E+01  -1.08330E+00
  0.00000E+00   5.22122E+01  -1.18449E+00
  0.00000E+00   5.21393E+01  -1.22621E+00
  0.00000E+00   5.18677E+01  -1.24032E+00
  0.00000E+00   5.11995E+01  -1.22693E+00
  0.00000E+00   5.04263E+01  -1.14390E+00
  0.00000E+00   4.99195E+01  -9.66686E-01
  0.00000E+00   4.99560E+01  -8.45349E-01
  0.00000E+00   5.04822E+01  -7.54124E-01
  0.00000E+00   5.10953E+01  -6.28826E-01
  0.00000E+00   5.12507E+01  -5.08193E-01
  0.00000E+00   5.09070E+01  -5.04866E-01
  0.00000E+00   5.02972E+01  -5.21404E-01
  0.00000E+00   4.96710E+01  -4.88068E-01
  0.00000E+00   4.90994E+01  -4.43787E-01
  0.00000E+00   4.86757E+01  -4.01743E-01
  0.00000E+00   4.82557E+01  -2.99013E-01
  0.00000E+00   4.77506E+01  -1.58118E-01
  0.00000E+00   4.74021E+01  -3.84487E-02
  0.00000E+00   4.75202E+01   4.04405E-02
  0.00000E+00   4.81790E+01   7.79771E-02
  0.00000E+00   4.90857E+01   2.39222E-02
  0.00000E+00   5.01021E+01  -1.09648E-02
  0.00000E+00   5.11238E+01  -5.18809E-02
  0.00000E+00   5.20126E+01  -5.46969E-02
  0.00000E+00   5.29503E+01  -8.19648E-02
  0.00000E+00   5.40701E+01  -1.66551E-01
  0.00000E+00   5.55700E+01  -2.30184E-01
  0.00000E+00   5.73980E+01  -2.52485E-01
  0.00000E+00   5.92967E+01  -2.56590E-01
  0.00000E+00   6.11324E+01  -2.38067E-01
  0.00000E+00   6.29279E+01  -1.92247E-01
  0.00000E+00   6.44518E+01  -1.46191E-01
  0.00000E+00   6.55875E+01  -7.01491E-02
  0.00000E+00   6.64158E+01   6.22368E-02
  0.00000E+00   6.71100E+01   2.20412E-01
  0.00000E+00   6.77345E+01   3.61471E-01
  0.00000E+00   6.84900E+01   4.74415E-01
  0.00000E+00   6.95182E+01   5.70046E-01
  0.00000E+00   7.06118E+01   5.79919E-01
  0.00000E+00   7.15066E+01   5.61040E-01
  0.00000E+00   7.21030E+01   5.92090E-01
  0.00000E+00   7.23828E+01   6.13709E-01
  0.00000E+00   7.24302E+01   6.01568E-01
  0.00000E+00   7.24596E+01   5.70040E-01
  0.00000E+00   7.30458E+01   5.68404E-01
  0.00000E+00   7.41800E+01   6.39980E-01
  0.00000E+00   7.54866E+01   6.71732E-01
  0.00000E+00   7.61935E+01   6.77656E-01
  0.00000E+00   7.56665E+01   7.24211E-01
  0.00000E+00   7.39412E+01   8.14605E-01
  0.00000E+00   7.17445E+01   9.38954E-01
  0.00000E+00   6.96158E+01   9.44342E-01
  0.00000E+00   6.81350E+01   8.80497E-01
  0.00000E+00   6.73427E+01   8.83205E-01
  0.00000E+00   6.67271E+01   9.17433E-01
  0.00000E+00   6.60272E+01   1.01854E+00
  0.00000E+00   6.50961E+01   1.14307E+00
  0.00000E+00   6.38440E+01   1.22041E+00
  0.00000E+00   6.26460E+01   1.20338E+00
  0.00000E+00   6.20351E+01   1.21225E+00
  0.00000E+00   6.23432E+01   1.27677E+00
  0.00000E+00   6.29723E+01   1.36567E+00
  0.00000E+00   6.34118E+01   1.50827E+00
  0.00000E+00   6.37769E+01   1.56143E+00
  0.00000E+00   6.41989E+01   1.52671E+00
  0.00000E+00   6.48497E+01   1.48084E+00
  0.00000E+00   6.58264E+01   1.37190E+00
  0.00000E+00   6.73198E+01   1.20289E+00
  0.00000E+00   6.88530E+01   1.10630E+00
  0.00000E+00   7.00777E+01   9.75563E-01
  0.00000E+00   7.06389E+01   8.78387E-01
  0.00000E+00   7.02122E+01   6.74700E-01
  0.00000E+00   6.93814E+01   3.87416E-01
  0.00000E+00   6.82993E+01   1.88821E-01
  0.00000E+00   6.69774E+01   6.04114E-02
  0.00000E+00   6.60234E+01  -8.75881E-02
  0.00000E+00   6.56344E+01  -2.62000E-01
  0.00000E+00   6.56977E+01  -3.03910E-01
  0.00000E+00   6.57534E+01  -2.98235E-01
  0.00000E+00   6.58042E+01  -3.07118E-01
  0.00000E+00   6.59003E+01  -3.21809E-01
  0.00000E+00   6.59821E+01  -3.25577E-01
  0.00000E+00   6.59937E+01  -3.40304E-01
  0.00000E+00   6.59353E+01  -3.50375E-01
  0.00000E+00   6.59099E+01  -4.22198E-01
  0.00000E+00   6.63575E+01  -5.86853E-01
  0.00000E+00   6.74120E+01  -8.72928E-01
  0.00000E+00   6.85384E+01  -1.16165E+00
  0.00000E+00   6.91557E+01  -1.41986E+00
  0.00000E+00   6.93091E+01  -1.62469E+00
  0.00000E+00   6.89392E+01  -1.76393E+00
  0.00000E+00   6.81332E+01  -1.75607E+00
  0.00000E+00   6.73822E+01  -1.72422E+00
  0.00000E+00   6.68085E+01  -1.61496E+00
  0.00000E+00   6.64275E+01  -1.45652E+00
  0.00000E+00   6.59965E+01  -1.37343E+00
  0.00000E+00   6.56939E+01  -1.32655E+00
  0.00000E+00   6.51737E+01  -1.28870E+00
  0.00000E+00   6.42265E+01  -1.26971E+00
  0.00000E+00   6.33274E+01  -1.18599E+00
  0.00000E+00   6.27070E+01  -9.71344E-01
  0.00000E+00   6.24511E+01  -8.40002E-01
  0.00000E+00   6.20828E+01  -7.61857E-01
  0.00000E+00   6.13888E+01  -6.68933E-01
  0.00000E+00   6.03426E+01  -7.13992E-01
  0.00000E+00   5.88395E+01  -6.84738E-01
  0.00000E+00   5.74686E+01  -6.43718E-01
  0.00000E+00   5.68084E+01  -5.04567E-01
  0.00000E+00   5.69083E+01  -3.92093E-01
  0.00000E+00   5.77537E+01  -4.04711E-01
  0.00000E+00   5.89262E+01  -4.22333E-01
  0.00000E+00   6.01955E+01  -3.33394E-01
  0.00000E+00   6.15106E+01  -3.65295E-01
  0.00000E+00   6.30506E+01  -3.94011E-01
  0.00000E+00   6.48958E+01  -3.67003E-01
  0.00000E+00   6.68367E+01  -1.95965E-01
  0.00000E+00   6.88086E+01   5.08080E-02
  0.00000E+00   7.07472E+01   3.06082E-01
  0.00000E+00   7.25964E+01   6.09881E-01
  0.00000E+00   7.44161E+01   9.13444E-01
  0.00000E+00   7.60742E+01   1.17511E+00
  0.00000E+00   7.72671E+01   1.37993E+00
  0.00000E+00   7.78363E+01   1.57965E+00
  0.00000E+00   7.79057E+01   1.76022E+00
  0.00000E+00   7.81591E+01   1.92404E+00
  0.00000E+00   7.86786E+01   2.04240E+00
  0.00000E+00   7.91812E+01   2.21758E+00
  0.00000E+00   7.93338E+01   2.32888E+00
  0.00000E+00   7.86121E+01   2.42382E+00
  0.00000E+00   7.70224E+01   2.29811E+00
  0.00000E+00   7.47864E+01   2.04560E+00
  0.00000E+00   7.32223E+01   1.86698E+00
  0.00000E+00   7.33152E+01   1.82744E+00
  0.00000E+00   7.48681E+01   1.80086E+00
  0.00000E+00   7.65522E+01   1.75975E+00
  0.00000E+00   7.70234E+01   1.63828E+00
  0.00000E+00   7.58396E+01   1.47243E+00
  0.00000E+00   7.35850E+01   1.19932E+00
  0.00000E+00   7.11899E+01   1.06850E+00
  0.00000E+00   7.00412E+01   9.52736E-01
  0.00000E+00   7.05857E+01   8.31570E-01
  0.00000E+00   7.21205E+01   7.35647E-01
  0.00000E+00   7.35572E+01   7.27371E-01
  0.00000E+00   7.40545E+01   6.80519E-01
  0.00000E+00   7.39529E+01   6.36195E-01
  0.00000E+00   7.41094E+01   4.92650E-01
  0.00000E+00   7.48589E+01   2.48977E-01
  0.00000E+00   7.60776E+01   7.63038E-02
  0.00000E+00   7.71604E+01  -5.01496E-02
  0.00000E+00   7.72086E+01  -1.32996E-01
  0.00000E+00   7.56436E+01  -1.83374E-01
  0.00000E+00   7.30359E+01  -2.98597E-01
  0.00000E+00   7.06875E+01  -3.70189E-01
  0.00000E+00   6.92923E+01  -4.41312E-01
  0.00000E+00   6.93538E+01  -3.43253E-01
  0.00000E+00   7.02002E+01  -3.53683E-01
  0.00000E+00   7.08519E+01  -4.16982E-01
  0.00000E+00   7.07012E+01  -4.05088E-01
  0.00000E+00   6.92266E+01  -3.97534E-01
  0.00000E+00   6.65028E+01  -3.51041E-01
  0.00000E+00   6.43832E+01  -3.03491E-01
  0.00000E+00   6.37049E+01  -2.56055E-01
  0.00000E+00   6.41357E+01  -1.73449E-01
  0.00000E+00   6.49834E+01   6.66561E-02
  0.00000E+00   6.52017E+01   1.55590E-01
  0.00000E+00   6.40208E+01   1.11619E-01
  0.00000E+00   6.21463E+01   1.50285E-01
  0.00000E+00   6.04662E+01   2.85445E-01
  0.00000E+00   5.96091E+01   4.16709E-01
  0.00000E+00   6.00225E+01   5.61544E-01
  0.00000E+00   6.14842E+01   5.62135E-01
  0.00000E+00   6.31430E+01   5.57141E-01
  0.00000E+00   6.34563E+01   4.78656E-01
  0.00000E+00   6.21911E+01   3.31017E-01
  0.00000E+00   6.01989E+01   2.16004E-01
  0.00000E+00   5.87890E+01   1.01642E-01
  0.00000E+00   5.85413E+01  -1.25517E-02
  0.00000E+00   5.91780E+01  -4.72390E-02
  0.00000E+00   5.99588E+01  -5.64798E-02
  0.00000E+00   6.04188E+01   1.76724E-02
  0.00000E+00   6.02169E+01   1.80995E-01
  0.00000E+00   5.95295E+01   2.67293E-01
  0.00000E+00   5.87045E+01   2.70630E-01
  0.00000E+00   5.81382E+01   3.55384E-01
  0.00000E+00   5.81332E+01   4.26477E-01
  0.00000E+00   5.92316E+01   4.82720E-01
  0.00000E+00   6.10935E+01   5.19234E-01
  0.00000E+00   6.29859E+01   5.72182E-01
  0.00000E+00   6.43910E+01   7.13301E-01
  0.00000E+00   6.51511E+01   7.97679E-01
  0.00000E+00   6.52653E+01   9.37600E-01
  0.00000E+00   6.49602E+01   9.86508E-01
  0.00000E+00   6.46988E+01   9.65086E-01
  0.00000E+00   6.48815E+01   9.11443E-01
  0.00000E+00   6.55797E+01   8.40009E-01
  0.00000E+00   6.66065E+01   8.56937E-01
  0.00000E+00   6.77394E+01   9.41728E-01
  0.00000E+00   6.89235E+01   1.04830E+00
  0.00000E+00   7.00341E+01   1.16150E+00
  0.00000E+00   7.09284E+01   1.32589E+00
  0.00000E+00   7.14606E+01   1.43803E+00
  0.00000E+00   7.18520E+01   1.49905E+00
  0.00000E+00   7.24393E+01   1.50814E+00
  0.00000E+00   7.34357E+01   1.53988E+00
  0.00000E+00   7.46203E+01   1.62739E+00
  0.00000E+00   7.59526E+01   1.73472E+00
  0.00000E+00   7.72752E+01   1.72260E+00
  0.00000E+00   7.86266E+01   1.72502E+00
  0.00000E+00   8.00885E+01   1.82763E+00
  0.00000E+00   8.14204E+01   1.87477E+00
  0.00000E+00   8.22976E+01   1.98347E+00
  0.00000E+00   8.25462E+01   2.04029E+00
  0.00000E+00   8.20695E+01   2.00908E+00
  0.00000E+00   8.12512E+01   1.89715E+00
  0.00000E+00   8.03870E+01   1.81278E+00
  0.00000E+00   7.97395E+01   1.69971E+00
  0.00000E+00   7.89391E+01   1.48229E+00
  0.00000E+00   7.79243E+01   1.34335E+00
  0.00000E+00   7.68799E+01   1.23333E+00
  0.00000E+00   7.60174E+01   1.04896E+00
  0.00000E+00   7.53776E+01   8.82138E-01
  0.00000E+00   7.51582E+01   7.25645E-01
  0.00000E+00   7.57831E+01   5.16813E-01
  0.00000E+00   7.69249E+01   3.55234E-01
  0.00000E+00   7.78949E+01   3.04061E-01
  0.00000E+00   7.85153E+01   1.36162E-01
  0.00000E+00   7.88533E+01  -6.39018E-02
  0.00000E+00   7.90940E+01  -2.28663E-01
  0.00000E+00   7.95354E+01  -4.02120E-01
  0.00000E+00   7.99543E+01  -5.76184E-01
  0.00000E+00   8.05539E+01  -8.56681E-01
  0.00000E+00   8.08144E+01  -1.12677E+00
  0.00000E+00   8.05457E+01  -1.16966E+00
  0.00000E+00   7.95557E+01  -1.09542E+00
  0.00000E+00   7.75919E+01  -1.02500E+00
  0.00000E+00   7.52574E+01  -9.42276E-01
  0.00000E+00   7.37075E+01  -9.60078E-01
  0.00000E+00   7.33664E+01  -1.16746E+00
  0.00000E+00   7.35626E+01  -1.39928E+00
  0.00000E+00   7.31005E+01  -1.60150E+00
  0.00000E+00   7.09074E+01  -1.73114E+00
  0.00000E+00   6.80404E+01  -1.86888E+00
  0.00000E+00   6.59148E+01  -2.06308E+00
  0.00000E+00   6.52627E+01  -2.22594E+00
  0.00000E+00   6.65790E+01  -2.24312E+00
  0.00000E+00   6.86581E+01  -2.30759E+00
  0.00000E+00   6.96354E+01  -2.42206E+00
  0.00000E+00   6.87446E+01  -2.52398E+00
  0.00000E+00   6.62982E+01  -2.61778E+00
  0.00000E+00   6.36094E+01  -2.56649E+00
  0.00000E+00   6.18559E+01  -2.57328E+00
  0.00000E+00   6.15833E+01  -2.48378E+00
  0.00000E+00   6.26604E+01  -2.45348E+00
  0.00000E+00   6.39596E+01  -2.34259E+00
  0.00000E+00   6.44201E+01  -2.15535E+00
  0.00000E+00   6.43338E+01  -1.87543E+00
  0.00000E+00   6.38034E+01  -1.61851E+00
  0.00000E+00   6.29728E+01  -1.57565E+00
  0.00000E+00   6.19915E+01  -1.51854E+00
  0.00000E+00   6.10656E+01  -1.42305E+00
  0.00000E+00   6.07755E+01  -1.34678E+00
  0.00000E+00   6.10641E+01  -1.17628E+00
  0.00000E+00   6.14169E+01  -9.29660E-01
  0.00000E+00   6.13484E+01  -7.16981E-01
  0.00000E+00   5.99020E+01  -5.20332E-01
  0.00000E+00   5.75811E+01  -3.35754E-01
  0.00000E+00   5.49826E+01  -2.41482E-01
  0.00000E+00   5.28375E+01  -2.12961E-01
  0.00000E+00   5.17228E+01  -2.66554E-01
  0.00000E+00   5.18687E+01  -3.34122E-01
  0.00000E+00   5.27180E+01  -4.70234E-01
  0.00000E+00   5.36276E+01  -6.17638E-01
  0.00000E+00   5.41710E+01  -7.23217E-01
  0.00000E+00   5.41273E+01  -6.77723E-01
  0.00000E+00   5.34365E+01  -6.04487E-01
  0.00000E+00   5.28192E+01  -5.16444E-01
  0.00000E+00   5.28121E+01  -4.02736E-01
  0.00000E+00   5.35416E+01  -3.11925E-01
  0.00000E+00   5.49226E+01  -1.65065E-01
  0.00000E+00   5.64516E+01  -4.68133E-02
  0.00000E+00   5.77122E+01  -4.68006E-02
  0.00000E+00   5.84982E+01  -1.19337E-01
  0.00000E+00   5.87484E+01  -1.79564E-01
  0.00000E+00   5.83547E+01  -2.68541E-01
  0.00000E+00   5.74122E+01  -3.52732E-01
  0.00000E+00   5.65861E+01  -4.91258E-01
  0.00000E+00   5.62722E+01  -6.34962E-01
  0.00000E+00   5.66562E+01  -6.81564E-01
  0.00000E+00   5.76561E+01  -7.47285E-01
  0.00000E+00   5.89274E+01  -8.24072E-01
  0.00000E+00   5.97614E+01  -8.41761E-01
  0.00000E+00   5.98278E+01  -8.51549E-01
  0.00000E+00   5.96290E+01  -8.82926E-01
  0.00000E+00   5.97819E+01  -8.91770E-01
  0.00000E+00   6.05358E+01  -9.22277E-01
  0.00000E+00   6.20796E+01  -9.25007E-01
  0.00000E+00   6.41904E+01  -9.33294E-01
  0.00000E+00   6.63353E+01  -9.32689E-01
  0.00000E+00   6.80732E+01  -8.64084E-01
  0.00000E+00   6.90903E+01  -7.92095E-01
  0.00000E+00   6.95492E+01  -7.36823E-01
  0.00000E+00   7.00511E+01  -7.55379E-01
  0.00000E+00   7.07044E+01  -7.43527E-01
  0.00000E+00   7.14219E+01  -7.13563E-01
  0.00000E+00   7.19242E+01  -7.55915E-01
  0.00000E+00   7.21353E+01  -8.13155E-01
  0.00000E+00   7.20479E+01  -7.66752E-01
  0.00000E+00   7.17290E+01  -6.69526E-01
  0.00000E+00   7.12230E+01  -4.91160E-01
  0.00000E+00   7.07819E+01  -3.94360E-01
  0.00000E+00   7.04708E+01  -2.96921E-01
  0.00000E+00   7.06196E+01  -1.94569E-01
  0.00000E+00   7.10409E+01  -1.38636E-01
  0.00000E+00   7.12707E+01  -3.83320E-02
  0.00000E+00   7.03869E+01   1.55501E-01
  0.00000E+00   6.84531E+01   3.29260E-01
  0.00000E+00   6.63107E+01   5.41198E-01
  0.00000E+00   6.47252E+01   6.47791E-01
  0.00000E+00   6.38628E+01   6.76828E-01
  0.00000E+00   6.35979E+01   5.27974E-01
  0.00000E+00   6.38516E+01   3.23640E-01
  0.00000E+00   6.38143E+01   8.03076E-02
  0.00000E+00   6.28517E+01  -7.19323E-02
  0.00000E+00   6.19585E+01  -1.93722E-01
  0.00000E+00   6.15389E+01  -3.14306E-01
  0.00000E+00   6.16938E+01  -4.34245E-01
  0.00000E+00   6.25522E+01  -4.09356E-01
  0.00000E+00   6.40827E+01  -4.95354E-01
  0.00000E+00   6.59612E+01  -4.83577E-01
  0.00000E+00   6.76522E+01  -4.54374E-01
  0.00000E+00   6.88881E+01  -4.02486E-01
  0.00000E+00   6.97293E+01  -3.14804E-01
  0.00000E+00   7.00523E+01  -2.72845E-01
  0.00000E+00   7.00721E+01  -1.58336E-01
  0.00000E+00   7.02424E+01   6.13390E-02
  0.00000E+00   7.08448E+01   1.88486E-01
  0.00000E+00   7.21620E+01   3.03116E-01
  0.00000E+00   7.39918E+01   3.74312E-01
  0.00000E+00   7.55774E+01   3.93161E-01
  0.00000E+00   7.65782E+01   4.22149E-01
  0.00000E+00   7.67020E+01   3.68185E-01
  0.00000E+00   7.63179E+01   2.88113E-01
  0.00000E+00   7.60610E+01   1.71909E-01
  0.00000E+00   7.63284E+01   2.78828E-02
  0.00000E+00   7.69847E+01  -1.75893E-01
  0.00000E+00   7.80129E+01  -4.65035E-01
  0.00000E+00   7.92277E+01  -7.32356E-01
  0.00000E+00   8.03786E+01  -9.29504E-01
  0.00000E+00   8.15276E+01  -1.04378E+00
  0.00000E+00   8.20460E+01  -1.27462E+00
  0.00000E+00   8.09492E+01  -1.52625E+00
  0.00000E+00   7.81983E+01  -1.67120E+00
  0.00000E+00   7.45467E+01  -1.66672E+00
  0.00000E+00   7.09393E+01  -1.66008E+00
  0.00000E+00   6.85166E+01  -1.52501E+00
  0.00000E+00   6.77706E+01  -1.46180E+00
  0.00000E+00   6.88071E+01  -1.36038E+00
  0.00000E+00   7.06707E+01  -1.23107E+00
  0.00000E+00   7.21385E+01  -1.08940E+00
  0.00000E+00   7.26289E+01  -8.95573E-01
  0.00000E+00   7.22616E+01  -6.44087E-01
  0.00000E+00   7.14422E+01  -4.18952E-01
  0.00000E+00   7.10470E+01  -1.92772E-01
  0.00000E+00   7.16677E+01   1.41305E-01
  0.00000E+00   7.29073E+01   5.02307E-01
  0.00000E+00   7.42715E+01   7.86961E-01
  0.00000E+00   7.50158E+01   1.04398E+00
  0.00000E+00   7.47034E+01   1.10229E+00
  0.00000E+00   7.38084E+01   1.07631E+00
  0.00000E+00   7.31088E+01   1.05443E+00
  0.00000E+00   7.30185E+01   1.11330E+00
  0.00000E+00   7.36094E+01   1.14149E+00
  0.00000E+00   7.43090E+01   1.07402E+00
  0.00000E+00   7.41280E+01   9.44785E-01
  0.00000E+00   7.32867E+01   9.18087E-01
  0.00000E+00   7.23126E+01   9.10545E-01
  0.00000E+00   7.17697E+01   9.35982E-01
  0.00000E+00   7.22176E+01   1.02014E+00
  0.00000E+00   7.34321E+01   1.15839E+00
  0.00000E+00   7.52591E+01   1.34075E+00
  0.00000E+00   7.70628E+01   1.47901E+00
  0.00000E+00   7.84841E+01   1.51001E+00
  0.00000E+00   7.92747E+01   1.52016E+00
  0.00000E+00   7.90479E+01   1.45998E+00
  0.00000E+00   7.78528E+01   1.36731E+00
  0.00000E+00   7.57111E+01   1.39634E+00
  0.00000E+00   7.33844E+01   1.41013E+00
  0.00000E+00   7.16842E+01   1.50784E+00
  0.00000E+00   7.06328E+01   1.51127E+00
  0.00000E+00   7.04935E+01   1.52736E+00
  0.00000E+00   7.03074E+01   1.43446E+00
  0.00000E+00   6.90787E+01   1.26420E+00
  0.00000E+00   6.67239E+01   1.16381E+00
  0.00000E+00   6.42119E+01   1.13043E+00
  0.00000E+00   6.27529E+01   1.28504E+00
  0.00000E+00   6.29564E+01   1.52588E+00
  0.00000E+00   6.39818E+01   1.73206E+00
  0.00000E+00   6.48762E+01   1.77564E+00
  0.00000E+00   6.50840E+01   1.58714E+00
  0.00000E+00   6.48519E+01   1.58073E+00
  0.00000E+00   6.42533E+01   1.55499E+00
  0.00000E+00   6.41413E+01   1.49136E+00
  0.00000E+00   6.52365E+01   1.51692E+00
  0.00000E+00   6.74360E+01   1.59066E+00
  0.00000E+00   6.96767E+01   1.63133E+00
  0.00000E+00   7.10279E+01   1.64703E+00
  0.00000E+00   7.11120E+01   1.68553E+00
  0.00000E+00   7.05520E+01   1.67638E+00
  0.00000E+00   7.01810E+01   1.67529E+00
  0.00000E+00   6.99897E+01   1.64902E+00
  0.00000E+00   7.01310E+01   1.56943E+00
  0.00000E+00   7.04581E+01   1.49710E+00
  0.00000E+00   7.05200E+01   1.41897E+00
  0.00000E+00   7.01627E+01   1.48076E+00
  0.00000E+00   6.98211E+01   1.55449E+00
  0.00000E+00   6.94231E+01   1.60621E+00
  0.00000E+00   6.90923E+01   1.63608E+00
  0.00000E+00   6.87321E+01   1.65357E+00
  0.00000E+00   6.86249E+01   1.66444E+00
  0.00000E+00   6.85236E+01   1.72711E+00
  0.00000E+00   6.85189E+01   1.69103E+00
  0.00000E+00   6.85033E+01   1.56702E+00
  0.00000E+00   6.85353E+01   1.46308E+00
  0.00000E+00   6.89878E+01   1.27981E+00
  0.00000E+00   6.96476E+01   1.00600E+00
  0.00000E+00   7.04337E+01   8.38788E-01
  0.00000E+00   7.11161E+01   7.64278E-01
  0.00000E+00   7.16340E+01   6.39299E-01
  0.00000E+00   7.18480E+01   5.82695E-01
  0.00000E+00   7.21058E+01   4.69853E-01
  0.00000E+00   7.24116E+01   3.37485E-01
  0.00000E+00   7.22797E+01   1.43371E-01
  0.00000E+00   7.19871E+01  -2.97086E-02
  0.00000E+00   7.17897E+01  -5.89639E-02
  0.00000E+00   7.18936E+01  -6.13265E-02
  0.00000E+00   7.22977E+01  -1.68443E-01
  0.00000E+00   7.31738E+01  -3.11183E-01
