  0.00000E+00   8.04765E-04  -7.26572E-05
  0.00000E+00   2.47264E-03  -1.31756E-04
  0.00000E+00   5.97591E-03  -1.87676E-04
  0.00000E+00   9.21879E-03  -2.46467E-04
  0.00000E+00   1.25998E-02  -3.21223E-04
  0.00000E+00   1.67644E-02  -3.90594E-04
  0.00000E+00   2.21852E-02  -4.44580E-04
  0.00000E+00   2.93663E-02  -4.73134E-04
  0.00000E+00   3.89031E-02  -4.70648E-04
  0.00000E+00   5.15165E-02  -4.28745E-04
  0.00000E+00   6.80744E-02  -3.29558E-04
  0.00000E+00   8.96100E-02  -1.43676E-04
  0.00000E+00   1.17383E-01   1.77778E-04
  0.00000E+00   1.52813E-01   6.96528E-04
  0.00000E+00   1.97686E-01   1.48321E-03
  0.00000E+00   2.53935E-01   2.60980E-03
  0.00000E+00   3.23821E-01   4.12586E-03
  0.00000E+00   4.09942E-01   6.04089E-03
  0.00000E+00   5.15024E-01   8.32915E-03
  0.00000E+00   6.42037E-01   1.08692E-02
  0.00000E+00   7.93833E-01   1.35155E-02
  0.00000E+00   9.72933E-01   1.59995E-02
  0.00000E+00   1.18152E+00   1.80500E-02
  0.00000E+00   1.42105E+00   1.93235E-02
  0.00000E+00   1.69223E+00   1.95493E-02
  0.00000E+00   1.99541E+00   1.85606E-02
  0.00000E+00   2.33049E+00   1.62741E-02
  0.00000E+00   2.69697E+00   1.27176E-02
  0.00000E+00   3.09498E+00   7.91736E-03
  0.00000E+00   3.52498E+00   1.81046E-03
  0.00000E+00   3.98786E+00  -5.83748E-03
  0.00000E+00   4.48529E+00  -1.56218E-02
  0.00000E+00   5.01762E+00  -2.84331E-02
  0.00000E+00   5.58376E+00  -4.50613E-02
  0.00000E+00   6.18136E+00  -6.55857E-02
  0.00000E+00   6.80763E+00  -8.86722E-02
  0.00000E+00   7.45916E+00  -1.11142E-01
  0.00000E+00   8.13015E+00  -1.29137E-01
  0.00000E+00   8.81438E+00  -1.40471E-01
  0.00000E+00   9.50911E+00  -1.45192E-01
  0.00000E+00   1.02162E+01  -1.41942E-01
  0.00000E+00   1.09532E+01  -1.25693E-01
  0.00000E+00   1.17464E+01  -9.27208E-02
  0.00000E+00   1.26103E+01  -4.23979E-02
  0.00000E+00   1.35663E+01   3.63171E-02
  0.00000E+00   1.46237E+01   1.37263E-01
  0.00000E+00   1.58326E+01   2.72497E-01
  0.00000E+00   1.72590E+01   4.36217E-01
  0.00000E+00   1.89700E+01   5.83330E-01
  0.00000E+00   2.10472E+01   6.76855E-01
  0.00000E+00   2.35330E+01   6.62042E-01
  0.00000E+00   2.64497E+01   5.85892E-01
  0.00000E+00   2.96903E+01   5.29783E-01
  0.00000E+00   3.28546E+01   5.38471E-01
  0.00000E+00   3.55407E+01   6.24462E-01
  0.00000E+00   3.72579E+01   7.04049E-01
  0.00000E+00   3.82695E+01   6.78717E-01
  0.00000E+00   3.94007E+01   6.13222E-01
  0.00000E+00   4.07712E+01   5.18920E-01
  0.00000E+00   4.19379E+01   3.09204E-01
  0.00000E+00   4.21265E+01   2.89980E-02
  0.00000E+00   4.14608E+01  -1.20900E-01
  0.00000E+00   3.93866E+01  -2.31068E-01
  0.00000E+00   3.72344E+01  -1.27420E-01
  0.00000E+00   3.59535E+01   6.30250E-03
  0.00000E+00   3.57421E+01   1.26123E-01
  0.00000E+00   3.62832E+01   1.86124E-01
  0.00000E+00   3.76794E+01   1.14470E-01
  0.00000E+00   3.94449E+01  -7.79994E-02
  0.00000E+00   4.15246E+01  -2.51476E-01
  0.00000E+00   4.32860E+01  -2.69045E-01
  0.00000E+00   4.49667E+01  -2.70975E-01
  0.00000E+00   4.63627E+01  -4.36307E-01
  0.00000E+00   4.73654E+01  -5.69383E-01
  0.00000E+00   4.83291E+01  -6.61941E-01
  0.00000E+00   4.94362E+01  -8.89514E-01
  0.00000E+00   5.05963E+01  -1.00913E+00
  0.00000E+00   5.19015E+01  -9.42314E-01
  0.00000E+00   5.36749E+01  -9.12178E-01
  0.00000E+00   5.55378E+01  -8.55108E-01
  0.00000E+00   5.74537E+01  -8.35544E-01
  0.00000E+00   5.91165E+01  -7.09532E-01
  0.00000E+00   6.00026E+01  -5.27457E-01
  0.00000E+00   6.00832E+01  -4.45133E-01
  0.00000E+00   5.98051E+01  -7.37875E-01
  0.00000E+00   5.91586E+01  -1.00285E+00
  0.00000E+00   5.76994E+01  -1.15734E+00
  0.00000E+00   5.59094E+01  -1.03398E+00
  0.00000E+00   5.43068E+01  -7.52979E-01
  0.00000E+00   5.28499E+01  -5.04566E-01
  0.00000E+00   5.18952E+01  -3.40806E-01
  0.00000E+00   5.17757E+01  -3.79827E-01
  0.00000E+00   5.22704E+01  -5.12688E-01
  0.00000E+00   5.37289E+01  -6.43056E-01
  0.00000E+00   5.62573E+01  -8.16155E-01
  0.00000E+00   5.86549E+01  -1.03703E+00
  0.00000E+00   5.96334E+01  -1.10190E+00
  0.00000E+00   5.93729E+01  -1.05698E+00
  0.00000E+00   5.84351E+01  -1.07523E+00
  0.00000E+00   5.79498E+01  -9.74542E-01
  0.00000E+00   5.81602E+01  -7.23115E-01
  0.00000E+00   5.93757E+01  -3.83661E-01
  0.00000E+00   6.11947E+01   4.49620E-02
  0.00000E+00   6.27367E+01   4.21781E-01
  0.00000E+00   6.33069E+01   5.67023E-01
  0.00000E+00   6.30709E+01   5.07067E-01
  0.00000E+00   6.25677E+01   4.83688E-01
  0.00000E+00   6.23401E+01   7.21099E-01
  0.00000E+00   6.20849E+01   1.04274E+00
  0.00000E+00   6.11980E+01   1.32982E+00
  0.00000E+00   6.02584E+01   1.59136E+00
  0.00000E+00   6.01391E+01   1.92759E+00
  0.00000E+00   6.06249E+01   2.19213E+00
  0.00000E+00   6.14698E+01   2.23657E+00
  0.00000E+00   6.26634E+01   2.17406E+00
  0.00000E+00   6.43138E+01   2.15931E+00
  0.00000E+00   6.61627E+01   2.04744E+00
  0.00000E+00   6.71290E+01   1.84548E+00
  0.00000E+00   6.68635E+01   1.63286E+00
  0.00000E+00   6.65684E+01   1.55413E+00
  0.00000E+00   6.70457E+01   1.49462E+00
  0.00000E+00   6.81398E+01   1.34081E+00
  0.00000E+00   6.91112E+01   1.29504E+00
  0.00000E+00   6.94099E+01   1.35514E+00
  0.00000E+00   6.91650E+01   1.46044E+00
  0.00000E+00   6.96813E+01   1.63806E+00
  0.00000E+00   7.11835E+01   1.86288E+00
  0.00000E+00   7.26013E+01   2.16930E+00
  0.00000E+00   7.33037E+01   2.44180E+00
  0.00000E+00   7.41967E+01   2.66420E+00
  0.00000E+00   7.54227E+01   2.77720E+00
  0.00000E+00   7.60439E+01   2.76101E+00
  0.00000E+00   7.49053E+01   2.74485E+00
  0.00000E+00   7.25075E+01   2.62142E+00
  0.00000E+00   7.08564E+01   2.49329E+00
  0.00000E+00   6.98258E+01   2.28306E+00
  0.00000E+00   6.86641E+01   1.93932E+00
  0.00000E+00   6.67164E+01   1.70462E+00
  0.00000E+00   6.39727E+01   1.52211E+00
  0.00000E+00   6.19748E+01   1.55580E+00
  0.00000E+00   6.06401E+01   1.75461E+00
  0.00000E+00   5.94377E+01   1.96587E+00
  0.00000E+00   5.90713E+01   1.97014E+00
  0.00000E+00   5.96745E+01   1.83252E+00
  0.00000E+00   6.14487E+01   1.68060E+00
  0.00000E+00   6.42997E+01   1.41490E+00
  0.00000E+00   6.72956E+01   1.26776E+00
  0.00000E+00   6.85253E+01   1.12634E+00
  0.00000E+00   6.82139E+01   9.40571E-01
  0.00000E+00   6.83140E+01   7.53893E-01
  0.00000E+00   6.83817E+01   6.82564E-01
  0.00000E+00   6.74556E+01   7.84910E-01
  0.00000E+00   6.59012E+01   8.70879E-01
  0.00000E+00   6.44600E+01   9.92711E-01
  0.00000E+00   6.36180E+01   1.08882E+00
  0.00000E+00   6.32731E+01   1.31837E+00
  0.00000E+00   6.30043E+01   1.54821E+00
  0.00000E+00   6.33302E+01   1.80609E+00
  0.00000E+00   6.46363E+01   2.05811E+00
  0.00000E+00   6.72559E+01   2.24305E+00
  0.00000E+00   7.06760E+01   2.39570E+00
  0.00000E+00   7.35570E+01   2.24465E+00
  0.00000E+00   7.53570E+01   2.00724E+00
  0.00000E+00   7.65180E+01   1.93743E+00
  0.00000E+00   7.78197E+01   2.07413E+00
  0.00000E+00   7.98205E+01   2.26936E+00
  0.00000E+00   8.11237E+01   2.45813E+00
  0.00000E+00   8.13341E+01   2.47689E+00
  0.00000E+00   8.14210E+01   2.43638E+00
  0.00000E+00   8.15431E+01   2.29520E+00
  0.00000E+00   8.07263E+01   2.20674E+00
  0.00000E+00   7.91128E+01   2.19624E+00
  0.00000E+00   7.74965E+01   2.14709E+00
  0.00000E+00   7.71078E+01   2.05612E+00
  0.00000E+00   7.75234E+01   1.94219E+00
  0.00000E+00   7.77591E+01   1.69541E+00
  0.00000E+00   7.72617E+01   1.30244E+00
  0.00000E+00   7.73366E+01   1.05289E+00
  0.00000E+00   7.90219E+01   7.15222E-01
  0.00000E+00   8.14998E+01   4.64292E-01
  0.00000E+00   8.35002E+01   2.58132E-01
  0.00000E+00   8.45469E+01   8.98013E-02
  0.00000E+00   8.43082E+01  -5.08449E-02
  0.00000E+00   8.36253E+01  -1.90880E-01
  0.00000E+00   8.26375E+01  -2.85846E-01
  0.00000E+00   8.07534E+01  -3.47418E-01
  0.00000E+00   7.85734E+01  -4.32288E-01
  0.00000E+00   7.67100E+01  -4.26709E-01
  0.00000E+00   7.53788E+01  -4.37087E-01
  0.00000E+00   7.38282E+01  -6.21477E-01
  0.00000E+00   7.16738E+01  -8.34753E-01
  0.00000E+00   6.97575E+01  -7.79952E-01
  0.00000E+00   6.91468E+01  -5.50375E-01
  0.00000E+00   7.01478E+01  -2.69175E-01
  0.00000E+00   7.14031E+01  -1.97875E-01
  0.00000E+00   7.07568E+01  -1.19343E-01
  0.00000E+00   6.74557E+01   5.16531E-02
  0.00000E+00   6.49239E+01   2.39761E-01
  0.00000E+00   6.48383E+01   2.40054E-01
  0.00000E+00   6.57104E+01   1.86383E-01
  0.00000E+00   6.57654E+01   6.21646E-02
  0.00000E+00   6.53820E+01  -5.34498E-02
  0.00000E+00   6.49428E+01  -2.31913E-01
  0.00000E+00   6.55452E+01  -1.72761E-01
  0.00000E+00   6.71160E+01  -1.42928E-02
  0.00000E+00   6.82151E+01   5.42487E-02
  0.00000E+00   6.73659E+01   5.38071E-02
  0.00000E+00   6.66556E+01  -1.34211E-01
  0.00000E+00   6.65152E+01  -4.25693E-01
  0.00000E+00   6.61853E+01  -5.48141E-01
  0.00000E+00   6.58797E+01  -7.17926E-01
  0.00000E+00   6.64163E+01  -9.66902E-01
  0.00000E+00   6.79379E+01  -1.14481E+00
  0.00000E+00   6.98013E+01  -1.28545E+00
  0.00000E+00   7.05722E+01  -1.43028E+00
  0.00000E+00   6.98965E+01  -1.74317E+00
  0.00000E+00   6.86993E+01  -2.12607E+00
  0.00000E+00   6.86331E+01  -2.41409E+00
  0.00000E+00   6.97465E+01  -2.78963E+00
  0.00000E+00   7.00743E+01  -3.23532E+00
  0.00000E+00   6.88500E+01  -3.46004E+00
  0.00000E+00   6.71785E+01  -3.32676E+00
  0.00000E+00   6.66818E+01  -3.09382E+00
  0.00000E+00   6.66072E+01  -2.88858E+00
  0.00000E+00   6.64221E+01  -2.76819E+00
  0.00000E+00   6.72814E+01  -2.90314E+00
  0.00000E+00   6.92558E+01  -3.19519E+00
  0.00000E+00   7.20160E+01  -3.43322E+00
  0.00000E+00   7.44633E+01  -3.51611E+00
  0.00000E+00   7.52682E+01  -3.41276E+00
  0.00000E+00   7.46249E+01  -3.31177E+00
  0.00000E+00   7.46039E+01  -3.12737E+00
  0.00000E+00   7.57756E+01  -3.08806E+00
  0.00000E+00   7.65448E+01  -3.17008E+00
  0.00000E+00   7.62654E+01  -3.34260E+00
  0.00000E+00   7.62029E+01  -3.44053E+00
  0.00000E+00   7.62982E+01  -3.57592E+00
  0.00000E+00   7.68561E+01  -3.88213E+00
  0.00000E+00   7.66976E+01  -4.25415E+00
  0.00000E+00   7.56982E+01  -4.46119E+00
  0.00000E+00   7.42937E+01  -4.50915E+00
  0.00000E+00   7.35184E+01  -4.49536E+00
  0.00000E+00   7.38707E+01  -4.55936E+00
  0.00000E+00   7.39356E+01  -4.73150E+00
  0.00000E+00   7.41462E+01  -5.00732E+00
  0.00000E+00   7.43345E+01  -5.23998E+00
  0.00000E+00   7.52555E+01  -5.54683E+00
  0.00000E+00   7.68161E+01  -5.87873E+00
  0.00000E+00   7.80742E+01  -6.08336E+00
  0.00000E+00   7.88398E+01  -6.09167E+00
  0.00000E+00   7.99711E+01  -6.07335E+00
  0.00000E+00   8.10446E+01  -6.06336E+00
  0.00000E+00   8.21478E+01  -6.00532E+00
  0.00000E+00   8.20121E+01  -6.09719E+00
  0.00000E+00   8.17255E+01  -6.17423E+00
  0.00000E+00   8.16957E+01  -6.18951E+00
  0.00000E+00   8.25960E+01  -6.31282E+00
  0.00000E+00   8.41772E+01  -6.51669E+00
  0.00000E+00   8.51517E+01  -6.50234E+00
  0.00000E+00   8.57882E+01  -6.36518E+00
  0.00000E+00   8.73063E+01  -6.15586E+00
  0.00000E+00   8.88837E+01  -6.04111E+00
  0.00000E+00   9.02043E+01  -6.03319E+00
  0.00000E+00   9.00881E+01  -6.13136E+00
  0.00000E+00   8.84073E+01  -6.02839E+00
  0.00000E+00   8.70727E+01  -5.84252E+00
  0.00000E+00   8.69926E+01  -5.60357E+00
  0.00000E+00   8.73742E+01  -5.46731E+00
  0.00000E+00   8.71069E+01  -5.32056E+00
  0.00000E+00   8.60989E+01  -4.92082E+00
  0.00000E+00   8.54964E+01  -4.50874E+00
  0.00000E+00   8.45818E+01  -4.05624E+00
  0.00000E+00   8.23243E+01  -3.26062E+00
  0.00000E+00   7.99773E+01  -2.39261E+00
  0.00000E+00   7.89024E+01  -1.74576E+00
  0.00000E+00   7.96426E+01  -1.37926E+00
  0.00000E+00   8.17066E+01  -1.35317E+00
  0.00000E+00   8.27465E+01  -1.51829E+00
  0.00000E+00   8.18543E+01  -1.67745E+00
  0.00000E+00   8.00526E+01  -1.79004E+00
  0.00000E+00   7.89769E+01  -1.93422E+00
  0.00000E+00   7.91808E+01  -1.93087E+00
  0.00000E+00   7.94936E+01  -1.78380E+00
  0.00000E+00   8.04531E+01  -1.34560E+00
  0.00000E+00   8.23996E+01  -1.11924E+00
  0.00000E+00   8.47962E+01  -1.07820E+00
  0.00000E+00   8.71292E+01  -1.20205E+00
  0.00000E+00   8.77749E+01  -1.33684E+00
  0.00000E+00   8.75090E+01  -1.46936E+00
  0.00000E+00   8.77911E+01  -1.63913E+00
  0.00000E+00   8.83155E+01  -1.83645E+00
  0.00000E+00   8.84757E+01  -1.95551E+00
  0.00000E+00   8.72934E+01  -2.25689E+00
  0.00000E+00   8.61291E+01  -2.52643E+00
  0.00000E+00   8.61736E+01  -2.82558E+00
  0.00000E+00   8.81266E+01  -2.87339E+00
  0.00000E+00   9.00065E+01  -2.90501E+00
  0.00000E+00   9.05479E+01  -2.89940E+00
  0.00000E+00   9.12386E+01  -2.65336E+00
  0.00000E+00   9.25361E+01  -2.27749E+00
  0.00000E+00   9.36694E+01  -1.96281E+00
  0.00000E+00   9.29437E+01  -1.41843E+00
  0.00000E+00   8.98061E+01  -9.28292E-01
  0.00000E+00   8.66619E+01  -7.68330E-01
  0.00000E+00   8.56592E+01  -6.01022E-01
  0.00000E+00   8.51342E+01  -3.31102E-01
  0.00000E+00   8.33171E+01   2.84431E-02
  0.00000E+00   8.01400E+01   2.46218E-01
  0.00000E+00   7.77189E+01   6.03147E-01
  0.00000E+00   7.64879E+01   9.90612E-01
  0.00000E+00   7.57359E+01   1.14521E+00
  0.00000E+00   7.45852E+01   1.21391E+00
  0.00000E+00   7.35343E+01   1.28289E+00
  0.00000E+00   7.28500E+01   1.20554E+00
  0.00000E+00   7.33034E+01   9.73748E-01
  0.00000E+00   7.40256E+01   5.59294E-01
  0.00000E+00   7.46912E+01   3.76319E-01
  0.00000E+00   7.48966E+01   2.37312E-01
  0.00000E+00   7.58459E+01   1.71981E-01
  0.00000E+00   7.62720E+01  -6.35764E-02
  0.00000E+00   7.58959E+01  -3.53107E-01
  0.00000E+00   7.49158E+01  -7.29103E-01
  0.00000E+00   7.36246E+01  -1.02711E+00
  0.00000E+00   7.30911E+01  -1.18562E+00
  0.00000E+00   7.30970E+01  -1.33399E+00
  0.00000E+00   7.24810E+01  -1.36235E+00
  0.00000E+00   7.22377E+01  -1.17975E+00
  0.00000E+00   7.19160E+01  -8.17320E-01
  0.00000E+00   7.29498E+01  -3.80687E-01
  0.00000E+00   7.43993E+01  -4.43589E-02
  0.00000E+00   7.54469E+01   1.55636E-01
  0.00000E+00   7.56155E+01   2.35184E-01
  0.00000E+00   7.65620E+01   2.85173E-01
  0.00000E+00   7.83476E+01   3.04584E-01
  0.00000E+00   8.00933E+01   2.20563E-01
  0.00000E+00   8.13389E+01   1.74019E-01
  0.00000E+00   8.15191E+01   2.98590E-01
  0.00000E+00   8.17268E+01   4.90059E-01
  0.00000E+00   8.21467E+01   7.25338E-01
  0.00000E+00   8.19276E+01   9.79356E-01
  0.00000E+00   8.10123E+01   1.46341E+00
  0.00000E+00   8.00480E+01   1.72476E+00
  0.00000E+00   8.02470E+01   1.93476E+00
  0.00000E+00   8.16098E+01   2.24134E+00
  0.00000E+00   8.26372E+01   2.24204E+00
  0.00000E+00   8.26360E+01   2.32648E+00
  0.00000E+00   8.20787E+01   2.38703E+00
  0.00000E+00   8.30506E+01   2.28954E+00
  0.00000E+00   8.44644E+01   2.26795E+00
  0.00000E+00   8.46347E+01   2.45987E+00
  0.00000E+00   8.37526E+01   2.58195E+00
  0.00000E+00   8.34497E+01   2.51872E+00
  0.00000E+00   8.39169E+01   2.11738E+00
  0.00000E+00   8.43413E+01   1.55212E+00
  0.00000E+00   8.46374E+01   1.28736E+00
  0.00000E+00   8.57065E+01   1.12523E+00
  0.00000E+00   8.72446E+01   7.97283E-01
  0.00000E+00   8.90370E+01   5.12819E-01
  0.00000E+00   8.92202E+01   3.28768E-01
  0.00000E+00   8.85367E+01  -4.26383E-02
  0.00000E+00   8.82782E+01  -4.08790E-01
  0.00000E+00   8.92715E+01  -5.82424E-01
  0.00000E+00   9.15433E+01  -7.16095E-01
  0.00000E+00   9.32738E+01  -9.80206E-01
  0.00000E+00   9.30406E+01  -1.40321E+00
  0.00000E+00   9.18821E+01  -1.62497E+00
  0.00000E+00   9.04474E+01  -1.76555E+00
  0.00000E+00   8.75928E+01  -2.10048E+00
  0.00000E+00   8.44239E+01  -2.23259E+00
  0.00000E+00   8.34319E+01  -2.22549E+00
  0.00000E+00   8.37779E+01  -2.10793E+00
  0.00000E+00   8.52451E+01  -2.10480E+00
  0.00000E+00   8.65566E+01  -2.05361E+00
  0.00000E+00   8.63714E+01  -1.67533E+00
  0.00000E+00   8.62376E+01  -1.18877E+00
  0.00000E+00   8.64018E+01  -9.95473E-01
  0.00000E+00   8.66373E+01  -8.91997E-01
  0.00000E+00   8.57591E+01  -7.00958E-01
  0.00000E+00   8.37356E+01  -4.09432E-01
  0.00000E+00   8.12187E+01  -1.96221E-01
  0.00000E+00   8.00206E+01  -8.95251E-02
  0.00000E+00   7.94725E+01   7.90662E-04
  0.00000E+00   7.95509E+01   8.55906E-02
  0.00000E+00   7.88529E+01  -5.25199E-02
  0.00000E+00   7.88226E+01  -1.26826E-01
  0.00000E+00   8.03262E+01  -2.81920E-01
  0.00000E+00   8.25567E+01  -4.69190E-01
  0.00000E+00   8.40547E+01  -5.81416E-01
  0.00000E+00   8.48546E+01  -5.37056E-01
  0.00000E+00   8.62556E+01  -5.24417E-01
  0.00000E+00   8.86131E+01  -5.97192E-01
  0.00000E+00   9.15203E+01  -8.36161E-01
  0.00000E+00   9.40853E+01  -1.10039E+00
  0.00000E+00   9.65184E+01  -1.34865E+00
  0.00000E+00   9.85236E+01  -1.45172E+00
  0.00000E+00   1.00055E+02  -1.43137E+00
  0.00000E+00   1.02205E+02  -1.60648E+00
  0.00000E+00   1.04463E+02  -1.80495E+00
  0.00000E+00   1.05348E+02  -1.87447E+00
  0.00000E+00   1.06024E+02  -1.80551E+00
  0.00000E+00   1.07333E+02  -1.73656E+00
  0.00000E+00   1.09344E+02  -1.55806E+00
  0.00000E+00   1.11259E+02  -1.40422E+00
  0.00000E+00   1.12788E+02  -1.38043E+00
  0.00000E+00   1.13983E+02  -1.37164E+00
  0.00000E+00   1.15649E+02  -1.17675E+00
  0.00000E+00   1.17549E+02  -8.61975E-01
  0.00000E+00   1.18442E+02  -5.50826E-01
  0.00000E+00   1.19373E+02  -4.22878E-01
  0.00000E+00   1.20192E+02  -2.17678E-01
  0.00000E+00   1.20634E+02  -9.03118E-02
  0.00000E+00   1.21258E+02  -1.00066E-01
  0.00000E+00   1.21200E+02   7.25843E-02
  0.00000E+00   1.21527E+02   4.09406E-01
  0.00000E+00   1.22594E+02   4.63856E-01
  0.00000E+00   1.24422E+02   3.42087E-01
  0.00000E+00   1.25275E+02   3.05094E-01
  0.00000E+00   1.23072E+02   5.01651E-01
  0.00000E+00   1.19776E+02   8.09016E-01
  0.00000E+00   1.15822E+02   8.92913E-01
  0.00000E+00   1.12417E+02   8.89003E-01
  0.00000E+00   1.09083E+02   5.23093E-01
  0.00000E+00   1.06138E+02   1.25967E-01
  0.00000E+00   1.04887E+02  -1.14680E-01
  0.00000E+00   1.04858E+02  -3.79734E-01
  0.00000E+00   1.03813E+02  -4.68503E-01
  0.00000E+00   1.00296E+02  -6.13912E-01
  0.00000E+00   9.30412E+01  -1.07254E+00
  0.00000E+00   8.75377E+01  -1.04141E+00
  0.00000E+00   8.55201E+01  -1.07094E+00
  0.00000E+00   8.62045E+01  -9.61546E-01
  0.00000E+00   8.79050E+01  -8.33891E-01
  0.00000E+00   8.91478E+01  -8.09218E-01
  0.00000E+00   8.95377E+01  -8.90603E-01
  0.00000E+00   8.91014E+01  -9.57608E-01
  0.00000E+00   9.06922E+01  -1.17504E+00
  0.00000E+00   9.21148E+01  -1.51767E+00
  0.00000E+00   9.03688E+01  -1.81286E+00
  0.00000E+00   8.95819E+01  -1.87392E+00
  0.00000E+00   9.05244E+01  -1.89757E+00
  0.00000E+00   9.30465E+01  -1.83280E+00
  0.00000E+00   9.40847E+01  -1.70219E+00
  0.00000E+00   9.38180E+01  -1.55409E+00
  0.00000E+00   9.35163E+01  -1.52034E+00
  0.00000E+00   9.36442E+01  -1.40437E+00
  0.00000E+00   9.40341E+01  -1.35202E+00
  0.00000E+00   9.42013E+01  -1.52089E+00
  0.00000E+00   9.40016E+01  -1.51413E+00
  0.00000E+00   9.40672E+01  -1.43214E+00
  0.00000E+00   9.52691E+01  -1.16850E+00
  0.00000E+00   9.57268E+01  -8.08623E-01
  0.00000E+00   9.50024E+01  -5.24142E-01
  0.00000E+00   9.38973E+01  -2.90284E-01
  0.00000E+00   9.46388E+01  -2.57958E-01
  0.00000E+00   9.71433E+01  -5.31943E-01
  0.00000E+00   1.00347E+02  -9.18333E-01
  0.00000E+00   1.02241E+02  -1.27779E+00
  0.00000E+00   1.03138E+02  -1.35216E+00
  0.00000E+00   1.04695E+02  -1.08322E+00
  0.00000E+00   1.07414E+02  -7.89491E-01
  0.00000E+00   1.10719E+02  -4.05683E-01
  0.00000E+00   1.12465E+02  -2.35493E-01
  0.00000E+00   1.13162E+02  -3.58975E-01
  0.00000E+00   1.14543E+02  -6.85935E-01
  0.00000E+00   1.16732E+02  -1.15581E+00
  0.00000E+00   1.18869E+02  -1.48272E+00
  0.00000E+00   1.19726E+02  -1.64437E+00
  0.00000E+00   1.20318E+02  -1.62568E+00
  0.00000E+00   1.22549E+02  -1.64129E+00
  0.00000E+00   1.25630E+02  -1.75809E+00
  0.00000E+00   1.28242E+02  -2.02706E+00
  0.00000E+00   1.29481E+02  -2.38232E+00
  0.00000E+00   1.29677E+02  -2.85723E+00
  0.00000E+00   1.30701E+02  -3.28005E+00
  0.00000E+00   1.32558E+02  -3.60055E+00
  0.00000E+00   1.34239E+02  -3.58491E+00
  0.00000E+00   1.35497E+02  -3.51653E+00
  0.00000E+00   1.37298E+02  -3.68837E+00
  0.00000E+00   1.40526E+02  -3.75217E+00
  0.00000E+00   1.43534E+02  -3.67308E+00
  0.00000E+00   1.45573E+02  -3.73708E+00
  0.00000E+00   1.45324E+02  -3.77582E+00
  0.00000E+00   1.43484E+02  -4.04252E+00
  0.00000E+00   1.43921E+02  -4.76618E+00
  0.00000E+00   1.44965E+02  -4.95564E+00
  0.00000E+00   1.44850E+02  -4.69099E+00
  0.00000E+00   1.43366E+02  -4.22294E+00
  0.00000E+00   1.42838E+02  -4.02651E+00
  0.00000E+00   1.43762E+02  -3.81410E+00
  0.00000E+00   1.45717E+02  -3.33995E+00
  0.00000E+00   1.48030E+02  -3.38061E+00
  0.00000E+00   1.48465E+02  -3.55443E+00
  0.00000E+00   1.48209E+02  -3.53431E+00
  0.00000E+00   1.48485E+02  -3.10766E+00
  0.00000E+00   1.47286E+02  -2.57591E+00
  0.00000E+00   1.44222E+02  -2.13287E+00
  0.00000E+00   1.39792E+02  -1.84098E+00
  0.00000E+00   1.36209E+02  -1.94615E+00
  0.00000E+00   1.34377E+02  -1.97727E+00
  0.00000E+00   1.34161E+02  -1.88969E+00
  0.00000E+00   1.34792E+02  -1.62685E+00
  0.00000E+00   1.34801E+02  -1.58002E+00
  0.00000E+00   1.34574E+02  -1.52288E+00
  0.00000E+00   1.35005E+02  -1.88032E+00
  0.00000E+00   1.33987E+02  -2.28272E+00
  0.00000E+00   1.32305E+02  -2.24236E+00
  0.00000E+00   1.29368E+02  -2.08275E+00
  0.00000E+00   1.27814E+02  -2.04723E+00
  0.00000E+00   1.29334E+02  -1.94491E+00
  0.00000E+00   1.32465E+02  -2.08716E+00
  0.00000E+00   1.33289E+02  -2.10134E+00
  0.00000E+00   1.32839E+02  -1.87379E+00
  0.00000E+00   1.33003E+02  -1.66738E+00
  0.00000E+00   1.33183E+02  -1.46495E+00
  0.00000E+00   1.34904E+02  -1.14111E+00
  0.00000E+00   1.36793E+02  -1.28470E+00
  0.00000E+00   1.38396E+02  -1.63745E+00
  0.00000E+00   1.39370E+02  -1.71208E+00
  0.00000E+00   1.41059E+02  -1.57250E+00
  0.00000E+00   1.42867E+02  -1.46290E+00
  0.00000E+00   1.42950E+02  -1.36821E+00
  0.00000E+00   1.42141E+02  -1.21760E+00
  0.00000E+00   1.41114E+02  -1.02897E+00
  0.00000E+00   1.40946E+02  -1.17834E+00
  0.00000E+00   1.39919E+02  -1.35266E+00
  0.00000E+00   1.37453E+02  -1.27486E+00
  0.00000E+00   1.34700E+02  -1.24178E+00
  0.00000E+00   1.32022E+02  -9.73200E-01
  0.00000E+00   1.30861E+02  -9.07942E-01
  0.00000E+00   1.31286E+02  -9.47568E-01
  0.00000E+00   1.32123E+02  -1.10007E+00
  0.00000E+00   1.33260E+02  -1.09094E+00
  0.00000E+00   1.34159E+02  -1.10334E+00
  0.00000E+00   1.34156E+02  -1.09177E+00
  0.00000E+00   1.31928E+02  -1.14309E+00
  0.00000E+00   1.28908E+02  -1.08048E+00
  0.00000E+00   1.26738E+02  -8.51172E-01
  0.00000E+00   1.26626E+02  -5.64029E-01
  0.00000E+00   1.27641E+02  -8.47765E-02
  0.00000E+00   1.28460E+02   2.04536E-01
  0.00000E+00   1.29647E+02   4.68129E-01
  0.00000E+00   1.32832E+02   6.82071E-01
  0.00000E+00   1.36400E+02   9.85247E-01
  0.00000E+00   1.39930E+02   1.26095E+00
  0.00000E+00   1.42079E+02   1.70459E+00
  0.00000E+00   1.43326E+02   2.12194E+00
  0.00000E+00   1.45386E+02   2.29659E+00
  0.00000E+00   1.48535E+02   2.46009E+00
  0.00000E+00   1.52173E+02   2.58487E+00
  0.00000E+00   1.54806E+02   2.59847E+00
  0.00000E+00   1.56165E+02   2.76278E+00
  0.00000E+00   1.58042E+02   2.59760E+00
  0.00000E+00   1.60759E+02   2.52414E+00
  0.00000E+00   1.61904E+02   2.50457E+00
  0.00000E+00   1.61438E+02   2.46609E+00
  0.00000E+00   1.61785E+02   2.53921E+00
  0.00000E+00   1.62518E+02   2.76461E+00
  0.00000E+00   1.63530E+02   2.82907E+00
  0.00000E+00   1.65125E+02   3.08297E+00
  0.00000E+00   1.66372E+02   3.09429E+00
  0.00000E+00   1.67590E+02   2.66618E+00
  0.00000E+00   1.67992E+02   1.98454E+00
  0.00000E+00   1.68412E+02   1.68053E+00
  0.00000E+00   1.68007E+02   1.60521E+00
  0.00000E+00   1.66559E+02   1.54919E+00
  0.00000E+00   1.66277E+02   1.55434E+00
  0.00000E+00   1.66580E+02   1.14245E+00
  0.00000E+00   1.67001E+02   7.54090E-01
  0.00000E+00   1.67437E+02   6.94944E-01
  0.00000E+00   1.66617E+02   2.44854E-01
  0.00000E+00   1.65705E+02  -3.03758E-01
  0.00000E+00   1.65293E+02  -8.59418E-01
  0.00000E+00   1.63330E+02  -1.48808E+00
  0.00000E+00   1.59427E+02  -1.31291E+00
  0.00000E+00   1.55283E+02  -9.71952E-01
  0.00000E+00   1.54021E+02  -9.08399E-01
  0.00000E+00   1.55034E+02  -1.25470E+00
  0.00000E+00   1.56734E+02  -1.62436E+00
  0.00000E+00   1.57116E+02  -1.86020E+00
  0.00000E+00   1.56125E+02  -2.29167E+00
  0.00000E+00   1.55001E+02  -2.60391E+00
  0.00000E+00   1.54366E+02  -3.04968E+00
  0.00000E+00   1.52801E+02  -3.38403E+00
  0.00000E+00   1.50469E+02  -3.49992E+00
  0.00000E+00   1.49467E+02  -3.51388E+00
  0.00000E+00   1.49667E+02  -3.53393E+00
  0.00000E+00   1.49877E+02  -3.38239E+00
  0.00000E+00   1.50025E+02  -3.27251E+00
  0.00000E+00   1.49006E+02  -3.23407E+00
  0.00000E+00   1.47540E+02  -3.25563E+00
  0.00000E+00   1.46157E+02  -3.24692E+00
  0.00000E+00   1.44732E+02  -3.17536E+00
  0.00000E+00   1.43605E+02  -3.18414E+00
  0.00000E+00   1.42522E+02  -3.13956E+00
  0.00000E+00   1.41699E+02  -2.62163E+00
  0.00000E+00   1.41584E+02  -2.15619E+00
  0.00000E+00   1.42022E+02  -1.93994E+00
  0.00000E+00   1.41511E+02  -1.75911E+00
  0.00000E+00   1.41026E+02  -1.79312E+00
  0.00000E+00   1.40677E+02  -2.18057E+00
  0.00000E+00   1.40002E+02  -2.41473E+00
  0.00000E+00   1.37845E+02  -2.48648E+00
  0.00000E+00   1.36232E+02  -2.57547E+00
  0.00000E+00   1.35668E+02  -2.39648E+00
  0.00000E+00   1.35306E+02  -2.19475E+00
  0.00000E+00   1.35980E+02  -2.10682E+00
  0.00000E+00   1.37276E+02  -2.15411E+00
  0.00000E+00   1.39201E+02  -1.84534E+00
  0.00000E+00   1.41331E+02  -1.96523E+00
  0.00000E+00   1.42820E+02  -2.43248E+00
  0.00000E+00   1.44977E+02  -2.90560E+00
  0.00000E+00   1.47531E+02  -2.86136E+00
  0.00000E+00   1.48773E+02  -2.71887E+00
  0.00000E+00   1.48201E+02  -2.56714E+00
  0.00000E+00   1.48164E+02  -2.49529E+00
  0.00000E+00   1.48800E+02  -2.35951E+00
  0.00000E+00   1.49454E+02  -2.26751E+00
  0.00000E+00   1.50849E+02  -2.13521E+00
  0.00000E+00   1.52345E+02  -1.85297E+00
  0.00000E+00   1.52632E+02  -1.80072E+00
  0.00000E+00   1.52140E+02  -1.50037E+00
  0.00000E+00   1.51092E+02  -1.00364E+00
  0.00000E+00   1.50057E+02  -3.06218E-01
  0.00000E+00   1.48902E+02  -6.46272E-02
  0.00000E+00   1.49168E+02   3.11826E-01
  0.00000E+00   1.50397E+02   4.41005E-01
  0.00000E+00   1.50719E+02   5.07074E-01
  0.00000E+00   1.50748E+02   6.88081E-01
  0.00000E+00   1.50887E+02   8.13405E-01
  0.00000E+00   1.52042E+02   7.58077E-01
  0.00000E+00   1.52479E+02   6.41895E-01
  0.00000E+00   1.51234E+02   5.50420E-01
  0.00000E+00   1.50817E+02   3.99975E-01
  0.00000E+00   1.51239E+02   4.97248E-01
  0.00000E+00   1.52099E+02   4.90560E-01
  0.00000E+00   1.51211E+02   8.46813E-01
  0.00000E+00   1.51737E+02   1.14866E+00
  0.00000E+00   1.52399E+02   1.55009E+00
  0.00000E+00   1.52435E+02   1.70000E+00
  0.00000E+00   1.53211E+02   2.21048E+00
  0.00000E+00   1.55151E+02   2.61546E+00
  0.00000E+00   1.55276E+02   2.78936E+00
  0.00000E+00   1.54590E+02   2.92425E+00
  0.00000E+00   1.54208E+02   2.76837E+00
  0.00000E+00   1.55425E+02   2.67051E+00
  0.00000E+00   1.55933E+02   2.53049E+00
  0.00000E+00   1.55388E+02   2.59189E+00
  0.00000E+00   1.53910E+02   2.79963E+00
  0.00000E+00   1.53381E+02   3.18853E+00
  0.00000E+00   1.54998E+02   3.60796E+00
  0.00000E+00   1.56965E+02   3.98698E+00
  0.00000E+00   1.56423E+02   4.35387E+00
  0.00000E+00   1.56174E+02   4.89689E+00
  0.00000E+00   1.55972E+02   5.02535E+00
  0.00000E+00   1.56000E+02   4.93245E+00
  0.00000E+00   1.56054E+02   4.92607E+00
  0.00000E+00   1.55300E+02   4.90275E+00
  0.00000E+00   1.54806E+02   4.87836E+00
  0.00000E+00   1.54809E+02   4.59654E+00
  0.00000E+00   1.53799E+02   4.44630E+00
  0.00000E+00   1.52245E+02   4.25324E+00
  0.00000E+00   1.50036E+02   4.05616E+00
  0.00000E+00   1.49618E+02   4.00971E+00
  0.00000E+00   1.50561E+02   4.17634E+00
  0.00000E+00   1.51861E+02   4.70650E+00
  0.00000E+00   1.52831E+02   4.76626E+00
  0.00000E+00   1.53396E+02   4.82190E+00
  0.00000E+00   1.53250E+02   4.98944E+00
  0.00000E+00   1.53712E+02   5.16427E+00
  0.00000E+00   1.53869E+02   4.90269E+00
  0.00000E+00   1.52226E+02   4.54446E+00
  0.00000E+00   1.51444E+02   4.40944E+00
  0.00000E+00   1.51310E+02   4.38353E+00
  0.00000E+00   1.50731E+02   4.08872E+00
  0.00000E+00   1.50599E+02   3.83461E+00
  0.00000E+00   1.50521E+02   3.89839E+00
  0.00000E+00   1.51221E+02   4.06575E+00
  0.00000E+00   1.52219E+02   4.22664E+00
  0.00000E+00   1.54402E+02   4.35593E+00
  0.00000E+00   1.56040E+02   4.28476E+00
  0.00000E+00   1.56403E+02   4.27546E+00
  0.00000E+00   1.58020E+02   4.57380E+00
  0.00000E+00   1.61005E+02   4.47883E+00
  0.00000E+00   1.64577E+02   4.40487E+00
  0.00000E+00   1.67709E+02   4.32668E+00
  0.00000E+00   1.69720E+02   4.03761E+00
  0.00000E+00   1.71204E+02   3.64684E+00
  0.00000E+00   1.72849E+02   3.72296E+00
  0.00000E+00   1.74902E+02   3.65550E+00
  0.00000E+00   1.77012E+02   3.76550E+00
  0.00000E+00   1.77789E+02   4.17433E+00
  0.00000E+00   1.77353E+02   4.85017E+00
  0.00000E+00   1.77787E+02   5.59253E+00
  0.00000E+00   1.80638E+02   6.25513E+00
  0.00000E+00   1.83675E+02   6.99904E+00
  0.00000E+00   1.85382E+02   7.48608E+00
  0.00000E+00   1.86193E+02   7.75141E+00
  0.00000E+00   1.86018E+02   8.27593E+00
  0.00000E+00   1.86384E+02   8.61470E+00
  0.00000E+00   1.88276E+02   8.99900E+00
  0.00000E+00   1.90552E+02   9.15821E+00
  0.00000E+00   1.93928E+02   9.38533E+00
  0.00000E+00   1.96968E+02   9.57814E+00
  0.00000E+00   1.98828E+02   9.80888E+00
  0.00000E+00   2.00411E+02   1.02307E+01
  0.00000E+00   2.01433E+02   1.04927E+01
  0.00000E+00   2.02503E+02   1.06673E+01
  0.00000E+00   2.06072E+02   1.10199E+01
  0.00000E+00   2.08972E+02   1.09518E+01
  0.00000E+00   2.09653E+02   1.10108E+01
  0.00000E+00   2.09146E+02   1.11743E+01
  0.00000E+00   2.07918E+02   1.17709E+01
  0.00000E+00   2.05692E+02   1.23035E+01
  0.00000E+00   2.05511E+02   1.23363E+01
  0.00000E+00   2.05365E+02   1.21886E+01
  0.00000E+00   2.06119E+02   1.20671E+01
  0.00000E+00   2.03564E+02   1.17690E+01
  0.00000E+00   1.99375E+02   1.08679E+01
  0.00000E+00   1.94228E+02   9.87454E+00
  0.00000E+00   1.89656E+02   8.92871E+00
  0.00000E+00   1.85213E+02   7.91483E+00
  0.00000E+00   1.83250E+02   7.30089E+00
  0.00000E+00   1.80847E+02   6.16490E+00
  0.00000E+00   1.74909E+02   5.60405E+00
  0.00000E+00   1.67193E+02   4.78034E+00
  0.00000E+00   1.60998E+02   4.35648E+00
  0.00000E+00   1.54818E+02   3.66372E+00
  0.00000E+00   1.51401E+02   3.15165E+00
  0.00000E+00   1.49318E+02   2.96352E+00
  0.00000E+00   1.47894E+02   2.68087E+00
  0.00000E+00   1.46885E+02   2.19385E+00
  0.00000E+00   1.42366E+02   1.37153E+00
  0.00000E+00   1.37905E+02   1.06818E+00
  0.00000E+00   1.36162E+02   4.95361E-01
  0.00000E+00   1.36181E+02   8.05331E-01
  0.00000E+00   1.35449E+02   6.95086E-01
  0.00000E+00   1.33347E+02   4.11274E-01
  0.00000E+00   1.28986E+02  -7.04894E-02
  0.00000E+00   1.24888E+02  -3.04865E-01
  0.00000E+00   1.20548E+02  -3.39539E-01
  0.00000E+00   1.15740E+02  -3.98506E-01
  0.00000E+00   1.11784E+02  -1.81538E-01
  0.00000E+00   1.09816E+02  -8.07406E-02
  0.00000E+00   1.08537E+02  -1.86167E-01
  0.00000E+00   1.06899E+02   8.63393E-02
  0.00000E+00   1.05525E+02   2.78422E-01
  0.00000E+00   1.04890E+02   1.99974E-01
  0.00000E+00   1.04121E+02   8.98752E-02
  0.00000E+00   1.01643E+02   2.04722E-01
  0.00000E+00   1.00001E+02   2.29579E-01
  0.00000E+00   9.89586E+01   5.95317E-01
  0.00000E+00   9.87405E+01   7.63115E-01
  0.00000E+00   9.91740E+01   9.10374E-01
  0.00000E+00   9.91773E+01   1.02725E+00
  0.00000E+00   9.82748E+01   1.22929E+00
  0.00000E+00   9.91809E+01   1.13656E+00
  0.00000E+00   9.97999E+01   8.59589E-01
  0.00000E+00   9.97853E+01   8.07237E-01
  0.00000E+00   9.81492E+01   9.23479E-01
  0.00000E+00   9.53816E+01   1.17366E+00
  0.00000E+00   9.35862E+01   1.53983E+00
  0.00000E+00   9.30217E+01   1.75200E+00
  0.00000E+00   9.26863E+01   1.86043E+00
  0.00000E+00   9.25082E+01   1.87792E+00
  0.00000E+00   9.34893E+01   1.76589E+00
  0.00000E+00   9.48930E+01   1.92147E+00
  0.00000E+00   9.55028E+01   2.00350E+00
  0.00000E+00   9.51038E+01   2.04359E+00
  0.00000E+00   9.41976E+01   2.20163E+00
  0.00000E+00   9.34946E+01   2.45595E+00
  0.00000E+00   9.43465E+01   2.90541E+00
  0.00000E+00   9.64903E+01   3.26454E+00
  0.00000E+00   9.84095E+01   3.41964E+00
  0.00000E+00   9.96082E+01   3.39565E+00
  0.00000E+00   1.00520E+02   3.38729E+00
  0.00000E+00   1.02437E+02   3.27164E+00
  0.00000E+00   1.03819E+02   3.16151E+00
  0.00000E+00   1.03194E+02   2.93290E+00
  0.00000E+00   1.02413E+02   2.76015E+00
  0.00000E+00   1.02772E+02   2.67336E+00
  0.00000E+00   1.03975E+02   2.63282E+00
  0.00000E+00   1.05268E+02   2.48946E+00
  0.00000E+00   1.06447E+02   2.17191E+00
  0.00000E+00   1.08365E+02   1.88109E+00
  0.00000E+00   1.11332E+02   1.72820E+00
  0.00000E+00   1.13650E+02   1.23275E+00
  0.00000E+00   1.13925E+02   7.44934E-01
  0.00000E+00   1.12170E+02   4.71875E-01
  0.00000E+00   1.10838E+02   4.16204E-01
  0.00000E+00   1.11038E+02   4.73520E-01
  0.00000E+00   1.11418E+02   6.29774E-01
  0.00000E+00   1.11360E+02   6.76300E-01
  0.00000E+00   1.10216E+02   6.51398E-01
  0.00000E+00   1.08996E+02   8.84343E-01
  0.00000E+00   1.08779E+02   1.17003E+00
  0.00000E+00   1.08514E+02   1.27020E+00
  0.00000E+00   1.08171E+02   1.58666E+00
  0.00000E+00   1.07385E+02   1.79697E+00
  0.00000E+00   1.07628E+02   1.95994E+00
  0.00000E+00   1.08412E+02   2.19140E+00
