  0.00000E+00   3.15907E-03  -2.65204E-04
  0.00000E+00   5.91336E-03  -7.64531E-04
  0.00000E+00   1.10209E-02  -1.04388E-03
  0.00000E+00   1.53646E-02  -1.19553E-03
  0.00000E+00   1.90549E-02  -1.31572E-03
  0.00000E+00   2.28882E-02  -1.36150E-03
  0.00000E+00   2.72499E-02  -1.33946E-03
  0.00000E+00   3.24990E-02  -1.27554E-03
  0.00000E+00   3.90127E-02  -1.19519E-03
  0.00000E+00   4.71251E-02  -1.09903E-03
  0.00000E+00   5.71270E-02  -9.62681E-04
  0.00000E+00   6.93282E-02  -7.64917E-04
  0.00000E+00   8.41374E-02  -4.86211E-04
  0.00000E+00   1.02069E-01  -1.29608E-04
  0.00000E+00   1.23793E-01   3.16821E-04
  0.00000E+00   1.50025E-01   8.41875E-04
  0.00000E+00   1.81610E-01   1.46006E-03
  0.00000E+00   2.19606E-01   2.20127E-03
  0.00000E+00   2.65078E-01   3.05124E-03
  0.00000E+00   3.19444E-01   4.03414E-03
  0.00000E+00   3.84395E-01   5.15803E-03
  0.00000E+00   4.61883E-01   6.42096E-03
  0.00000E+00   5.54171E-01   7.81235E-03
  0.00000E+00   6.63976E-01   9.34611E-03
  0.00000E+00   7.94511E-01   1.10525E-02
  0.00000E+00   9.49457E-01   1.29732E-02
  0.00000E+00   1.13296E+00   1.51647E-02
  0.00000E+00   1.34989E+00   1.77431E-02
  0.00000E+00   1.60568E+00   2.07816E-02
  0.00000E+00   1.90619E+00   2.43381E-02
  0.00000E+00   2.25768E+00   2.84154E-02
  0.00000E+00   2.66682E+00   3.28676E-02
  0.00000E+00   3.14012E+00   3.74980E-02
  0.00000E+00   3.68405E+00   4.18298E-02
  0.00000E+00   4.30516E+00   4.52630E-02
  0.00000E+00   5.00934E+00   4.69551E-02
  0.00000E+00   5.80201E+00   4.58526E-02
  0.00000E+00   6.68806E+00   4.12758E-02
  0.00000E+00   7.67107E+00   3.28292E-02
  0.00000E+00   8.75409E+00   2.17446E-02
  0.00000E+00   9.93728E+00   8.68448E-03
  0.00000E+00   1.12161E+01  -3.20871E-03
  0.00000E+00   1.25798E+01  -1.55344E-02
  0.00000E+00   1.40065E+01  -2.56565E-02
  0.00000E+00   1.54669E+01  -3.98530E-02
  0.00000E+00   1.69141E+01  -6.21050E-02
  0.00000E+00   1.83129E+01  -1.04640E-01
  0.00000E+00   1.96468E+01  -1.66034E-01
  0.00000E+00   2.08387E+01  -2.39203E-01
  0.00000E+00   2.17278E+01  -2.97636E-01
  0.00000E+00   2.21794E+01  -3.31931E-01
  0.00000E+00   2.20638E+01  -3.34912E-01
  0.00000E+00   2.11389E+01  -2.00416E-01
  0.00000E+00   1.96156E+01  -6.55618E-02
  0.00000E+00   1.80930E+01  -6.87994E-03
  0.00000E+00   1.72413E+01  -1.59596E-01
  0.00000E+00   1.68062E+01  -3.62182E-01
  0.00000E+00   1.66311E+01  -3.51949E-01
  0.00000E+00   1.64182E+01  -3.61082E-01
  0.00000E+00   1.64071E+01  -2.70025E-01
  0.00000E+00   1.63173E+01  -2.31249E-01
  0.00000E+00   1.64039E+01  -2.24619E-01
  0.00000E+00   1.66661E+01  -1.74203E-01
  0.00000E+00   1.70192E+01  -1.46532E-01
  0.00000E+00   1.74578E+01  -1.12785E-01
  0.00000E+00   1.80508E+01  -1.16557E-01
  0.00000E+00   1.87819E+01  -1.40294E-01
  0.00000E+00   1.95536E+01  -2.27478E-01
  0.00000E+00   2.03680E+01  -2.89155E-01
  0.00000E+00   2.12692E+01  -3.30603E-01
  0.00000E+00   2.22666E+01  -3.58738E-01
  0.00000E+00   2.34509E+01  -3.68508E-01
  0.00000E+00   2.49934E+01  -3.93412E-01
  0.00000E+00   2.69518E+01  -4.45354E-01
  0.00000E+00   2.91411E+01  -4.65423E-01
  0.00000E+00   3.14027E+01  -5.12426E-01
  0.00000E+00   3.39095E+01  -6.46069E-01
  0.00000E+00   3.67767E+01  -7.58139E-01
  0.00000E+00   3.98211E+01  -8.24659E-01
  0.00000E+00   4.27785E+01  -8.96489E-01
  0.00000E+00   4.53719E+01  -8.80501E-01
  0.00000E+00   4.72478E+01  -8.33431E-01
  0.00000E+00   4.83094E+01  -7.92929E-01
  0.00000E+00   4.86982E+01  -7.64239E-01
  0.00000E+00   4.80832E+01  -6.84040E-01
  0.00000E+00   4.67309E+01  -7.04569E-01
  0.00000E+00   4.54196E+01  -7.09768E-01
  0.00000E+00   4.46715E+01  -7.41369E-01
  0.00000E+00   4.42971E+01  -8.07404E-01
  0.00000E+00   4.42170E+01  -7.71828E-01
  0.00000E+00   4.42787E+01  -8.54355E-01
  0.00000E+00   4.32985E+01  -9.03675E-01
  0.00000E+00   4.18899E+01  -9.23927E-01
  0.00000E+00   4.01626E+01  -1.02097E+00
  0.00000E+00   3.91347E+01  -9.79261E-01
  0.00000E+00   3.88252E+01  -9.17128E-01
  0.00000E+00   3.92915E+01  -8.63514E-01
  0.00000E+00   4.00396E+01  -8.73924E-01
  0.00000E+00   4.06782E+01  -9.75426E-01
  0.00000E+00   4.14869E+01  -1.03499E+00
  0.00000E+00   4.27173E+01  -1.10222E+00
  0.00000E+00   4.41416E+01  -1.04533E+00
  0.00000E+00   4.56199E+01  -9.90635E-01
  0.00000E+00   4.73623E+01  -9.80470E-01
  0.00000E+00   4.92457E+01  -9.40915E-01
  0.00000E+00   5.10846E+01  -8.61121E-01
  0.00000E+00   5.22581E+01  -7.67502E-01
  0.00000E+00   5.27231E+01  -6.92608E-01
  0.00000E+00   5.28430E+01  -6.88617E-01
  0.00000E+00   5.34137E+01  -6.68824E-01
  0.00000E+00   5.42050E+01  -4.91825E-01
  0.00000E+00   5.51019E+01  -3.18362E-01
  0.00000E+00   5.61813E+01  -1.22214E-01
  0.00000E+00   5.66377E+01   2.53300E-03
  0.00000E+00   5.62878E+01  -6.85444E-02
  0.00000E+00   5.54880E+01  -1.11797E-01
  0.00000E+00   5.49480E+01  -8.17228E-03
  0.00000E+00   5.49362E+01   2.12292E-02
  0.00000E+00   5.53776E+01  -4.84087E-02
  0.00000E+00   5.57297E+01  -6.89607E-02
  0.00000E+00   5.61190E+01  -1.38412E-01
  0.00000E+00   5.62482E+01  -1.35679E-01
  0.00000E+00   5.64036E+01   2.09854E-02
  0.00000E+00   5.64561E+01   2.15452E-01
  0.00000E+00   5.59760E+01   4.47389E-01
  0.00000E+00   5.55039E+01   6.35199E-01
  0.00000E+00   5.50398E+01   7.47604E-01
  0.00000E+00   5.48487E+01   8.02744E-01
  0.00000E+00   5.52109E+01   9.94471E-01
  0.00000E+00   5.57700E+01   1.15453E+00
  0.00000E+00   5.63996E+01   1.31240E+00
  0.00000E+00   5.69995E+01   1.40879E+00
  0.00000E+00   5.72953E+01   1.54796E+00
  0.00000E+00   5.72173E+01   1.62473E+00
  0.00000E+00   5.69876E+01   1.74189E+00
  0.00000E+00   5.67582E+01   1.78189E+00
  0.00000E+00   5.68449E+01   1.80959E+00
  0.00000E+00   5.72110E+01   1.69078E+00
  0.00000E+00   5.77849E+01   1.59520E+00
  0.00000E+00   5.82878E+01   1.58557E+00
  0.00000E+00   5.86300E+01   1.61955E+00
  0.00000E+00   5.92995E+01   1.60124E+00
  0.00000E+00   6.03842E+01   1.57915E+00
  0.00000E+00   6.18701E+01   1.58377E+00
  0.00000E+00   6.36034E+01   1.65682E+00
  0.00000E+00   6.48699E+01   1.79574E+00
  0.00000E+00   6.51924E+01   1.80292E+00
  0.00000E+00   6.43256E+01   1.76531E+00
  0.00000E+00   6.29262E+01   1.63316E+00
  0.00000E+00   6.10703E+01   1.37814E+00
  0.00000E+00   5.94143E+01   1.15890E+00
  0.00000E+00   5.83573E+01   1.07335E+00
  0.00000E+00   5.76963E+01   1.06300E+00
  0.00000E+00   5.74350E+01   1.20830E+00
  0.00000E+00   5.71698E+01   1.34472E+00
  0.00000E+00   5.72374E+01   1.32833E+00
  0.00000E+00   5.70072E+01   1.16640E+00
  0.00000E+00   5.58418E+01   1.05791E+00
  0.00000E+00   5.39414E+01   1.00327E+00
  0.00000E+00   5.23191E+01   9.11762E-01
  0.00000E+00   5.16980E+01   8.16379E-01
  0.00000E+00   5.17554E+01   7.54021E-01
  0.00000E+00   5.19697E+01   8.24191E-01
  0.00000E+00   5.23116E+01   8.47672E-01
  0.00000E+00   5.29551E+01   8.17312E-01
  0.00000E+00   5.39819E+01   8.19442E-01
  0.00000E+00   5.50165E+01   8.40924E-01
  0.00000E+00   5.60817E+01   8.04583E-01
  0.00000E+00   5.71414E+01   7.77790E-01
  0.00000E+00   5.81812E+01   8.29696E-01
  0.00000E+00   5.92510E+01   9.25994E-01
  0.00000E+00   6.03789E+01   8.59646E-01
  0.00000E+00   6.17316E+01   8.54646E-01
  0.00000E+00   6.27748E+01   9.18408E-01
  0.00000E+00   6.32547E+01   1.03534E+00
  0.00000E+00   6.34367E+01   1.13350E+00
  0.00000E+00   6.36214E+01   1.19061E+00
  0.00000E+00   6.38861E+01   1.17401E+00
  0.00000E+00   6.39555E+01   1.21061E+00
  0.00000E+00   6.42061E+01   1.18571E+00
  0.00000E+00   6.47531E+01   1.15883E+00
  0.00000E+00   6.54164E+01   1.23912E+00
  0.00000E+00   6.54852E+01   1.17491E+00
  0.00000E+00   6.51416E+01   9.97709E-01
  0.00000E+00   6.45850E+01   8.61984E-01
  0.00000E+00   6.43979E+01   7.86802E-01
  0.00000E+00   6.49520E+01   7.48369E-01
  0.00000E+00   6.60563E+01   6.47294E-01
  0.00000E+00   6.70093E+01   4.64908E-01
  0.00000E+00   6.74621E+01   2.89249E-01
  0.00000E+00   6.74491E+01   1.04272E-01
  0.00000E+00   6.70070E+01  -6.28851E-02
  0.00000E+00   6.69494E+01  -2.03930E-01
  0.00000E+00   6.76556E+01  -1.91933E-01
  0.00000E+00   6.84297E+01  -1.62743E-01
  0.00000E+00   6.86843E+01  -2.58189E-01
  0.00000E+00   6.82003E+01  -3.25495E-01
  0.00000E+00   6.74734E+01  -5.62861E-01
  0.00000E+00   6.64876E+01  -7.91113E-01
  0.00000E+00   6.60658E+01  -1.07326E+00
  0.00000E+00   6.62063E+01  -1.25015E+00
  0.00000E+00   6.66512E+01  -1.46445E+00
  0.00000E+00   6.75678E+01  -1.61366E+00
  0.00000E+00   6.85519E+01  -1.57178E+00
  0.00000E+00   6.93955E+01  -1.56699E+00
  0.00000E+00   6.99411E+01  -1.52127E+00
  0.00000E+00   7.04397E+01  -1.41211E+00
  0.00000E+00   7.09900E+01  -1.39892E+00
  0.00000E+00   7.15210E+01  -1.45323E+00
  0.00000E+00   7.19476E+01  -1.52837E+00
  0.00000E+00   7.21169E+01  -1.51578E+00
  0.00000E+00   7.26331E+01  -1.62305E+00
  0.00000E+00   7.36614E+01  -1.61305E+00
  0.00000E+00   7.50471E+01  -1.54271E+00
  0.00000E+00   7.64074E+01  -1.46130E+00
  0.00000E+00   7.75279E+01  -1.36789E+00
  0.00000E+00   7.86266E+01  -1.34930E+00
  0.00000E+00   7.95375E+01  -1.30958E+00
  0.00000E+00   8.00570E+01  -1.29921E+00
  0.00000E+00   8.01359E+01  -1.40191E+00
  0.00000E+00   7.99936E+01  -1.52076E+00
  0.00000E+00   7.94330E+01  -1.54300E+00
  0.00000E+00   7.89985E+01  -1.46515E+00
  0.00000E+00   7.90073E+01  -1.30552E+00
  0.00000E+00   8.01015E+01  -1.22782E+00
  0.00000E+00   8.18665E+01  -1.13498E+00
  0.00000E+00   8.38209E+01  -1.12032E+00
  0.00000E+00   8.55274E+01  -1.01832E+00
  0.00000E+00   8.68971E+01  -9.74754E-01
  0.00000E+00   8.69052E+01  -9.85551E-01
  0.00000E+00   8.59481E+01  -9.73254E-01
  0.00000E+00   8.45340E+01  -8.84952E-01
  0.00000E+00   8.28916E+01  -8.00474E-01
  0.00000E+00   8.13321E+01  -8.17008E-01
  0.00000E+00   8.00695E+01  -8.19460E-01
  0.00000E+00   7.93032E+01  -9.69353E-01
  0.00000E+00   7.87356E+01  -1.15365E+00
  0.00000E+00   7.83112E+01  -1.19662E+00
  0.00000E+00   7.78632E+01  -1.28094E+00
  0.00000E+00   7.70626E+01  -1.25806E+00
  0.00000E+00   7.63459E+01  -1.39526E+00
  0.00000E+00   7.53321E+01  -1.46743E+00
  0.00000E+00   7.48533E+01  -1.45389E+00
  0.00000E+00   7.48058E+01  -1.27036E+00
  0.00000E+00   7.49243E+01  -1.24030E+00
  0.00000E+00   7.44540E+01  -1.22497E+00
  0.00000E+00   7.42505E+01  -1.20351E+00
  0.00000E+00   7.51511E+01  -1.21328E+00
  0.00000E+00   7.64555E+01  -1.18401E+00
  0.00000E+00   7.82303E+01  -1.23682E+00
  0.00000E+00   7.98481E+01  -1.19529E+00
  0.00000E+00   8.09827E+01  -1.17622E+00
  0.00000E+00   8.10190E+01  -1.13845E+00
  0.00000E+00   8.08215E+01  -1.16052E+00
  0.00000E+00   8.04854E+01  -1.09850E+00
  0.00000E+00   8.02137E+01  -1.03321E+00
  0.00000E+00   8.05123E+01  -1.09774E+00
  0.00000E+00   8.11279E+01  -1.04926E+00
  0.00000E+00   8.23047E+01  -1.09098E+00
  0.00000E+00   8.34900E+01  -1.08080E+00
  0.00000E+00   8.43335E+01  -1.14512E+00
  0.00000E+00   8.41871E+01  -1.17399E+00
  0.00000E+00   8.28778E+01  -1.10981E+00
  0.00000E+00   8.11715E+01  -9.29160E-01
  0.00000E+00   7.98471E+01  -7.91483E-01
  0.00000E+00   7.95036E+01  -7.18312E-01
  0.00000E+00   8.02835E+01  -5.85084E-01
  0.00000E+00   8.14430E+01  -5.59074E-01
  0.00000E+00   8.24506E+01  -5.55700E-01
  0.00000E+00   8.27536E+01  -5.01866E-01
  0.00000E+00   8.18077E+01  -4.54444E-01
  0.00000E+00   8.10678E+01  -3.97004E-01
  0.00000E+00   8.06332E+01  -2.82317E-01
  0.00000E+00   8.07112E+01  -2.89196E-01
  0.00000E+00   8.15463E+01  -2.62111E-01
  0.00000E+00   8.27013E+01  -2.19511E-01
  0.00000E+00   8.38202E+01  -3.22864E-01
  0.00000E+00   8.46960E+01  -4.28924E-01
  0.00000E+00   8.52782E+01  -4.18956E-01
  0.00000E+00   8.65477E+01  -4.61425E-01
  0.00000E+00   8.72171E+01  -5.32200E-01
  0.00000E+00   8.71686E+01  -5.30066E-01
  0.00000E+00   8.61980E+01  -5.75468E-01
  0.00000E+00   8.42616E+01  -6.12024E-01
  0.00000E+00   8.17530E+01  -7.01367E-01
  0.00000E+00   7.95168E+01  -9.33276E-01
  0.00000E+00   7.83985E+01  -9.44259E-01
  0.00000E+00   7.75754E+01  -1.08427E+00
  0.00000E+00   7.67731E+01  -1.06191E+00
  0.00000E+00   7.65206E+01  -1.11839E+00
  0.00000E+00   7.66497E+01  -1.13963E+00
  0.00000E+00   7.72538E+01  -1.16070E+00
  0.00000E+00   7.83465E+01  -1.27605E+00
  0.00000E+00   7.91152E+01  -1.36156E+00
  0.00000E+00   7.92371E+01  -1.42394E+00
  0.00000E+00   7.91356E+01  -1.43114E+00
  0.00000E+00   7.93727E+01  -1.39948E+00
  0.00000E+00   8.00362E+01  -1.57730E+00
  0.00000E+00   8.13472E+01  -1.64316E+00
  0.00000E+00   8.30310E+01  -1.63463E+00
  0.00000E+00   8.40357E+01  -1.72760E+00
  0.00000E+00   8.43681E+01  -1.69428E+00
  0.00000E+00   8.35690E+01  -1.75838E+00
  0.00000E+00   8.25618E+01  -1.74748E+00
  0.00000E+00   8.15628E+01  -1.78841E+00
  0.00000E+00   8.07047E+01  -1.90659E+00
  0.00000E+00   8.03149E+01  -1.91801E+00
  0.00000E+00   8.06299E+01  -2.01931E+00
  0.00000E+00   8.15733E+01  -2.25310E+00
  0.00000E+00   8.24408E+01  -2.33887E+00
  0.00000E+00   8.32315E+01  -2.41420E+00
  0.00000E+00   8.40626E+01  -2.48687E+00
  0.00000E+00   8.49984E+01  -2.56985E+00
  0.00000E+00   8.63975E+01  -2.61472E+00
  0.00000E+00   8.78495E+01  -2.64663E+00
  0.00000E+00   8.84214E+01  -2.71482E+00
  0.00000E+00   8.92220E+01  -2.82544E+00
  0.00000E+00   8.98690E+01  -2.95916E+00
  0.00000E+00   9.01573E+01  -2.94983E+00
  0.00000E+00   9.02397E+01  -2.98598E+00
  0.00000E+00   9.00924E+01  -3.07661E+00
  0.00000E+00   9.00520E+01  -3.20111E+00
  0.00000E+00   9.01084E+01  -3.42404E+00
  0.00000E+00   9.03479E+01  -3.75767E+00
  0.00000E+00   9.07772E+01  -4.05355E+00
  0.00000E+00   9.11413E+01  -4.25413E+00
  0.00000E+00   9.13364E+01  -4.37343E+00
  0.00000E+00   9.17474E+01  -4.39685E+00
  0.00000E+00   9.24943E+01  -4.41871E+00
  0.00000E+00   9.32072E+01  -4.36186E+00
  0.00000E+00   9.42572E+01  -4.39443E+00
  0.00000E+00   9.52202E+01  -4.56612E+00
  0.00000E+00   9.57743E+01  -4.64491E+00
  0.00000E+00   9.60941E+01  -4.69210E+00
  0.00000E+00   9.64572E+01  -4.65084E+00
  0.00000E+00   9.69161E+01  -4.53549E+00
  0.00000E+00   9.76770E+01  -4.57060E+00
  0.00000E+00   9.83910E+01  -4.70295E+00
  0.00000E+00   9.87092E+01  -4.87860E+00
  0.00000E+00   9.85875E+01  -4.97973E+00
  0.00000E+00   9.78999E+01  -4.85392E+00
  0.00000E+00   9.66189E+01  -4.90396E+00
  0.00000E+00   9.54727E+01  -4.92166E+00
  0.00000E+00   9.40651E+01  -4.78399E+00
  0.00000E+00   9.24108E+01  -4.57222E+00
  0.00000E+00   9.09029E+01  -4.61967E+00
  0.00000E+00   8.99592E+01  -4.77304E+00
  0.00000E+00   8.97879E+01  -4.84420E+00
  0.00000E+00   8.98428E+01  -4.72994E+00
  0.00000E+00   9.00461E+01  -4.67916E+00
  0.00000E+00   9.01854E+01  -4.70550E+00
  0.00000E+00   8.96174E+01  -4.70457E+00
  0.00000E+00   8.87930E+01  -4.75057E+00
  0.00000E+00   8.85506E+01  -4.71075E+00
  0.00000E+00   8.85608E+01  -4.71046E+00
  0.00000E+00   8.87456E+01  -4.85940E+00
  0.00000E+00   8.92300E+01  -4.89066E+00
  0.00000E+00   9.02062E+01  -4.84208E+00
  0.00000E+00   9.11076E+01  -4.89087E+00
  0.00000E+00   9.20326E+01  -4.88413E+00
  0.00000E+00   9.23214E+01  -5.03117E+00
  0.00000E+00   9.25262E+01  -5.05570E+00
  0.00000E+00   9.27544E+01  -5.01572E+00
  0.00000E+00   9.33512E+01  -5.05635E+00
  0.00000E+00   9.40294E+01  -5.16930E+00
  0.00000E+00   9.46121E+01  -5.16564E+00
  0.00000E+00   9.45186E+01  -5.06468E+00
  0.00000E+00   9.37698E+01  -5.04220E+00
  0.00000E+00   9.30762E+01  -4.83472E+00
  0.00000E+00   9.29871E+01  -4.77199E+00
  0.00000E+00   9.28908E+01  -4.75153E+00
  0.00000E+00   9.23965E+01  -4.77473E+00
  0.00000E+00   9.11067E+01  -4.71132E+00
  0.00000E+00   9.02342E+01  -4.61924E+00
  0.00000E+00   8.94575E+01  -4.45645E+00
  0.00000E+00   8.86579E+01  -4.38858E+00
  0.00000E+00   8.79054E+01  -4.41148E+00
  0.00000E+00   8.73179E+01  -4.40037E+00
  0.00000E+00   8.70137E+01  -4.35336E+00
  0.00000E+00   8.70103E+01  -4.27765E+00
  0.00000E+00   8.73297E+01  -4.17836E+00
  0.00000E+00   8.74376E+01  -4.13615E+00
  0.00000E+00   8.73167E+01  -4.17519E+00
  0.00000E+00   8.69265E+01  -4.18595E+00
  0.00000E+00   8.61652E+01  -4.13374E+00
  0.00000E+00   8.58026E+01  -4.03778E+00
  0.00000E+00   8.65491E+01  -4.11299E+00
  0.00000E+00   8.86229E+01  -4.30633E+00
  0.00000E+00   9.08979E+01  -4.49560E+00
  0.00000E+00   9.20033E+01  -4.67516E+00
  0.00000E+00   9.21231E+01  -4.57056E+00
  0.00000E+00   9.10357E+01  -4.46245E+00
  0.00000E+00   8.96683E+01  -4.34467E+00
  0.00000E+00   8.88941E+01  -4.29370E+00
  0.00000E+00   8.86906E+01  -4.19869E+00
  0.00000E+00   8.87238E+01  -4.10945E+00
  0.00000E+00   8.89382E+01  -4.10665E+00
  0.00000E+00   8.93096E+01  -4.10262E+00
  0.00000E+00   8.96183E+01  -4.19127E+00
  0.00000E+00   8.93800E+01  -4.42796E+00
  0.00000E+00   8.85090E+01  -4.40001E+00
  0.00000E+00   8.73519E+01  -4.25738E+00
  0.00000E+00   8.65354E+01  -4.26085E+00
  0.00000E+00   8.63076E+01  -4.36854E+00
  0.00000E+00   8.67293E+01  -4.39635E+00
  0.00000E+00   8.75434E+01  -4.44870E+00
  0.00000E+00   8.82550E+01  -4.44644E+00
  0.00000E+00   8.84533E+01  -4.26619E+00
  0.00000E+00   8.76784E+01  -4.10967E+00
  0.00000E+00   8.67135E+01  -3.98140E+00
  0.00000E+00   8.59375E+01  -3.74813E+00
  0.00000E+00   8.58454E+01  -3.63746E+00
  0.00000E+00   8.70132E+01  -3.61745E+00
  0.00000E+00   8.84399E+01  -3.48569E+00
  0.00000E+00   8.91713E+01  -3.42560E+00
  0.00000E+00   8.92457E+01  -3.48000E+00
  0.00000E+00   8.88696E+01  -3.49006E+00
  0.00000E+00   8.82834E+01  -3.45519E+00
  0.00000E+00   8.78719E+01  -3.51433E+00
  0.00000E+00   8.82592E+01  -3.51948E+00
  0.00000E+00   8.92497E+01  -3.26452E+00
  0.00000E+00   9.11235E+01  -3.23684E+00
  0.00000E+00   9.33134E+01  -3.35732E+00
  0.00000E+00   9.51926E+01  -3.32919E+00
  0.00000E+00   9.64857E+01  -3.42964E+00
  0.00000E+00   9.74460E+01  -3.67476E+00
  0.00000E+00   9.84055E+01  -3.91476E+00
  0.00000E+00   9.96152E+01  -4.06429E+00
  0.00000E+00   1.00893E+02  -4.08092E+00
  0.00000E+00   1.02476E+02  -3.91425E+00
  0.00000E+00   1.04172E+02  -3.74152E+00
  0.00000E+00   1.05346E+02  -3.78623E+00
  0.00000E+00   1.06952E+02  -3.77202E+00
  0.00000E+00   1.08192E+02  -3.75600E+00
  0.00000E+00   1.09449E+02  -3.58618E+00
  0.00000E+00   1.10712E+02  -3.36358E+00
  0.00000E+00   1.11674E+02  -3.26727E+00
  0.00000E+00   1.11852E+02  -3.17489E+00
  0.00000E+00   1.11425E+02  -2.97844E+00
  0.00000E+00   1.10835E+02  -2.77572E+00
  0.00000E+00   1.10361E+02  -2.63869E+00
  0.00000E+00   1.11151E+02  -2.62247E+00
  0.00000E+00   1.12653E+02  -2.49096E+00
  0.00000E+00   1.13156E+02  -2.29588E+00
  0.00000E+00   1.12502E+02  -1.95150E+00
  0.00000E+00   1.11554E+02  -1.58749E+00
  0.00000E+00   1.09917E+02  -1.35667E+00
  0.00000E+00   1.08042E+02  -1.23374E+00
  0.00000E+00   1.07153E+02  -1.03954E+00
  0.00000E+00   1.07333E+02  -8.94581E-01
  0.00000E+00   1.08171E+02  -7.37987E-01
  0.00000E+00   1.08731E+02  -7.70226E-01
  0.00000E+00   1.08699E+02  -7.56564E-01
  0.00000E+00   1.07502E+02  -6.91466E-01
  0.00000E+00   1.05577E+02  -4.56110E-01
  0.00000E+00   1.04232E+02  -3.73034E-01
  0.00000E+00   1.03602E+02  -5.38705E-01
  0.00000E+00   1.03840E+02  -6.92553E-01
  0.00000E+00   1.04563E+02  -6.94712E-01
  0.00000E+00   1.04904E+02  -7.63277E-01
  0.00000E+00   1.04868E+02  -7.44733E-01
  0.00000E+00   1.03991E+02  -6.61388E-01
  0.00000E+00   1.01723E+02  -3.86219E-01
  0.00000E+00   9.95904E+01  -6.64931E-03
  0.00000E+00   9.80522E+01   2.47122E-01
  0.00000E+00   9.75016E+01   4.77590E-01
  0.00000E+00   9.76659E+01   6.09002E-01
  0.00000E+00   9.76763E+01   5.82162E-01
  0.00000E+00   9.79887E+01   6.35250E-01
  0.00000E+00   9.82360E+01   4.97296E-01
  0.00000E+00   9.83209E+01   3.51593E-01
  0.00000E+00   9.81490E+01   2.78879E-01
  0.00000E+00   9.71628E+01   2.41856E-01
  0.00000E+00   9.61488E+01   2.75283E-01
  0.00000E+00   9.54432E+01   9.94398E-02
  0.00000E+00   9.48432E+01  -8.49931E-02
  0.00000E+00   9.49293E+01  -4.73157E-03
  0.00000E+00   9.53121E+01  -8.02371E-02
  0.00000E+00   9.53742E+01  -9.53849E-02
  0.00000E+00   9.52370E+01  -1.18275E-01
  0.00000E+00   9.52074E+01  -2.24579E-01
  0.00000E+00   9.53816E+01  -2.39922E-01
  0.00000E+00   9.62783E+01  -2.68305E-01
  0.00000E+00   9.68190E+01  -2.01935E-01
  0.00000E+00   9.72944E+01   1.29443E-02
  0.00000E+00   9.72569E+01   1.67503E-01
  0.00000E+00   9.74656E+01   2.52515E-01
  0.00000E+00   9.82177E+01   2.41532E-01
  0.00000E+00   9.93896E+01   2.79135E-01
  0.00000E+00   1.00679E+02   3.39132E-01
  0.00000E+00   1.01281E+02   3.55471E-01
  0.00000E+00   1.01331E+02   3.04511E-01
  0.00000E+00   1.00922E+02   2.90855E-01
  0.00000E+00   1.00772E+02   2.95848E-01
  0.00000E+00   1.00814E+02   2.94692E-01
  0.00000E+00   1.01041E+02   2.94262E-01
  0.00000E+00   1.01528E+02   3.80265E-01
  0.00000E+00   1.02676E+02   4.15675E-01
  0.00000E+00   1.04278E+02   4.09570E-01
  0.00000E+00   1.06333E+02   3.56191E-01
  0.00000E+00   1.08585E+02   1.51536E-01
  0.00000E+00   1.10477E+02   6.71114E-02
  0.00000E+00   1.11917E+02   1.55243E-01
  0.00000E+00   1.12408E+02   2.21876E-01
  0.00000E+00   1.11619E+02   1.45955E-01
  0.00000E+00   1.10375E+02   1.52084E-01
  0.00000E+00   1.09400E+02   8.10338E-02
  0.00000E+00   1.08602E+02   4.67412E-02
  0.00000E+00   1.08435E+02   8.56160E-02
  0.00000E+00   1.07979E+02   9.95768E-02
  0.00000E+00   1.06527E+02   1.43144E-01
  0.00000E+00   1.04606E+02   1.90493E-01
  0.00000E+00   1.03335E+02   3.24891E-01
  0.00000E+00   1.02034E+02   3.75095E-01
  0.00000E+00   1.00935E+02   5.61420E-01
  0.00000E+00   1.00254E+02   6.95086E-01
  0.00000E+00   9.95171E+01   7.30808E-01
  0.00000E+00   9.87603E+01   4.28688E-01
  0.00000E+00   9.77285E+01   2.02056E-01
  0.00000E+00   9.70572E+01   1.14941E-01
  0.00000E+00   9.70606E+01   1.22360E-01
  0.00000E+00   9.74921E+01   7.32092E-02
  0.00000E+00   9.81723E+01   1.91021E-01
  0.00000E+00   9.93942E+01   4.96638E-01
  0.00000E+00   1.00384E+02   7.72492E-01
  0.00000E+00   1.01321E+02   8.54333E-01
  0.00000E+00   1.01897E+02   9.15872E-01
  0.00000E+00   1.01926E+02   8.54017E-01
  0.00000E+00   1.01993E+02   8.21984E-01
  0.00000E+00   1.01332E+02   8.57972E-01
  0.00000E+00   1.00454E+02   9.83918E-01
  0.00000E+00   9.92967E+01   1.10371E+00
  0.00000E+00   9.80809E+01   1.25199E+00
  0.00000E+00   9.73985E+01   1.40460E+00
  0.00000E+00   9.68749E+01   1.43630E+00
  0.00000E+00   9.66415E+01   1.49298E+00
  0.00000E+00   9.71987E+01   1.74475E+00
  0.00000E+00   9.80362E+01   1.90890E+00
  0.00000E+00   9.83556E+01   1.89121E+00
  0.00000E+00   9.89949E+01   1.99106E+00
  0.00000E+00   9.93083E+01   2.02104E+00
  0.00000E+00   9.96287E+01   2.06695E+00
  0.00000E+00   1.00339E+02   2.17374E+00
  0.00000E+00   1.00951E+02   2.15926E+00
  0.00000E+00   1.01676E+02   2.04057E+00
  0.00000E+00   1.02582E+02   1.95797E+00
  0.00000E+00   1.03353E+02   1.82226E+00
  0.00000E+00   1.03370E+02   1.67343E+00
  0.00000E+00   1.03040E+02   1.57196E+00
  0.00000E+00   1.02951E+02   1.41999E+00
  0.00000E+00   1.03431E+02   1.30226E+00
  0.00000E+00   1.04123E+02   1.27252E+00
  0.00000E+00   1.05391E+02   1.28386E+00
  0.00000E+00   1.06408E+02   1.23484E+00
  0.00000E+00   1.06912E+02   1.28453E+00
  0.00000E+00   1.07002E+02   1.42032E+00
  0.00000E+00   1.06841E+02   1.50452E+00
  0.00000E+00   1.07235E+02   1.51260E+00
  0.00000E+00   1.08173E+02   1.72359E+00
  0.00000E+00   1.08888E+02   1.89045E+00
  0.00000E+00   1.09056E+02   1.88732E+00
  0.00000E+00   1.09535E+02   1.94375E+00
  0.00000E+00   1.10175E+02   2.01543E+00
  0.00000E+00   1.10238E+02   1.94593E+00
  0.00000E+00   1.09755E+02   1.79751E+00
  0.00000E+00   1.08870E+02   1.71006E+00
  0.00000E+00   1.08499E+02   1.70060E+00
  0.00000E+00   1.09562E+02   1.75123E+00
  0.00000E+00   1.10523E+02   1.99380E+00
  0.00000E+00   1.10977E+02   2.15750E+00
  0.00000E+00   1.11801E+02   2.29394E+00
  0.00000E+00   1.13162E+02   2.50905E+00
  0.00000E+00   1.14031E+02   2.65605E+00
  0.00000E+00   1.14312E+02   2.89338E+00
  0.00000E+00   1.13904E+02   2.85040E+00
  0.00000E+00   1.13061E+02   2.82454E+00
  0.00000E+00   1.11986E+02   2.96301E+00
  0.00000E+00   1.11260E+02   2.87562E+00
  0.00000E+00   1.11512E+02   2.86569E+00
  0.00000E+00   1.12582E+02   2.94990E+00
  0.00000E+00   1.13129E+02   3.00495E+00
  0.00000E+00   1.12530E+02   2.95247E+00
  0.00000E+00   1.11948E+02   2.99709E+00
  0.00000E+00   1.11884E+02   2.93473E+00
  0.00000E+00   1.12539E+02   3.09392E+00
  0.00000E+00   1.13327E+02   3.32862E+00
  0.00000E+00   1.13807E+02   3.31953E+00
  0.00000E+00   1.14075E+02   3.47758E+00
  0.00000E+00   1.13756E+02   3.59492E+00
  0.00000E+00   1.13181E+02   3.63979E+00
  0.00000E+00   1.12297E+02   3.73599E+00
  0.00000E+00   1.11970E+02   3.71584E+00
  0.00000E+00   1.11905E+02   3.75840E+00
  0.00000E+00   1.12049E+02   3.77165E+00
  0.00000E+00   1.11636E+02   3.67026E+00
  0.00000E+00   1.10858E+02   3.49019E+00
  0.00000E+00   1.09329E+02   3.28545E+00
  0.00000E+00   1.07894E+02   3.11615E+00
  0.00000E+00   1.06535E+02   2.88716E+00
  0.00000E+00   1.05221E+02   2.75541E+00
  0.00000E+00   1.04994E+02   2.55938E+00
  0.00000E+00   1.05415E+02   2.40564E+00
  0.00000E+00   1.05228E+02   2.33457E+00
  0.00000E+00   1.04930E+02   2.21973E+00
  0.00000E+00   1.04522E+02   2.08695E+00
  0.00000E+00   1.04117E+02   2.01402E+00
  0.00000E+00   1.03953E+02   1.85270E+00
  0.00000E+00   1.03774E+02   1.87710E+00
  0.00000E+00   1.03962E+02   1.91629E+00
  0.00000E+00   1.04433E+02   1.96060E+00
  0.00000E+00   1.05063E+02   1.95542E+00
  0.00000E+00   1.05759E+02   1.78248E+00
  0.00000E+00   1.06167E+02   1.61778E+00
  0.00000E+00   1.07083E+02   1.63446E+00
  0.00000E+00   1.08458E+02   1.66804E+00
  0.00000E+00   1.10232E+02   1.74331E+00
  0.00000E+00   1.11891E+02   1.70406E+00
  0.00000E+00   1.13563E+02   1.59096E+00
  0.00000E+00   1.14947E+02   1.71126E+00
  0.00000E+00   1.16158E+02   1.69638E+00
  0.00000E+00   1.17161E+02   1.62506E+00
  0.00000E+00   1.18281E+02   1.61606E+00
  0.00000E+00   1.19592E+02   1.46524E+00
  0.00000E+00   1.21033E+02   1.52059E+00
  0.00000E+00   1.22228E+02   1.65495E+00
  0.00000E+00   1.22603E+02   1.74621E+00
  0.00000E+00   1.22517E+02   1.82829E+00
  0.00000E+00   1.22149E+02   1.84661E+00
  0.00000E+00   1.22384E+02   1.93376E+00
  0.00000E+00   1.23287E+02   1.87167E+00
  0.00000E+00   1.24837E+02   1.83566E+00
  0.00000E+00   1.26665E+02   1.87609E+00
  0.00000E+00   1.28314E+02   2.07766E+00
  0.00000E+00   1.29391E+02   2.30653E+00
  0.00000E+00   1.29816E+02   2.27568E+00
  0.00000E+00   1.29320E+02   2.20399E+00
  0.00000E+00   1.28794E+02   2.08628E+00
  0.00000E+00   1.29153E+02   2.12980E+00
  0.00000E+00   1.30256E+02   2.23016E+00
  0.00000E+00   1.31595E+02   2.31687E+00
  0.00000E+00   1.32687E+02   2.42953E+00
  0.00000E+00   1.32695E+02   2.28598E+00
  0.00000E+00   1.32557E+02   2.21353E+00
  0.00000E+00   1.32842E+02   2.19833E+00
  0.00000E+00   1.33358E+02   2.14470E+00
  0.00000E+00   1.34515E+02   2.38182E+00
  0.00000E+00   1.36017E+02   2.65792E+00
  0.00000E+00   1.36833E+02   2.77806E+00
  0.00000E+00   1.36775E+02   2.58320E+00
  0.00000E+00   1.36443E+02   2.54714E+00
  0.00000E+00   1.36328E+02   2.36052E+00
  0.00000E+00   1.36055E+02   2.37290E+00
  0.00000E+00   1.35286E+02   2.34478E+00
  0.00000E+00   1.33697E+02   2.27204E+00
  0.00000E+00   1.32303E+02   2.24178E+00
  0.00000E+00   1.31269E+02   1.97182E+00
  0.00000E+00   1.31460E+02   1.69998E+00
  0.00000E+00   1.31199E+02   1.68300E+00
  0.00000E+00   1.29622E+02   1.70998E+00
  0.00000E+00   1.28014E+02   1.53560E+00
  0.00000E+00   1.27951E+02   1.38911E+00
  0.00000E+00   1.28208E+02   1.28619E+00
  0.00000E+00   1.28739E+02   1.11001E+00
  0.00000E+00   1.29453E+02   1.01098E+00
  0.00000E+00   1.30023E+02   9.16387E-01
  0.00000E+00   1.29700E+02   7.88006E-01
  0.00000E+00   1.28511E+02   8.60729E-01
  0.00000E+00   1.26969E+02   8.54608E-01
  0.00000E+00   1.25618E+02   7.67429E-01
  0.00000E+00   1.23955E+02   8.70507E-01
  0.00000E+00   1.22701E+02   9.76813E-01
  0.00000E+00   1.21286E+02   8.04262E-01
  0.00000E+00   1.20362E+02   6.24187E-01
  0.00000E+00   1.19554E+02   5.97573E-01
  0.00000E+00   1.19060E+02   6.54879E-01
  0.00000E+00   1.19411E+02   4.20781E-01
  0.00000E+00   1.19712E+02   4.47616E-01
  0.00000E+00   1.20281E+02   6.30481E-01
  0.00000E+00   1.21020E+02   7.93403E-01
  0.00000E+00   1.20361E+02   6.75579E-01
  0.00000E+00   1.19317E+02   3.29405E-01
  0.00000E+00   1.17577E+02   1.28968E-01
  0.00000E+00   1.16206E+02  -1.99862E-01
  0.00000E+00   1.15133E+02  -3.37267E-01
  0.00000E+00   1.15022E+02  -5.30175E-01
  0.00000E+00   1.15322E+02  -6.94188E-01
  0.00000E+00   1.15546E+02  -7.03013E-01
  0.00000E+00   1.15482E+02  -6.21363E-01
  0.00000E+00   1.15156E+02  -6.42755E-01
  0.00000E+00   1.14819E+02  -8.25057E-01
  0.00000E+00   1.14541E+02  -1.09523E+00
  0.00000E+00   1.14452E+02  -1.17973E+00
  0.00000E+00   1.14486E+02  -1.12627E+00
  0.00000E+00   1.14698E+02  -1.10660E+00
  0.00000E+00   1.14853E+02  -1.23120E+00
  0.00000E+00   1.15113E+02  -1.43502E+00
  0.00000E+00   1.14800E+02  -1.75587E+00
  0.00000E+00   1.14474E+02  -1.93160E+00
  0.00000E+00   1.13828E+02  -2.04072E+00
  0.00000E+00   1.13860E+02  -2.12189E+00
  0.00000E+00   1.14199E+02  -2.16493E+00
  0.00000E+00   1.14706E+02  -2.20828E+00
  0.00000E+00   1.14800E+02  -2.18490E+00
  0.00000E+00   1.14183E+02  -2.23016E+00
  0.00000E+00   1.12578E+02  -2.19158E+00
  0.00000E+00   1.11067E+02  -2.08289E+00
  0.00000E+00   1.09486E+02  -2.18703E+00
  0.00000E+00   1.08237E+02  -2.17903E+00
  0.00000E+00   1.07464E+02  -2.27310E+00
  0.00000E+00   1.07531E+02  -2.14405E+00
  0.00000E+00   1.08050E+02  -2.11449E+00
  0.00000E+00   1.08983E+02  -2.00239E+00
  0.00000E+00   1.10263E+02  -1.88648E+00
  0.00000E+00   1.10969E+02  -1.99999E+00
  0.00000E+00   1.10804E+02  -2.15291E+00
  0.00000E+00   1.10540E+02  -1.98652E+00
  0.00000E+00   1.10027E+02  -1.89647E+00
  0.00000E+00   1.09787E+02  -1.85251E+00
  0.00000E+00   1.09452E+02  -1.82844E+00
  0.00000E+00   1.09480E+02  -1.65543E+00
  0.00000E+00   1.08744E+02  -1.53747E+00
  0.00000E+00   1.08201E+02  -1.53862E+00
  0.00000E+00   1.07751E+02  -1.42393E+00
  0.00000E+00   1.07120E+02  -1.43019E+00
  0.00000E+00   1.06860E+02  -1.28444E+00
  0.00000E+00   1.07139E+02  -1.20840E+00
  0.00000E+00   1.07753E+02  -1.02171E+00
  0.00000E+00   1.08117E+02  -1.03677E+00
  0.00000E+00   1.08308E+02  -9.17256E-01
  0.00000E+00   1.07929E+02  -7.04615E-01
  0.00000E+00   1.07700E+02  -5.63061E-01
  0.00000E+00   1.08243E+02  -4.91925E-01
  0.00000E+00   1.09350E+02  -3.04111E-01
  0.00000E+00   1.10944E+02  -1.13258E-01
  0.00000E+00   1.12377E+02   5.18416E-02
  0.00000E+00   1.13268E+02   3.15908E-01
  0.00000E+00   1.13849E+02   4.47147E-01
  0.00000E+00   1.14325E+02   6.16850E-01
  0.00000E+00   1.15163E+02   7.98166E-01
  0.00000E+00   1.16957E+02   8.50008E-01
  0.00000E+00   1.19821E+02   1.12426E+00
  0.00000E+00   1.22495E+02   1.37517E+00
  0.00000E+00   1.23914E+02   1.42426E+00
  0.00000E+00   1.23915E+02   1.44916E+00
  0.00000E+00   1.22002E+02   1.50324E+00
  0.00000E+00   1.18966E+02   1.56083E+00
  0.00000E+00   1.14957E+02   1.54417E+00
  0.00000E+00   1.11406E+02   1.48907E+00
  0.00000E+00   1.09498E+02   1.50422E+00
  0.00000E+00   1.08493E+02   1.74277E+00
  0.00000E+00   1.08489E+02   1.80464E+00
  0.00000E+00   1.08464E+02   1.79631E+00
  0.00000E+00   1.08663E+02   1.79219E+00
  0.00000E+00   1.08800E+02   1.65628E+00
  0.00000E+00   1.08881E+02   1.61998E+00
  0.00000E+00   1.08880E+02   1.61005E+00
  0.00000E+00   1.08929E+02   1.65087E+00
  0.00000E+00   1.08981E+02   1.60876E+00
  0.00000E+00   1.08318E+02   1.45820E+00
  0.00000E+00   1.07855E+02   1.56625E+00
  0.00000E+00   1.07646E+02   1.43941E+00
  0.00000E+00   1.08034E+02   1.44657E+00
  0.00000E+00   1.09006E+02   1.37552E+00
  0.00000E+00   1.09045E+02   1.35587E+00
  0.00000E+00   1.07876E+02   1.45894E+00
  0.00000E+00   1.06470E+02   1.76386E+00
  0.00000E+00   1.05492E+02   1.78375E+00
  0.00000E+00   1.05546E+02   1.79322E+00
  0.00000E+00   1.06791E+02   1.87498E+00
  0.00000E+00   1.08265E+02   1.90716E+00
  0.00000E+00   1.09156E+02   2.04914E+00
  0.00000E+00   1.09865E+02   2.07285E+00
  0.00000E+00   1.11232E+02   2.11627E+00
  0.00000E+00   1.12712E+02   2.11811E+00
  0.00000E+00   1.14658E+02   1.95023E+00
  0.00000E+00   1.17090E+02   2.00911E+00
  0.00000E+00   1.18829E+02   1.89658E+00
  0.00000E+00   1.20270E+02   1.59289E+00
  0.00000E+00   1.22017E+02   1.46356E+00
  0.00000E+00   1.23722E+02   1.45011E+00
  0.00000E+00   1.25557E+02   1.39749E+00
  0.00000E+00   1.27219E+02   1.25851E+00
  0.00000E+00   1.28318E+02   1.13118E+00
  0.00000E+00   1.28548E+02   9.06352E-01
  0.00000E+00   1.27976E+02   8.43747E-01
  0.00000E+00   1.27773E+02   7.18576E-01
  0.00000E+00   1.27859E+02   6.49827E-01
  0.00000E+00   1.29069E+02   6.91460E-01
  0.00000E+00   1.30168E+02   5.53388E-01
  0.00000E+00   1.30745E+02   4.94907E-01
  0.00000E+00   1.31218E+02   5.79556E-01
  0.00000E+00   1.30651E+02   6.32292E-01
  0.00000E+00   1.29796E+02   6.35807E-01
  0.00000E+00   1.29094E+02   8.01020E-01
  0.00000E+00   1.28397E+02   9.37261E-01
  0.00000E+00   1.27281E+02   1.14725E+00
  0.00000E+00   1.26422E+02   1.36402E+00
  0.00000E+00   1.25600E+02   1.47509E+00
  0.00000E+00   1.24449E+02   1.59236E+00
  0.00000E+00   1.23232E+02   1.64233E+00
