  0.00000E+00   7.29268E-05   8.08400E-06
  0.00000E+00   7.18293E-05   1.15843E-05
  0.00000E+00   6.99095E-05   9.96607E-06
  0.00000E+00   7.24101E-05   8.39383E-06
  0.00000E+00   7.96751E-05   7.42414E-06
  0.00000E+00   9.15014E-05   7.19394E-06
  0.00000E+00   1.07927E-04   7.61064E-06
  0.00000E+00   1.29655E-04   8.59511E-06
  0.00000E+00   1.57804E-04   1.01791E-05
  0.00000E+00   1.93926E-04   1.24533E-05
  0.00000E+00   2.40107E-04   1.55566E-05
  0.00000E+00   2.98785E-04   1.96553E-05
  0.00000E+00   3.73238E-04   2.50007E-05
  0.00000E+00   4.68189E-04   3.17819E-05
  0.00000E+00   5.88918E-04   4.03446E-05
  0.00000E+00   7.42503E-04   5.11278E-05
  0.00000E+00   9.38597E-04   6.45762E-05
  0.00000E+00   1.18896E-03   8.13758E-05
  0.00000E+00   1.50956E-03   1.02296E-04
  0.00000E+00   1.92048E-03   1.28411E-04
  0.00000E+00   2.44834E-03   1.60909E-04
  0.00000E+00   3.12752E-03   2.01470E-04
  0.00000E+00   4.00245E-03   2.52128E-04
  0.00000E+00   5.13151E-03   3.15381E-04
  0.00000E+00   6.59040E-03   3.94479E-04
  0.00000E+00   8.47712E-03   4.93529E-04
  0.00000E+00   1.09198E-02   6.17527E-04
  0.00000E+00   1.40844E-02   7.72794E-04
  0.00000E+00   1.81851E-02   9.67232E-04
  0.00000E+00   2.34991E-02   1.21049E-03
  0.00000E+00   3.03826E-02   1.51425E-03
  0.00000E+00   3.92911E-02   1.89257E-03
  0.00000E+00   5.08042E-02   2.36193E-03
  0.00000E+00   6.56530E-02   2.94139E-03
  0.00000E+00   8.47523E-02   3.65213E-03
  0.00000E+00   1.09234E-01   4.51688E-03
  0.00000E+00   1.40483E-01   5.55888E-03
  0.00000E+00   1.80165E-01   6.80023E-03
  0.00000E+00   2.30252E-01   8.25963E-03
  0.00000E+00   2.93025E-01   9.94975E-03
  0.00000E+00   3.71060E-01   1.18742E-02
  0.00000E+00   4.67174E-01   1.40243E-02
  0.00000E+00   5.84341E-01   1.63758E-02
  0.00000E+00   7.25575E-01   1.88858E-02
  0.00000E+00   8.93783E-01   2.14892E-02
  0.00000E+00   1.09163E+00   2.40948E-02
  0.00000E+00   1.32144E+00   2.65793E-02
  0.00000E+00   1.58507E+00   2.87824E-02
  0.00000E+00   1.88399E+00   3.05041E-02
  0.00000E+00   2.21925E+00   3.15095E-02
  0.00000E+00   2.59169E+00   3.15438E-02
  0.00000E+00   3.00217E+00   3.03620E-02
  0.00000E+00   3.45173E+00   2.77747E-02
  0.00000E+00   3.94178E+00   2.37027E-02
  0.00000E+00   4.47390E+00   1.82172E-02
  0.00000E+00   5.04946E+00   1.15343E-02
  0.00000E+00   5.66888E+00   3.94646E-03
  0.00000E+00   6.33081E+00  -4.29725E-03
  0.00000E+00   7.03119E+00  -1.30987E-02
  0.00000E+00   7.76269E+00  -2.24938E-02
  0.00000E+00   8.51453E+00  -3.23875E-02
  0.00000E+00   9.27347E+00  -4.20327E-02
  0.00000E+00   1.00267E+01  -4.98476E-02
  0.00000E+00   1.07660E+01  -5.48801E-02
  0.00000E+00   1.14883E+01  -5.96221E-02
  0.00000E+00   1.21916E+01  -6.94617E-02
  0.00000E+00   1.28705E+01  -8.39106E-02
  0.00000E+00   1.35265E+01  -9.01129E-02
  0.00000E+00   1.41984E+01  -8.14760E-02
  0.00000E+00   1.49250E+01  -3.79207E-02
  0.00000E+00   1.57215E+01   3.93792E-02
  0.00000E+00   1.65890E+01   1.47693E-01
  0.00000E+00   1.75673E+01   2.56405E-01
  0.00000E+00   1.86399E+01   3.48455E-01
  0.00000E+00   1.97143E+01   3.99326E-01
  0.00000E+00   2.07182E+01   3.99945E-01
  0.00000E+00   2.16065E+01   3.92658E-01
  0.00000E+00   2.23474E+01   2.85978E-01
  0.00000E+00   2.27394E+01   1.14980E-01
  0.00000E+00   2.28048E+01   5.97620E-02
  0.00000E+00   2.28276E+01   7.06103E-02
  0.00000E+00   2.31438E+01   1.17065E-01
  0.00000E+00   2.40697E+01   1.03948E-01
  0.00000E+00   2.56230E+01   6.89213E-02
  0.00000E+00   2.75204E+01   4.64088E-02
  0.00000E+00   2.95153E+01   8.38407E-02
  0.00000E+00   3.16872E+01   1.34882E-01
  0.00000E+00   3.42250E+01   1.58337E-01
  0.00000E+00   3.70514E+01   2.72029E-01
  0.00000E+00   3.99142E+01   4.19744E-01
  0.00000E+00   4.24324E+01   5.47045E-01
  0.00000E+00   4.39329E+01   5.96619E-01
  0.00000E+00   4.39977E+01   6.52580E-01
  0.00000E+00   4.29009E+01   7.01377E-01
  0.00000E+00   4.10664E+01   5.81910E-01
  0.00000E+00   3.93290E+01   4.02318E-01
  0.00000E+00   3.86363E+01   3.18928E-01
  0.00000E+00   3.90914E+01   3.02235E-01
  0.00000E+00   3.97181E+01   2.51118E-01
  0.00000E+00   3.98495E+01   1.79562E-01
  0.00000E+00   3.91990E+01   4.13861E-02
  0.00000E+00   3.77999E+01  -1.97398E-02
  0.00000E+00   3.66839E+01   8.22029E-03
  0.00000E+00   3.60608E+01   1.60818E-01
  0.00000E+00   3.59226E+01   4.25473E-01
  0.00000E+00   3.64153E+01   6.37505E-01
  0.00000E+00   3.72693E+01   7.94389E-01
  0.00000E+00   3.83492E+01   8.71979E-01
  0.00000E+00   3.94535E+01   8.44456E-01
  0.00000E+00   4.05988E+01   7.91576E-01
  0.00000E+00   4.18229E+01   7.86688E-01
  0.00000E+00   4.30373E+01   7.32663E-01
  0.00000E+00   4.39610E+01   6.18101E-01
  0.00000E+00   4.44492E+01   4.07763E-01
  0.00000E+00   4.47666E+01   2.05758E-01
  0.00000E+00   4.53551E+01   7.13654E-02
  0.00000E+00   4.61381E+01   2.67473E-02
  0.00000E+00   4.66806E+01   6.09954E-02
  0.00000E+00   4.67558E+01   1.68429E-01
  0.00000E+00   4.64005E+01   2.73063E-01
  0.00000E+00   4.59929E+01   3.29560E-01
  0.00000E+00   4.58148E+01   4.03291E-01
  0.00000E+00   4.61523E+01   5.35870E-01
  0.00000E+00   4.71899E+01   7.22913E-01
  0.00000E+00   4.85505E+01   1.01364E+00
  0.00000E+00   4.97825E+01   1.29159E+00
  0.00000E+00   5.07455E+01   1.46828E+00
  0.00000E+00   5.18003E+01   1.52958E+00
  0.00000E+00   5.31307E+01   1.47700E+00
  0.00000E+00   5.47030E+01   1.37070E+00
  0.00000E+00   5.62875E+01   1.19872E+00
  0.00000E+00   5.75958E+01   1.07728E+00
  0.00000E+00   5.82939E+01   9.52639E-01
  0.00000E+00   5.80717E+01   7.40730E-01
  0.00000E+00   5.68245E+01   4.48166E-01
  0.00000E+00   5.44429E+01   1.88212E-01
  0.00000E+00   5.13303E+01  -1.17244E-01
  0.00000E+00   4.81722E+01  -5.23643E-01
  0.00000E+00   4.53309E+01  -9.16299E-01
  0.00000E+00   4.34966E+01  -1.13033E+00
  0.00000E+00   4.30349E+01  -1.25642E+00
  0.00000E+00   4.39269E+01  -1.22356E+00
  0.00000E+00   4.51959E+01  -1.21270E+00
  0.00000E+00   4.62130E+01  -1.37549E+00
  0.00000E+00   4.72710E+01  -1.54760E+00
  0.00000E+00   4.88202E+01  -1.63865E+00
  0.00000E+00   5.05127E+01  -1.54630E+00
  0.00000E+00   5.17664E+01  -1.38369E+00
  0.00000E+00   5.29554E+01  -1.20129E+00
  0.00000E+00   5.42220E+01  -1.16198E+00
  0.00000E+00   5.52747E+01  -1.22482E+00
  0.00000E+00   5.59941E+01  -1.22718E+00
  0.00000E+00   5.61517E+01  -1.22901E+00
  0.00000E+00   5.61563E+01  -1.22792E+00
  0.00000E+00   5.66328E+01  -1.02645E+00
  0.00000E+00   5.75076E+01  -7.53252E-01
  0.00000E+00   5.82401E+01  -4.83362E-01
  0.00000E+00   5.83062E+01  -3.46618E-01
  0.00000E+00   5.79574E+01  -3.64156E-01
  0.00000E+00   5.78598E+01  -4.30310E-01
  0.00000E+00   5.82805E+01  -5.17775E-01
  0.00000E+00   5.89933E+01  -5.65481E-01
  0.00000E+00   5.93998E+01  -5.05103E-01
  0.00000E+00   5.90018E+01  -3.51685E-01
  0.00000E+00   5.78505E+01  -3.26250E-01
  0.00000E+00   5.65775E+01  -3.95633E-01
  0.00000E+00   5.54444E+01  -5.22912E-01
  0.00000E+00   5.46250E+01  -6.17345E-01
  0.00000E+00   5.43206E+01  -5.98933E-01
  0.00000E+00   5.44300E+01  -4.61828E-01
  0.00000E+00   5.44350E+01  -1.71677E-01
  0.00000E+00   5.43339E+01   1.68494E-01
  0.00000E+00   5.41923E+01   4.77482E-01
  0.00000E+00   5.41519E+01   6.75602E-01
  0.00000E+00   5.39368E+01   8.53468E-01
  0.00000E+00   5.37496E+01   1.06142E+00
  0.00000E+00   5.38449E+01   1.22235E+00
  0.00000E+00   5.39818E+01   1.37614E+00
  0.00000E+00   5.38612E+01   1.51489E+00
  0.00000E+00   5.33264E+01   1.57096E+00
  0.00000E+00   5.27188E+01   1.59342E+00
  0.00000E+00   5.21689E+01   1.49214E+00
  0.00000E+00   5.11401E+01   1.36003E+00
  0.00000E+00   4.98200E+01   1.29159E+00
  0.00000E+00   4.82993E+01   1.27477E+00
  0.00000E+00   4.69250E+01   1.27807E+00
  0.00000E+00   4.61808E+01   1.18347E+00
  0.00000E+00   4.58621E+01   1.19480E+00
  0.00000E+00   4.58921E+01   1.20438E+00
  0.00000E+00   4.67426E+01   1.13132E+00
  0.00000E+00   4.79108E+01   1.03921E+00
  0.00000E+00   4.89547E+01   1.03843E+00
  0.00000E+00   4.97474E+01   1.04121E+00
  0.00000E+00   4.99128E+01   9.66540E-01
  0.00000E+00   4.96220E+01   7.90158E-01
  0.00000E+00   4.93004E+01   6.48631E-01
  0.00000E+00   4.93695E+01   5.99141E-01
  0.00000E+00   5.01819E+01   6.57013E-01
  0.00000E+00   5.15583E+01   7.72672E-01
  0.00000E+00   5.31455E+01   8.36057E-01
  0.00000E+00   5.44931E+01   8.47900E-01
  0.00000E+00   5.52595E+01   8.33281E-01
  0.00000E+00   5.55743E+01   8.29937E-01
  0.00000E+00   5.56863E+01   8.84571E-01
  0.00000E+00   5.57893E+01   8.72985E-01
  0.00000E+00   5.57895E+01   8.12811E-01
  0.00000E+00   5.54368E+01   7.03510E-01
  0.00000E+00   5.46189E+01   5.05489E-01
  0.00000E+00   5.37141E+01   3.37218E-01
  0.00000E+00   5.31886E+01   2.67459E-01
  0.00000E+00   5.30054E+01   2.51148E-01
  0.00000E+00   5.26105E+01   2.75577E-01
  0.00000E+00   5.17446E+01   3.38139E-01
  0.00000E+00   5.12326E+01   4.77797E-01
  0.00000E+00   5.13427E+01   5.79951E-01
  0.00000E+00   5.21162E+01   5.37158E-01
  0.00000E+00   5.33138E+01   4.61437E-01
  0.00000E+00   5.46250E+01   3.71200E-01
  0.00000E+00   5.58775E+01   2.39530E-01
  0.00000E+00   5.67095E+01   1.01850E-01
  0.00000E+00   5.65640E+01   9.79316E-03
  0.00000E+00   5.59605E+01  -9.69380E-02
  0.00000E+00   5.53708E+01  -1.02083E-01
  0.00000E+00   5.50339E+01  -6.37659E-02
  0.00000E+00   5.51606E+01   6.08461E-02
  0.00000E+00   5.50571E+01   3.04222E-01
  0.00000E+00   5.42500E+01   5.02492E-01
  0.00000E+00   5.29269E+01   5.11827E-01
  0.00000E+00   5.12246E+01   3.95542E-01
  0.00000E+00   4.91154E+01   2.94651E-01
  0.00000E+00   4.73288E+01   2.51978E-01
  0.00000E+00   4.61582E+01   1.88276E-01
  0.00000E+00   4.56721E+01   9.96298E-02
  0.00000E+00   4.58560E+01   9.62298E-02
  0.00000E+00   4.62953E+01   2.24336E-01
  0.00000E+00   4.68899E+01   4.07330E-01
  0.00000E+00   4.77673E+01   4.94613E-01
  0.00000E+00   4.87479E+01   4.87849E-01
  0.00000E+00   4.96289E+01   3.08015E-01
  0.00000E+00   5.01303E+01   5.78551E-02
  0.00000E+00   4.99819E+01  -2.38351E-01
  0.00000E+00   4.95527E+01  -4.30609E-01
  0.00000E+00   4.94580E+01  -4.82116E-01
  0.00000E+00   4.99933E+01  -4.64898E-01
  0.00000E+00   5.10932E+01  -4.17534E-01
  0.00000E+00   5.24395E+01  -2.21367E-01
  0.00000E+00   5.37805E+01  -5.28647E-02
  0.00000E+00   5.48527E+01   5.71219E-04
  0.00000E+00   5.54622E+01   4.15976E-02
  0.00000E+00   5.56889E+01   5.02235E-02
  0.00000E+00   5.58798E+01  -2.15671E-02
  0.00000E+00   5.62680E+01  -1.42282E-01
  0.00000E+00   5.65552E+01  -2.68615E-01
  0.00000E+00   5.67632E+01  -4.06295E-01
  0.00000E+00   5.70472E+01  -5.93267E-01
  0.00000E+00   5.75589E+01  -7.14474E-01
  0.00000E+00   5.83441E+01  -7.78991E-01
  0.00000E+00   5.90682E+01  -8.07477E-01
  0.00000E+00   5.94513E+01  -8.23048E-01
  0.00000E+00   5.98311E+01  -7.99542E-01
  0.00000E+00   6.03402E+01  -8.28949E-01
  0.00000E+00   6.08025E+01  -8.42548E-01
  0.00000E+00   6.11483E+01  -8.11516E-01
  0.00000E+00   6.16457E+01  -8.36948E-01
  0.00000E+00   6.27805E+01  -9.48919E-01
  0.00000E+00   6.44683E+01  -8.35124E-01
  0.00000E+00   6.60458E+01  -6.73027E-01
  0.00000E+00   6.68051E+01  -5.61690E-01
  0.00000E+00   6.68415E+01  -2.73890E-01
  0.00000E+00   6.69623E+01   1.38058E-02
  0.00000E+00   6.81766E+01   1.45393E-01
  0.00000E+00   7.06040E+01   2.05753E-01
  0.00000E+00   7.34605E+01   9.94384E-02
  0.00000E+00   7.61433E+01  -2.00889E-01
  0.00000E+00   7.82029E+01  -6.49783E-01
  0.00000E+00   7.96514E+01  -1.02176E+00
  0.00000E+00   8.08646E+01  -1.30175E+00
  0.00000E+00   8.16699E+01  -1.64116E+00
  0.00000E+00   8.22138E+01  -2.04160E+00
  0.00000E+00   8.22164E+01  -2.27505E+00
  0.00000E+00   8.12855E+01  -2.34015E+00
  0.00000E+00   7.96997E+01  -2.21429E+00
  0.00000E+00   7.79396E+01  -1.99704E+00
  0.00000E+00   7.70345E+01  -1.77464E+00
  0.00000E+00   7.69253E+01  -1.51285E+00
  0.00000E+00   7.69419E+01  -1.41100E+00
  0.00000E+00   7.66436E+01  -1.39027E+00
  0.00000E+00   7.60809E+01  -1.27568E+00
  0.00000E+00   7.59950E+01  -1.05665E+00
  0.00000E+00   7.67053E+01  -8.89104E-01
  0.00000E+00   7.77533E+01  -7.10590E-01
  0.00000E+00   7.88794E+01  -4.09821E-01
  0.00000E+00   8.00287E+01  -5.47411E-02
  0.00000E+00   8.10902E+01   3.26717E-01
  0.00000E+00   8.15893E+01   6.25296E-01
  0.00000E+00   8.14249E+01   6.97081E-01
  0.00000E+00   8.11576E+01   4.48867E-01
  0.00000E+00   8.09305E+01   3.34986E-02
  0.00000E+00   8.09959E+01  -2.97508E-01
  0.00000E+00   8.11905E+01  -4.27399E-01
  0.00000E+00   8.11948E+01  -3.98798E-01
  0.00000E+00   8.14951E+01  -4.19784E-01
  0.00000E+00   8.26662E+01  -3.12646E-01
  0.00000E+00   8.46190E+01  -3.57149E-01
  0.00000E+00   8.69394E+01  -3.92824E-01
  0.00000E+00   8.93973E+01  -5.28092E-01
  0.00000E+00   9.09934E+01  -6.86532E-01
  0.00000E+00   9.19789E+01  -7.46167E-01
  0.00000E+00   9.20038E+01  -7.11576E-01
  0.00000E+00   9.13953E+01  -7.59711E-01
  0.00000E+00   9.05616E+01  -7.65728E-01
  0.00000E+00   8.91255E+01  -8.36846E-01
  0.00000E+00   8.70085E+01  -8.46561E-01
  0.00000E+00   8.47072E+01  -8.02837E-01
  0.00000E+00   8.24574E+01  -8.82752E-01
  0.00000E+00   8.03904E+01  -1.04433E+00
  0.00000E+00   7.88908E+01  -1.06531E+00
  0.00000E+00   7.76112E+01  -7.65732E-01
  0.00000E+00   7.65606E+01  -1.98478E-01
  0.00000E+00   7.58730E+01   3.63451E-01
  0.00000E+00   7.56150E+01   6.84183E-01
  0.00000E+00   7.55375E+01   7.75801E-01
  0.00000E+00   7.51774E+01   6.73274E-01
  0.00000E+00   7.52019E+01   4.02649E-01
  0.00000E+00   7.57497E+01   1.70379E-01
  0.00000E+00   7.61135E+01  -5.38774E-03
  0.00000E+00   7.65170E+01  -2.49126E-01
  0.00000E+00   7.66275E+01  -5.50012E-01
  0.00000E+00   7.59332E+01  -7.09144E-01
  0.00000E+00   7.53044E+01  -7.58781E-01
  0.00000E+00   7.46938E+01  -7.91395E-01
  0.00000E+00   7.50278E+01  -8.19081E-01
  0.00000E+00   7.66889E+01  -9.38299E-01
  0.00000E+00   7.88082E+01  -1.01699E+00
  0.00000E+00   7.99326E+01  -1.11066E+00
  0.00000E+00   7.99639E+01  -1.09758E+00
  0.00000E+00   7.91182E+01  -1.02909E+00
  0.00000E+00   7.84373E+01  -8.12255E-01
  0.00000E+00   7.88624E+01  -5.41455E-01
  0.00000E+00   7.99262E+01  -3.56177E-01
  0.00000E+00   8.08940E+01  -1.99169E-01
  0.00000E+00   8.14806E+01  -7.97234E-02
  0.00000E+00   8.14006E+01  -4.21885E-02
  0.00000E+00   8.08814E+01   1.81330E-01
  0.00000E+00   7.98325E+01   5.91163E-01
  0.00000E+00   7.87247E+01   1.06635E+00
  0.00000E+00   7.84235E+01   1.42601E+00
  0.00000E+00   7.94915E+01   1.49423E+00
  0.00000E+00   8.15244E+01   1.29076E+00
  0.00000E+00   8.34414E+01   1.00933E+00
  0.00000E+00   8.43706E+01   8.02056E-01
  0.00000E+00   8.42982E+01   5.35731E-01
  0.00000E+00   8.36726E+01   2.42446E-01
  0.00000E+00   8.26507E+01   1.45547E-01
  0.00000E+00   8.13396E+01   2.24291E-01
  0.00000E+00   8.02597E+01   3.44192E-01
  0.00000E+00   7.96736E+01   2.07556E-01
  0.00000E+00   7.91074E+01   8.16220E-02
  0.00000E+00   7.82035E+01   9.62955E-02
  0.00000E+00   7.71055E+01   9.02630E-02
  0.00000E+00   7.67366E+01   4.01966E-02
  0.00000E+00   7.71852E+01   4.99572E-02
  0.00000E+00   7.79568E+01  -1.55375E-01
  0.00000E+00   7.83049E+01  -5.21830E-01
  0.00000E+00   7.83503E+01  -8.24451E-01
  0.00000E+00   7.83704E+01  -7.83280E-01
  0.00000E+00   7.92747E+01  -7.23712E-01
  0.00000E+00   8.10595E+01  -7.39459E-01
  0.00000E+00   8.32210E+01  -8.30335E-01
  0.00000E+00   8.50669E+01  -9.40819E-01
  0.00000E+00   8.57354E+01  -1.04906E+00
  0.00000E+00   8.44035E+01  -1.08243E+00
  0.00000E+00   8.24462E+01  -1.26833E+00
  0.00000E+00   8.11238E+01  -1.54144E+00
  0.00000E+00   8.11431E+01  -1.75380E+00
  0.00000E+00   8.29328E+01  -1.97794E+00
  0.00000E+00   8.57304E+01  -2.14622E+00
  0.00000E+00   8.82938E+01  -2.20442E+00
  0.00000E+00   8.93112E+01  -2.14933E+00
  0.00000E+00   8.95642E+01  -2.19666E+00
  0.00000E+00   8.94803E+01  -2.22803E+00
  0.00000E+00   8.91086E+01  -2.37286E+00
  0.00000E+00   8.94074E+01  -2.46026E+00
  0.00000E+00   9.07437E+01  -2.48232E+00
  0.00000E+00   9.32981E+01  -2.30229E+00
  0.00000E+00   9.60994E+01  -1.98867E+00
  0.00000E+00   9.83339E+01  -1.93325E+00
  0.00000E+00   9.97129E+01  -1.77075E+00
  0.00000E+00   1.00505E+02  -1.58531E+00
  0.00000E+00   1.00615E+02  -1.48804E+00
  0.00000E+00   1.00242E+02  -1.50044E+00
  0.00000E+00   1.00111E+02  -1.42928E+00
  0.00000E+00   1.00304E+02  -1.35726E+00
  0.00000E+00   1.01504E+02  -1.23555E+00
  0.00000E+00   1.03954E+02  -1.28800E+00
  0.00000E+00   1.06191E+02  -1.46080E+00
  0.00000E+00   1.06120E+02  -1.60314E+00
  0.00000E+00   1.03550E+02  -1.84453E+00
  0.00000E+00   9.95215E+01  -1.82533E+00
  0.00000E+00   9.52532E+01  -1.28161E+00
  0.00000E+00   9.25473E+01  -6.52493E-01
  0.00000E+00   9.22501E+01  -1.35325E-01
  0.00000E+00   9.35408E+01   2.99320E-01
  0.00000E+00   9.53550E+01   6.93559E-01
  0.00000E+00   9.61685E+01   1.02285E+00
  0.00000E+00   9.37492E+01   1.19982E+00
  0.00000E+00   8.82609E+01   1.77996E+00
  0.00000E+00   8.18575E+01   2.33154E+00
  0.00000E+00   7.62526E+01   2.85777E+00
  0.00000E+00   7.21692E+01   3.00511E+00
  0.00000E+00   7.07203E+01   2.78615E+00
  0.00000E+00   7.15862E+01   2.39804E+00
  0.00000E+00   7.32184E+01   2.14912E+00
  0.00000E+00   7.49915E+01   2.04554E+00
  0.00000E+00   7.71024E+01   2.00822E+00
  0.00000E+00   7.84009E+01   2.17455E+00
  0.00000E+00   7.91634E+01   2.38858E+00
  0.00000E+00   7.95061E+01   2.58044E+00
  0.00000E+00   7.95840E+01   2.74358E+00
  0.00000E+00   8.01368E+01   2.73873E+00
  0.00000E+00   8.10325E+01   2.58188E+00
  0.00000E+00   8.09423E+01   2.38607E+00
  0.00000E+00   7.90698E+01   2.36998E+00
  0.00000E+00   7.61308E+01   2.18586E+00
  0.00000E+00   7.37054E+01   2.08663E+00
  0.00000E+00   7.21632E+01   1.93836E+00
  0.00000E+00   7.19817E+01   1.93583E+00
  0.00000E+00   7.30968E+01   1.89119E+00
  0.00000E+00   7.42339E+01   1.79600E+00
  0.00000E+00   7.54009E+01   1.68139E+00
  0.00000E+00   7.70422E+01   1.52064E+00
  0.00000E+00   7.92673E+01   1.20900E+00
  0.00000E+00   8.11527E+01   9.16722E-01
  0.00000E+00   8.22641E+01   6.97229E-01
  0.00000E+00   8.30174E+01   5.67444E-01
  0.00000E+00   8.41980E+01   3.80151E-01
  0.00000E+00   8.54793E+01   1.52308E-01
  0.00000E+00   8.63327E+01   4.47962E-02
  0.00000E+00   8.71944E+01  -1.00614E-01
  0.00000E+00   8.80396E+01  -3.02433E-01
  0.00000E+00   8.86388E+01  -4.35385E-01
  0.00000E+00   8.93162E+01  -6.64370E-01
  0.00000E+00   9.00336E+01  -8.82015E-01
  0.00000E+00   9.07591E+01  -1.06861E+00
  0.00000E+00   9.15197E+01  -1.29160E+00
  0.00000E+00   9.23295E+01  -1.35333E+00
  0.00000E+00   9.35979E+01  -1.51684E+00
  0.00000E+00   9.47447E+01  -1.73728E+00
  0.00000E+00   9.54380E+01  -1.90257E+00
  0.00000E+00   9.54485E+01  -1.70965E+00
  0.00000E+00   9.44084E+01  -1.55422E+00
  0.00000E+00   9.28826E+01  -1.40401E+00
  0.00000E+00   9.18890E+01  -1.37979E+00
  0.00000E+00   9.18117E+01  -1.54283E+00
  0.00000E+00   9.26895E+01  -1.55741E+00
  0.00000E+00   9.36907E+01  -1.59126E+00
  0.00000E+00   9.36363E+01  -1.68794E+00
  0.00000E+00   9.21240E+01  -1.60123E+00
  0.00000E+00   8.95924E+01  -1.20327E+00
  0.00000E+00   8.72306E+01  -9.42354E-01
  0.00000E+00   8.50894E+01  -6.17314E-01
  0.00000E+00   8.37963E+01  -1.48677E-01
  0.00000E+00   8.28570E+01   2.02743E-01
  0.00000E+00   8.30774E+01   6.64835E-01
  0.00000E+00   8.40381E+01   1.04050E+00
  0.00000E+00   8.46553E+01   1.49304E+00
  0.00000E+00   8.43928E+01   1.67527E+00
  0.00000E+00   8.25492E+01   1.69574E+00
  0.00000E+00   7.87632E+01   1.63226E+00
  0.00000E+00   7.38444E+01   1.45652E+00
  0.00000E+00   6.91518E+01   1.09801E+00
  0.00000E+00   6.50805E+01   8.04162E-01
  0.00000E+00   6.19346E+01   6.47200E-01
  0.00000E+00   5.99958E+01   5.50462E-01
  0.00000E+00   5.87929E+01   4.90259E-01
  0.00000E+00   5.79107E+01   1.51917E-01
  0.00000E+00   5.75615E+01  -1.38518E-01
  0.00000E+00   5.75511E+01  -7.56584E-02
  0.00000E+00   5.86454E+01   1.45434E-02
  0.00000E+00   6.10741E+01  -4.95991E-02
  0.00000E+00   6.37266E+01  -6.82595E-02
  0.00000E+00   6.58531E+01  -1.71397E-01
  0.00000E+00   6.76515E+01  -1.91256E-01
  0.00000E+00   6.96914E+01   8.19327E-03
  0.00000E+00   7.18678E+01   2.30271E-01
  0.00000E+00   7.39202E+01   3.62855E-01
  0.00000E+00   7.58423E+01   3.41735E-01
  0.00000E+00   7.71350E+01   1.44239E-01
  0.00000E+00   7.81164E+01   5.25033E-03
  0.00000E+00   7.95072E+01  -1.30729E-01
  0.00000E+00   8.14670E+01  -2.77194E-01
  0.00000E+00   8.42264E+01  -4.96040E-01
  0.00000E+00   8.76474E+01  -8.13902E-01
  0.00000E+00   9.06041E+01  -1.04832E+00
  0.00000E+00   9.26430E+01  -1.24718E+00
  0.00000E+00   9.41878E+01  -1.34039E+00
  0.00000E+00   9.53066E+01  -1.45103E+00
  0.00000E+00   9.57068E+01  -1.56442E+00
  0.00000E+00   9.53091E+01  -1.58156E+00
  0.00000E+00   9.50445E+01  -1.46862E+00
  0.00000E+00   9.57162E+01  -1.15201E+00
  0.00000E+00   9.72708E+01  -7.74237E-01
  0.00000E+00   9.97805E+01  -5.28146E-01
  0.00000E+00   1.02986E+02  -6.20188E-01
  0.00000E+00   1.06676E+02  -7.35800E-01
  0.00000E+00   1.10120E+02  -5.92643E-01
  0.00000E+00   1.12199E+02  -2.44704E-01
  0.00000E+00   1.11938E+02   1.38305E-01
  0.00000E+00   1.09955E+02   3.46269E-01
  0.00000E+00   1.07777E+02   3.24961E-01
  0.00000E+00   1.07150E+02   5.35275E-01
  0.00000E+00   1.07563E+02   7.40147E-01
  0.00000E+00   1.08119E+02   9.87724E-01
  0.00000E+00   1.06927E+02   1.30939E+00
  0.00000E+00   1.03786E+02   1.48359E+00
  0.00000E+00   1.00413E+02   1.67692E+00
  0.00000E+00   9.79634E+01   1.94771E+00
  0.00000E+00   9.59705E+01   2.31728E+00
  0.00000E+00   9.34139E+01   2.65187E+00
  0.00000E+00   9.06957E+01   2.95410E+00
  0.00000E+00   8.94123E+01   3.05891E+00
  0.00000E+00   8.90420E+01   2.92123E+00
  0.00000E+00   8.88160E+01   2.49669E+00
  0.00000E+00   8.91899E+01   2.22941E+00
  0.00000E+00   8.98251E+01   2.12958E+00
  0.00000E+00   8.97189E+01   2.10286E+00
  0.00000E+00   8.88592E+01   2.01899E+00
  0.00000E+00   8.80092E+01   1.86188E+00
  0.00000E+00   8.72628E+01   1.42995E+00
  0.00000E+00   8.71071E+01   1.02202E+00
  0.00000E+00   8.69071E+01   6.13612E-01
  0.00000E+00   8.45282E+01   4.41267E-01
  0.00000E+00   8.02943E+01   2.21707E-01
  0.00000E+00   7.60779E+01  -3.11147E-02
  0.00000E+00   7.37935E+01  -4.49834E-01
  0.00000E+00   7.20622E+01  -7.40411E-01
  0.00000E+00   6.99571E+01  -9.84825E-01
  0.00000E+00   6.79800E+01  -1.34521E+00
  0.00000E+00   6.67132E+01  -1.72409E+00
  0.00000E+00   6.65204E+01  -1.95881E+00
  0.00000E+00   6.66948E+01  -2.24403E+00
  0.00000E+00   6.73969E+01  -2.59270E+00
  0.00000E+00   6.85359E+01  -2.80266E+00
  0.00000E+00   7.06018E+01  -2.73917E+00
  0.00000E+00   7.32021E+01  -2.48681E+00
  0.00000E+00   7.45776E+01  -2.06613E+00
  0.00000E+00   7.40201E+01  -1.55102E+00
  0.00000E+00   7.16474E+01  -1.33517E+00
  0.00000E+00   6.93870E+01  -1.19530E+00
  0.00000E+00   6.75764E+01  -1.03857E+00
  0.00000E+00   6.63821E+01  -9.38484E-01
  0.00000E+00   6.56573E+01  -9.21097E-01
  0.00000E+00   6.50788E+01  -8.14394E-01
  0.00000E+00   6.49136E+01  -7.76223E-01
  0.00000E+00   6.51380E+01  -6.07334E-01
  0.00000E+00   6.59167E+01  -4.47348E-01
  0.00000E+00   6.76931E+01  -1.34538E-01
  0.00000E+00   6.99057E+01   1.36077E-01
  0.00000E+00   7.18029E+01   1.81149E-01
  0.00000E+00   7.29227E+01   4.91546E-02
  0.00000E+00   7.30061E+01   3.04051E-02
  0.00000E+00   7.21005E+01   1.23978E-01
  0.00000E+00   7.03640E+01   1.38515E-01
  0.00000E+00   6.91586E+01   1.30848E-01
  0.00000E+00   7.00107E+01  -2.57096E-03
  0.00000E+00   7.25278E+01  -1.69197E-01
  0.00000E+00   7.50393E+01  -4.27293E-01
  0.00000E+00   7.68952E+01  -5.94297E-01
  0.00000E+00   7.82280E+01  -6.02628E-01
  0.00000E+00   7.88319E+01  -6.75778E-01
  0.00000E+00   7.91768E+01  -7.90812E-01
  0.00000E+00   7.96984E+01  -7.61464E-01
  0.00000E+00   8.07436E+01  -7.73179E-01
  0.00000E+00   8.15996E+01  -8.41485E-01
  0.00000E+00   8.23754E+01  -8.23897E-01
  0.00000E+00   8.26473E+01  -6.81415E-01
  0.00000E+00   8.23612E+01  -6.25153E-01
  0.00000E+00   8.15259E+01  -6.72961E-01
  0.00000E+00   8.04140E+01  -6.87745E-01
  0.00000E+00   8.03533E+01  -6.24489E-01
  0.00000E+00   8.21341E+01  -6.82944E-01
  0.00000E+00   8.53765E+01  -7.98627E-01
  0.00000E+00   8.89185E+01  -9.50010E-01
  0.00000E+00   9.19404E+01  -9.17107E-01
  0.00000E+00   9.47484E+01  -8.42424E-01
  0.00000E+00   9.73985E+01  -8.10160E-01
  0.00000E+00   9.97085E+01  -7.60538E-01
  0.00000E+00   1.01757E+02  -5.08083E-01
  0.00000E+00   1.03522E+02   6.38358E-02
  0.00000E+00   1.04874E+02   6.37313E-01
  0.00000E+00   1.05581E+02   1.16335E+00
  0.00000E+00   1.05282E+02   1.63704E+00
  0.00000E+00   1.03347E+02   1.76753E+00
  0.00000E+00   1.00352E+02   1.29166E+00
  0.00000E+00   9.75550E+01   7.70543E-01
  0.00000E+00   9.57955E+01   3.38562E-01
  0.00000E+00   9.55568E+01   1.80589E-01
  0.00000E+00   9.65499E+01   1.35270E-02
  0.00000E+00   9.84757E+01  -2.69784E-01
  0.00000E+00   1.00101E+02  -4.85604E-01
  0.00000E+00   1.00627E+02  -5.99357E-01
  0.00000E+00   1.00480E+02  -5.79205E-01
  0.00000E+00   9.94030E+01  -5.31083E-01
  0.00000E+00   9.73678E+01  -6.32273E-01
  0.00000E+00   9.52430E+01  -7.88404E-01
  0.00000E+00   9.37290E+01  -8.07259E-01
  0.00000E+00   9.23807E+01  -7.71252E-01
  0.00000E+00   9.03438E+01  -5.58655E-01
  0.00000E+00   8.74814E+01  -3.31301E-01
  0.00000E+00   8.39893E+01  -1.74366E-01
  0.00000E+00   8.07629E+01   2.08583E-02
  0.00000E+00   7.81518E+01   1.23364E-01
  0.00000E+00   7.62470E+01   9.93450E-02
  0.00000E+00   7.56618E+01   1.16243E-01
  0.00000E+00   7.61869E+01   3.94287E-02
  0.00000E+00   7.75151E+01  -1.09798E-01
  0.00000E+00   7.87203E+01  -2.46680E-01
  0.00000E+00   7.92617E+01  -2.57890E-01
  0.00000E+00   7.96792E+01  -2.09463E-01
  0.00000E+00   8.07898E+01   3.18261E-02
  0.00000E+00   8.31619E+01   3.46968E-01
  0.00000E+00   8.64892E+01   5.69046E-01
  0.00000E+00   8.95601E+01   7.91472E-01
  0.00000E+00   9.07744E+01   8.74792E-01
  0.00000E+00   8.89465E+01   9.46974E-01
  0.00000E+00   8.51079E+01   1.21166E+00
  0.00000E+00   8.06118E+01   1.54843E+00
  0.00000E+00   7.64569E+01   1.58045E+00
  0.00000E+00   7.43226E+01   1.54122E+00
  0.00000E+00   7.49872E+01   1.47386E+00
  0.00000E+00   7.73177E+01   1.26108E+00
  0.00000E+00   7.98324E+01   1.10099E+00
  0.00000E+00   8.15484E+01   1.07379E+00
  0.00000E+00   8.25795E+01   1.08631E+00
  0.00000E+00   8.30484E+01   1.08518E+00
  0.00000E+00   8.31857E+01   1.11844E+00
  0.00000E+00   8.37653E+01   1.16865E+00
  0.00000E+00   8.41850E+01   1.16439E+00
  0.00000E+00   8.39542E+01   1.20763E+00
  0.00000E+00   8.32218E+01   1.19391E+00
  0.00000E+00   8.21766E+01   1.12989E+00
  0.00000E+00   8.10315E+01   9.03784E-01
  0.00000E+00   8.04884E+01   5.67532E-01
  0.00000E+00   8.02304E+01   3.48172E-01
  0.00000E+00   8.00586E+01   1.54561E-01
  0.00000E+00   8.04036E+01   1.32358E-01
  0.00000E+00   8.09829E+01   1.33602E-01
  0.00000E+00   8.18314E+01   2.36060E-01
  0.00000E+00   8.34545E+01   2.09257E-01
  0.00000E+00   8.56573E+01   2.84277E-01
  0.00000E+00   8.75577E+01   4.17255E-01
  0.00000E+00   8.81995E+01   4.05211E-01
  0.00000E+00   8.74261E+01   2.92703E-01
  0.00000E+00   8.61651E+01   3.37821E-01
  0.00000E+00   8.42470E+01   5.48137E-01
  0.00000E+00   8.31660E+01   4.66847E-01
  0.00000E+00   8.32450E+01   2.92433E-01
  0.00000E+00   8.43125E+01   1.20109E-01
  0.00000E+00   8.62172E+01  -9.21097E-02
  0.00000E+00   8.76510E+01  -2.35203E-01
  0.00000E+00   8.73898E+01  -3.99035E-01
  0.00000E+00   8.70490E+01  -5.50036E-01
  0.00000E+00   8.74027E+01  -6.97127E-01
  0.00000E+00   8.83484E+01  -6.78594E-01
  0.00000E+00   8.96574E+01  -5.78117E-01
  0.00000E+00   9.06879E+01  -5.13289E-01
  0.00000E+00   9.15297E+01  -4.91306E-01
  0.00000E+00   9.25111E+01  -2.90871E-01
  0.00000E+00   9.35852E+01  -2.01178E-01
  0.00000E+00   9.41125E+01  -7.77887E-03
  0.00000E+00   9.39586E+01   4.16401E-01
  0.00000E+00   9.35957E+01   7.96036E-01
  0.00000E+00   9.38120E+01   8.91055E-01
  0.00000E+00   9.44288E+01   6.39162E-01
  0.00000E+00   9.51994E+01   1.86521E-01
  0.00000E+00   9.53642E+01  -3.00690E-01
  0.00000E+00   9.44796E+01  -7.46388E-01
  0.00000E+00   9.22473E+01  -7.58630E-01
  0.00000E+00   8.91129E+01  -6.75676E-01
  0.00000E+00   8.58204E+01  -3.76336E-01
  0.00000E+00   8.38951E+01  -1.28204E-01
  0.00000E+00   8.39134E+01   2.56966E-01
  0.00000E+00   8.52947E+01   5.04455E-01
  0.00000E+00   8.71866E+01   5.95453E-01
  0.00000E+00   8.89330E+01   6.93899E-01
  0.00000E+00   9.00382E+01   4.11176E-01
  0.00000E+00   9.02753E+01   1.37043E-01
  0.00000E+00   8.93110E+01  -1.28127E-01
  0.00000E+00   8.81267E+01  -1.72762E-01
  0.00000E+00   8.75549E+01   2.81119E-02
  0.00000E+00   8.81274E+01   2.06132E-01
  0.00000E+00   8.93851E+01   9.18988E-02
  0.00000E+00   9.04542E+01  -1.88966E-01
  0.00000E+00   9.04614E+01  -4.98265E-01
  0.00000E+00   8.98917E+01  -6.22447E-01
  0.00000E+00   8.88970E+01  -5.47422E-01
  0.00000E+00   8.74654E+01  -5.98008E-01
  0.00000E+00   8.58184E+01  -6.91280E-01
  0.00000E+00   8.45573E+01  -5.40992E-01
  0.00000E+00   8.36828E+01  -3.63344E-01
  0.00000E+00   8.39385E+01  -1.79493E-01
  0.00000E+00   8.51490E+01  -6.93981E-02
  0.00000E+00   8.74134E+01   3.39571E-02
  0.00000E+00   8.97557E+01   1.57724E-01
  0.00000E+00   9.15410E+01   1.78952E-01
  0.00000E+00   9.32244E+01  -5.24928E-02
  0.00000E+00   9.44226E+01  -2.06091E-01
  0.00000E+00   9.51681E+01  -4.10550E-01
  0.00000E+00   9.60544E+01  -4.30338E-01
  0.00000E+00   9.79052E+01  -2.97461E-01
  0.00000E+00   1.00276E+02  -1.74476E-01
  0.00000E+00   1.02470E+02  -2.22908E-01
  0.00000E+00   1.03774E+02  -4.42552E-01
  0.00000E+00   1.04974E+02  -6.33465E-01
  0.00000E+00   1.06057E+02  -4.86486E-01
  0.00000E+00   1.06880E+02  -2.63698E-01
  0.00000E+00   1.07476E+02   8.96219E-02
  0.00000E+00   1.08048E+02   4.14635E-01
  0.00000E+00   1.09182E+02   7.22218E-01
  0.00000E+00   1.10269E+02   8.71889E-01
  0.00000E+00   1.10910E+02   7.59447E-01
  0.00000E+00   1.11492E+02   6.13607E-01
  0.00000E+00   1.12328E+02   4.77987E-01
  0.00000E+00   1.13491E+02   1.43444E-01
  0.00000E+00   1.14608E+02  -3.34862E-01
  0.00000E+00   1.15411E+02  -7.53367E-01
  0.00000E+00   1.15951E+02  -1.23577E+00
  0.00000E+00   1.16788E+02  -1.60496E+00
  0.00000E+00   1.19741E+02  -1.93120E+00
  0.00000E+00   1.24461E+02  -2.05523E+00
  0.00000E+00   1.28740E+02  -2.05452E+00
  0.00000E+00   1.30730E+02  -2.07914E+00
  0.00000E+00   1.30436E+02  -1.98605E+00
  0.00000E+00   1.29650E+02  -1.75427E+00
  0.00000E+00   1.28611E+02  -1.36964E+00
  0.00000E+00   1.27631E+02  -9.47700E-01
  0.00000E+00   1.26319E+02  -2.74009E-01
  0.00000E+00   1.24655E+02   2.63624E-01
  0.00000E+00   1.22635E+02   8.06694E-01
  0.00000E+00   1.20217E+02   1.31512E+00
  0.00000E+00   1.16661E+02   1.82879E+00
  0.00000E+00   1.12609E+02   2.30559E+00
  0.00000E+00   1.09266E+02   2.50694E+00
  0.00000E+00   1.07047E+02   2.60923E+00
  0.00000E+00   1.05014E+02   2.73157E+00
  0.00000E+00   1.03170E+02   2.69490E+00
  0.00000E+00   1.00820E+02   2.83109E+00
  0.00000E+00   9.72668E+01   2.75304E+00
  0.00000E+00   9.32020E+01   2.49004E+00
  0.00000E+00   9.05864E+01   2.31696E+00
  0.00000E+00   9.01984E+01   2.14796E+00
  0.00000E+00   9.06564E+01   2.09515E+00
  0.00000E+00   9.08946E+01   2.02406E+00
  0.00000E+00   8.96426E+01   2.07222E+00
  0.00000E+00   8.76668E+01   1.87697E+00
  0.00000E+00   8.62519E+01   1.36024E+00
  0.00000E+00   8.52434E+01   7.94198E-01
  0.00000E+00   8.48149E+01   3.37018E-01
  0.00000E+00   8.46750E+01  -7.67980E-02
  0.00000E+00   8.44530E+01  -5.60499E-01
  0.00000E+00   8.41607E+01  -9.59085E-01
  0.00000E+00   8.42458E+01  -1.13230E+00
  0.00000E+00   8.40161E+01  -1.48587E+00
  0.00000E+00   8.33181E+01  -1.74611E+00
  0.00000E+00   8.25069E+01  -1.87346E+00
  0.00000E+00   8.20395E+01  -2.02093E+00
  0.00000E+00   8.17594E+01  -1.96254E+00
  0.00000E+00   8.10954E+01  -2.10570E+00
  0.00000E+00   8.02117E+01  -2.43119E+00
  0.00000E+00   7.97141E+01  -2.65627E+00
  0.00000E+00   7.91623E+01  -2.62789E+00
  0.00000E+00   7.83215E+01  -2.54956E+00
  0.00000E+00   7.72356E+01  -2.59305E+00
  0.00000E+00   7.59221E+01  -2.58278E+00
  0.00000E+00   7.40862E+01  -2.64379E+00
  0.00000E+00   7.26160E+01  -2.64473E+00
  0.00000E+00   7.21546E+01  -2.57393E+00
  0.00000E+00   7.25037E+01  -2.63687E+00
  0.00000E+00   7.24907E+01  -2.66478E+00
  0.00000E+00   7.16345E+01  -2.65715E+00
  0.00000E+00   7.02329E+01  -2.75094E+00
  0.00000E+00   6.89418E+01  -2.76063E+00
  0.00000E+00   6.86403E+01  -2.53916E+00
  0.00000E+00   6.92025E+01  -2.32384E+00
  0.00000E+00   7.02110E+01  -2.16845E+00
  0.00000E+00   7.08416E+01  -1.82974E+00
  0.00000E+00   7.04773E+01  -1.54364E+00
  0.00000E+00   6.90270E+01  -1.30256E+00
  0.00000E+00   6.69968E+01  -1.00082E+00
  0.00000E+00   6.45240E+01  -6.16588E-01
  0.00000E+00   6.32767E+01  -3.96679E-01
  0.00000E+00   6.42526E+01  -2.63627E-01
  0.00000E+00   6.71767E+01  -1.94124E-01
  0.00000E+00   7.07439E+01  -1.64047E-01
  0.00000E+00   7.40769E+01   1.27179E-01
  0.00000E+00   7.65764E+01   3.81020E-01
  0.00000E+00   7.82107E+01   5.79829E-01
  0.00000E+00   7.84258E+01   6.65340E-01
  0.00000E+00   7.77473E+01   4.02731E-01
  0.00000E+00   7.71396E+01   1.16660E-01
