  0.00000E+00   2.44188E-03   3.54750E-05
  0.00000E+00   1.94784E-03  -1.09052E-06
  0.00000E+00   1.38599E-03  -1.70491E-05
  0.00000E+00   1.31605E-03  -3.86854E-05
  0.00000E+00   1.22054E-03  -2.87332E-05
  0.00000E+00   1.24414E-03  -1.27926E-06
  0.00000E+00   1.35080E-03   1.06467E-06
  0.00000E+00   1.48656E-03  -3.71008E-05
  0.00000E+00   1.62815E-03  -3.05283E-05
  0.00000E+00   1.81738E-03  -1.54929E-05
  0.00000E+00   2.16720E-03   4.71524E-06
  0.00000E+00   2.49984E-03   1.36857E-05
  0.00000E+00   2.86681E-03   6.86918E-06
  0.00000E+00   3.42534E-03   1.70489E-06
  0.00000E+00   4.05488E-03   8.81294E-06
  0.00000E+00   4.77919E-03   1.02687E-05
  0.00000E+00   5.64972E-03   1.77013E-05
  0.00000E+00   6.67553E-03   1.76369E-05
  0.00000E+00   7.92578E-03   2.20701E-05
  0.00000E+00   9.47032E-03   2.87905E-05
  0.00000E+00   1.13329E-02   3.82170E-05
  0.00000E+00   1.35547E-02   4.90264E-05
  0.00000E+00   1.62780E-02   6.05551E-05
  0.00000E+00   1.95649E-02   8.05802E-05
  0.00000E+00   2.35240E-02   1.05799E-04
  0.00000E+00   2.83372E-02   1.44398E-04
  0.00000E+00   3.41872E-02   1.92376E-04
  0.00000E+00   4.13060E-02   2.51039E-04
  0.00000E+00   4.99476E-02   3.19573E-04
  0.00000E+00   6.04833E-02   4.06146E-04
  0.00000E+00   7.33123E-02   5.14946E-04
  0.00000E+00   8.89709E-02   6.53492E-04
  0.00000E+00   1.08050E-01   8.23688E-04
  0.00000E+00   1.31353E-01   1.02579E-03
  0.00000E+00   1.59820E-01   1.27170E-03
  0.00000E+00   1.94599E-01   1.57294E-03
  0.00000E+00   2.37069E-01   1.94076E-03
  0.00000E+00   2.88900E-01   2.38650E-03
  0.00000E+00   3.52116E-01   2.92384E-03
  0.00000E+00   4.29131E-01   3.56994E-03
  0.00000E+00   5.22804E-01   4.34286E-03
  0.00000E+00   6.36511E-01   5.27506E-03
  0.00000E+00   7.74159E-01   6.40606E-03
  0.00000E+00   9.40237E-01   7.79255E-03
  0.00000E+00   1.13985E+00   9.51472E-03
  0.00000E+00   1.37870E+00   1.16841E-02
  0.00000E+00   1.66310E+00   1.44549E-02
  0.00000E+00   1.99994E+00   1.80198E-02
  0.00000E+00   2.39664E+00   2.26008E-02
  0.00000E+00   2.86104E+00   2.84241E-02
  0.00000E+00   3.40118E+00   3.56598E-02
  0.00000E+00   4.02507E+00   4.43389E-02
  0.00000E+00   4.74014E+00   5.42978E-02
  0.00000E+00   5.55281E+00   6.51964E-02
  0.00000E+00   6.46786E+00   7.65853E-02
  0.00000E+00   7.48772E+00   8.79144E-02
  0.00000E+00   8.61176E+00   9.84911E-02
  0.00000E+00   9.83600E+00   1.07522E-01
  0.00000E+00   1.11535E+01   1.14151E-01
  0.00000E+00   1.25546E+01   1.17662E-01
  0.00000E+00   1.40258E+01   1.17898E-01
  0.00000E+00   1.55467E+01   1.15306E-01
  0.00000E+00   1.70867E+01   1.10542E-01
  0.00000E+00   1.86068E+01   1.04361E-01
  0.00000E+00   2.00600E+01   9.61533E-02
  0.00000E+00   2.13903E+01   8.29298E-02
  0.00000E+00   2.25278E+01   6.49062E-02
  0.00000E+00   2.33995E+01   5.73689E-02
  0.00000E+00   2.39624E+01   8.16541E-02
  0.00000E+00   2.42404E+01   1.40573E-01
  0.00000E+00   2.42841E+01   2.29065E-01
  0.00000E+00   2.41561E+01   3.02697E-01
  0.00000E+00   2.39385E+01   3.23505E-01
  0.00000E+00   2.37288E+01   3.16899E-01
  0.00000E+00   2.35666E+01   2.84784E-01
  0.00000E+00   2.33889E+01   2.13619E-01
  0.00000E+00   2.31182E+01   1.34549E-01
  0.00000E+00   2.26917E+01   9.74909E-02
  0.00000E+00   2.20547E+01   4.44130E-02
  0.00000E+00   2.13059E+01   3.33533E-03
  0.00000E+00   2.07837E+01  -1.50189E-02
  0.00000E+00   2.06741E+01  -9.59904E-02
  0.00000E+00   2.10242E+01  -1.92105E-01
  0.00000E+00   2.17649E+01  -2.52928E-01
  0.00000E+00   2.27426E+01  -3.12198E-01
  0.00000E+00   2.39389E+01  -3.79643E-01
  0.00000E+00   2.52295E+01  -4.41560E-01
  0.00000E+00   2.64315E+01  -4.71335E-01
  0.00000E+00   2.74661E+01  -4.62818E-01
  0.00000E+00   2.82897E+01  -4.41605E-01
  0.00000E+00   2.88065E+01  -4.20066E-01
  0.00000E+00   2.90498E+01  -3.97735E-01
  0.00000E+00   2.91357E+01  -3.82950E-01
  0.00000E+00   2.93039E+01  -3.08799E-01
  0.00000E+00   2.96920E+01  -1.44642E-01
  0.00000E+00   3.02583E+01   3.96692E-02
  0.00000E+00   3.08596E+01   1.69933E-01
  0.00000E+00   3.13663E+01   2.15692E-01
  0.00000E+00   3.18506E+01   1.91513E-01
  0.00000E+00   3.24000E+01   1.49999E-01
  0.00000E+00   3.30602E+01   1.37954E-01
  0.00000E+00   3.39111E+01   1.43666E-01
  0.00000E+00   3.48301E+01   1.65290E-01
  0.00000E+00   3.56923E+01   1.91297E-01
  0.00000E+00   3.64999E+01   2.30258E-01
  0.00000E+00   3.72650E+01   2.58508E-01
  0.00000E+00   3.79528E+01   2.92812E-01
  0.00000E+00   3.84659E+01   3.58872E-01
  0.00000E+00   3.87096E+01   4.17118E-01
  0.00000E+00   3.86433E+01   4.78446E-01
  0.00000E+00   3.82242E+01   5.01002E-01
  0.00000E+00   3.74171E+01   4.40137E-01
  0.00000E+00   3.64558E+01   3.64765E-01
  0.00000E+00   3.56566E+01   3.00897E-01
  0.00000E+00   3.52257E+01   2.44206E-01
  0.00000E+00   3.51911E+01   2.14369E-01
  0.00000E+00   3.56091E+01   2.13351E-01
  0.00000E+00   3.63444E+01   2.13704E-01
  0.00000E+00   3.73259E+01   2.08048E-01
  0.00000E+00   3.85884E+01   2.21427E-01
  0.00000E+00   4.00463E+01   2.45544E-01
  0.00000E+00   4.15530E+01   2.89314E-01
  0.00000E+00   4.29796E+01   3.54127E-01
  0.00000E+00   4.41781E+01   4.58252E-01
  0.00000E+00   4.50976E+01   5.97798E-01
  0.00000E+00   4.57451E+01   6.92099E-01
  0.00000E+00   4.62547E+01   7.46073E-01
  0.00000E+00   4.68423E+01   6.93788E-01
  0.00000E+00   4.75833E+01   5.87618E-01
  0.00000E+00   4.83728E+01   5.52904E-01
  0.00000E+00   4.90531E+01   5.72015E-01
  0.00000E+00   4.95759E+01   6.27329E-01
  0.00000E+00   4.99971E+01   6.89019E-01
  0.00000E+00   5.04047E+01   6.66041E-01
  0.00000E+00   5.10025E+01   5.70328E-01
  0.00000E+00   5.17455E+01   3.75468E-01
  0.00000E+00   5.22981E+01   1.05120E-01
  0.00000E+00   5.23943E+01  -1.41535E-01
  0.00000E+00   5.21040E+01  -2.82114E-01
  0.00000E+00   5.16953E+01  -2.08288E-01
  0.00000E+00   5.14775E+01  -2.56573E-02
  0.00000E+00   5.14873E+01   2.18438E-01
  0.00000E+00   5.15130E+01   5.01417E-01
  0.00000E+00   5.14418E+01   7.29848E-01
  0.00000E+00   5.11852E+01   9.31448E-01
  0.00000E+00   5.09342E+01   1.06226E+00
  0.00000E+00   5.08155E+01   1.16177E+00
  0.00000E+00   5.07279E+01   1.23714E+00
  0.00000E+00   5.05250E+01   1.32488E+00
  0.00000E+00   4.98956E+01   1.42772E+00
  0.00000E+00   4.86242E+01   1.50347E+00
  0.00000E+00   4.70268E+01   1.44141E+00
  0.00000E+00   4.55442E+01   1.32424E+00
  0.00000E+00   4.45876E+01   1.19208E+00
  0.00000E+00   4.44353E+01   1.07791E+00
  0.00000E+00   4.49466E+01   9.49464E-01
  0.00000E+00   4.58704E+01   8.39941E-01
  0.00000E+00   4.71155E+01   7.61636E-01
  0.00000E+00   4.86376E+01   6.55459E-01
  0.00000E+00   5.03043E+01   4.58527E-01
  0.00000E+00   5.18681E+01   2.08115E-01
  0.00000E+00   5.32746E+01  -8.63232E-02
  0.00000E+00   5.43587E+01  -4.36114E-01
  0.00000E+00   5.49316E+01  -7.90861E-01
  0.00000E+00   5.48464E+01  -1.04625E+00
  0.00000E+00   5.39890E+01  -1.20423E+00
  0.00000E+00   5.25159E+01  -1.25017E+00
  0.00000E+00   5.08964E+01  -1.25675E+00
  0.00000E+00   4.95168E+01  -1.31834E+00
  0.00000E+00   4.86060E+01  -1.32287E+00
  0.00000E+00   4.82453E+01  -1.30012E+00
  0.00000E+00   4.82423E+01  -1.12586E+00
  0.00000E+00   4.84865E+01  -8.42558E-01
  0.00000E+00   4.89875E+01  -5.79284E-01
  0.00000E+00   4.96844E+01  -4.22479E-01
  0.00000E+00   5.04932E+01  -3.17329E-01
  0.00000E+00   5.14033E+01  -2.61638E-01
  0.00000E+00   5.23106E+01  -1.83742E-01
  0.00000E+00   5.32309E+01  -7.79698E-02
  0.00000E+00   5.42447E+01   7.19213E-02
  0.00000E+00   5.49568E+01   1.41644E-01
  0.00000E+00   5.50028E+01   6.80003E-02
  0.00000E+00   5.42417E+01  -6.35436E-02
  0.00000E+00   5.27242E+01  -2.21357E-01
  0.00000E+00   5.12015E+01  -2.84063E-01
  0.00000E+00   5.02562E+01  -3.05608E-01
  0.00000E+00   5.00107E+01  -3.82809E-01
  0.00000E+00   5.01408E+01  -4.75334E-01
  0.00000E+00   4.99975E+01  -5.47645E-01
  0.00000E+00   4.94840E+01  -6.09722E-01
  0.00000E+00   4.89340E+01  -6.27430E-01
  0.00000E+00   4.85823E+01  -5.77554E-01
  0.00000E+00   4.83404E+01  -5.76343E-01
  0.00000E+00   4.79500E+01  -7.00121E-01
  0.00000E+00   4.72497E+01  -8.84588E-01
  0.00000E+00   4.63941E+01  -1.01153E+00
  0.00000E+00   4.55416E+01  -1.05308E+00
  0.00000E+00   4.47474E+01  -9.97864E-01
  0.00000E+00   4.40906E+01  -8.84034E-01
  0.00000E+00   4.36172E+01  -8.17738E-01
  0.00000E+00   4.35534E+01  -8.34554E-01
  0.00000E+00   4.40912E+01  -8.30898E-01
  0.00000E+00   4.49911E+01  -8.03975E-01
  0.00000E+00   4.61039E+01  -7.76907E-01
  0.00000E+00   4.73326E+01  -8.02214E-01
  0.00000E+00   4.85454E+01  -8.13474E-01
  0.00000E+00   4.97717E+01  -8.73698E-01
  0.00000E+00   5.09034E+01  -9.59455E-01
  0.00000E+00   5.17530E+01  -9.46599E-01
  0.00000E+00   5.21259E+01  -8.47763E-01
  0.00000E+00   5.19734E+01  -7.36941E-01
  0.00000E+00   5.15611E+01  -6.87777E-01
  0.00000E+00   5.11506E+01  -6.78910E-01
  0.00000E+00   5.09171E+01  -6.98954E-01
  0.00000E+00   5.08059E+01  -7.71913E-01
  0.00000E+00   5.07156E+01  -8.73982E-01
  0.00000E+00   5.05589E+01  -1.00113E+00
  0.00000E+00   5.03573E+01  -1.23697E+00
  0.00000E+00   5.02228E+01  -1.60753E+00
  0.00000E+00   5.01415E+01  -1.99577E+00
  0.00000E+00   5.01229E+01  -2.33392E+00
  0.00000E+00   5.01531E+01  -2.60280E+00
  0.00000E+00   5.01094E+01  -2.79691E+00
  0.00000E+00   4.98554E+01  -2.86803E+00
  0.00000E+00   4.94354E+01  -2.82197E+00
  0.00000E+00   4.89515E+01  -2.68517E+00
  0.00000E+00   4.84130E+01  -2.56592E+00
  0.00000E+00   4.76604E+01  -2.51437E+00
  0.00000E+00   4.66316E+01  -2.48015E+00
  0.00000E+00   4.55927E+01  -2.36148E+00
  0.00000E+00   4.45077E+01  -2.12476E+00
  0.00000E+00   4.35132E+01  -1.77612E+00
  0.00000E+00   4.27875E+01  -1.45735E+00
  0.00000E+00   4.26630E+01  -1.23516E+00
  0.00000E+00   4.28867E+01  -1.09544E+00
  0.00000E+00   4.32196E+01  -9.89856E-01
  0.00000E+00   4.35386E+01  -9.45958E-01
  0.00000E+00   4.35704E+01  -9.15070E-01
  0.00000E+00   4.34999E+01  -8.77179E-01
  0.00000E+00   4.35397E+01  -7.80904E-01
  0.00000E+00   4.35083E+01  -6.54467E-01
  0.00000E+00   4.32964E+01  -5.73233E-01
  0.00000E+00   4.31591E+01  -5.64490E-01
  0.00000E+00   4.32961E+01  -5.22267E-01
  0.00000E+00   4.37933E+01  -4.76366E-01
  0.00000E+00   4.45066E+01  -3.96296E-01
  0.00000E+00   4.51701E+01  -3.27951E-01
  0.00000E+00   4.55030E+01  -2.26292E-01
  0.00000E+00   4.56705E+01  -7.25290E-02
  0.00000E+00   4.59015E+01   9.28672E-02
  0.00000E+00   4.60877E+01   2.30041E-01
  0.00000E+00   4.62036E+01   3.48564E-01
  0.00000E+00   4.63342E+01   5.07144E-01
  0.00000E+00   4.64771E+01   6.10881E-01
  0.00000E+00   4.69152E+01   5.75755E-01
  0.00000E+00   4.77214E+01   5.28590E-01
  0.00000E+00   4.87639E+01   4.97455E-01
  0.00000E+00   4.98708E+01   4.71919E-01
  0.00000E+00   5.09413E+01   4.28278E-01
  0.00000E+00   5.19290E+01   3.93865E-01
  0.00000E+00   5.28228E+01   3.46699E-01
  0.00000E+00   5.36073E+01   2.82793E-01
  0.00000E+00   5.42272E+01   2.37048E-01
  0.00000E+00   5.47904E+01   1.56744E-01
  0.00000E+00   5.51329E+01   4.01052E-02
  0.00000E+00   5.51010E+01  -1.40074E-01
  0.00000E+00   5.48945E+01  -3.53835E-01
  0.00000E+00   5.47863E+01  -4.84791E-01
  0.00000E+00   5.48268E+01  -6.31539E-01
  0.00000E+00   5.50526E+01  -9.03961E-01
  0.00000E+00   5.54404E+01  -1.15756E+00
  0.00000E+00   5.54435E+01  -1.41881E+00
  0.00000E+00   5.48855E+01  -1.70340E+00
  0.00000E+00   5.39861E+01  -1.91934E+00
  0.00000E+00   5.30156E+01  -1.95684E+00
  0.00000E+00   5.21395E+01  -1.82418E+00
  0.00000E+00   5.15535E+01  -1.63574E+00
  0.00000E+00   5.15267E+01  -1.43146E+00
  0.00000E+00   5.21835E+01  -1.30682E+00
  0.00000E+00   5.33148E+01  -1.23942E+00
  0.00000E+00   5.44959E+01  -1.18294E+00
  0.00000E+00   5.55320E+01  -1.11883E+00
  0.00000E+00   5.62035E+01  -9.94740E-01
  0.00000E+00   5.63601E+01  -8.11341E-01
  0.00000E+00   5.58284E+01  -6.27959E-01
  0.00000E+00   5.47009E+01  -4.59971E-01
  0.00000E+00   5.33081E+01  -4.02961E-01
  0.00000E+00   5.22192E+01  -4.58448E-01
  0.00000E+00   5.18536E+01  -5.93972E-01
  0.00000E+00   5.20874E+01  -6.49270E-01
  0.00000E+00   5.25452E+01  -6.11100E-01
  0.00000E+00   5.32344E+01  -5.93247E-01
  0.00000E+00   5.42163E+01  -5.61241E-01
  0.00000E+00   5.54550E+01  -5.01915E-01
  0.00000E+00   5.69623E+01  -3.15164E-01
  0.00000E+00   5.86099E+01  -7.79381E-02
  0.00000E+00   6.02213E+01   1.03458E-01
  0.00000E+00   6.16281E+01   1.87146E-01
  0.00000E+00   6.25568E+01   1.79489E-01
  0.00000E+00   6.29446E+01   1.33139E-01
  0.00000E+00   6.30636E+01   7.72242E-02
  0.00000E+00   6.31431E+01   1.04830E-02
  0.00000E+00   6.30451E+01  -3.93007E-02
  0.00000E+00   6.27485E+01  -3.62215E-02
  0.00000E+00   6.25647E+01   7.04946E-02
  0.00000E+00   6.29293E+01   2.12682E-01
  0.00000E+00   6.41101E+01   3.52272E-01
  0.00000E+00   6.59582E+01   4.94217E-01
  0.00000E+00   6.79436E+01   6.34493E-01
  0.00000E+00   6.93086E+01   7.63366E-01
  0.00000E+00   6.94622E+01   8.67301E-01
  0.00000E+00   6.86419E+01   8.53852E-01
  0.00000E+00   6.75734E+01   7.63209E-01
  0.00000E+00   6.66371E+01   5.38806E-01
  0.00000E+00   6.57190E+01   2.96376E-01
  0.00000E+00   6.46830E+01   1.27428E-01
  0.00000E+00   6.38853E+01   2.77070E-02
  0.00000E+00   6.36919E+01  -6.15911E-02
  0.00000E+00   6.43170E+01  -1.89236E-01
  0.00000E+00   6.55278E+01  -3.35972E-01
  0.00000E+00   6.68659E+01  -3.77788E-01
  0.00000E+00   6.81465E+01  -3.95842E-01
  0.00000E+00   6.92388E+01  -3.89438E-01
  0.00000E+00   7.00849E+01  -3.77906E-01
  0.00000E+00   7.08019E+01  -3.67423E-01
  0.00000E+00   7.14027E+01  -3.15294E-01
  0.00000E+00   7.18325E+01  -1.50580E-01
  0.00000E+00   7.21874E+01  -4.53551E-03
  0.00000E+00   7.25468E+01   1.31188E-01
  0.00000E+00   7.27084E+01   2.49505E-01
  0.00000E+00   7.29049E+01   3.38577E-01
  0.00000E+00   7.35804E+01   4.63804E-01
  0.00000E+00   7.47293E+01   5.87462E-01
  0.00000E+00   7.59625E+01   6.98464E-01
  0.00000E+00   7.70576E+01   8.69734E-01
  0.00000E+00   7.78662E+01   1.08738E+00
  0.00000E+00   7.85521E+01   1.25749E+00
  0.00000E+00   7.94366E+01   1.36543E+00
  0.00000E+00   8.02916E+01   1.43544E+00
  0.00000E+00   8.07413E+01   1.44106E+00
  0.00000E+00   8.07602E+01   1.47546E+00
  0.00000E+00   8.07316E+01   1.55838E+00
  0.00000E+00   8.10616E+01   1.66108E+00
  0.00000E+00   8.19675E+01   1.78722E+00
  0.00000E+00   8.32847E+01   1.90602E+00
  0.00000E+00   8.47865E+01   2.02998E+00
  0.00000E+00   8.63764E+01   2.13504E+00
  0.00000E+00   8.82264E+01   2.18042E+00
  0.00000E+00   9.01613E+01   2.23818E+00
  0.00000E+00   9.15039E+01   2.25569E+00
  0.00000E+00   9.16987E+01   2.16957E+00
  0.00000E+00   9.06864E+01   2.15091E+00
  0.00000E+00   8.89960E+01   2.16077E+00
  0.00000E+00   8.74915E+01   2.17934E+00
  0.00000E+00   8.70476E+01   2.11332E+00
  0.00000E+00   8.73818E+01   1.97500E+00
  0.00000E+00   8.75390E+01   1.80383E+00
  0.00000E+00   8.70254E+01   1.50893E+00
  0.00000E+00   8.60643E+01   1.08489E+00
  0.00000E+00   8.49820E+01   6.48146E-01
  0.00000E+00   8.44257E+01   3.77122E-01
  0.00000E+00   8.47031E+01   2.75602E-01
  0.00000E+00   8.57752E+01   2.80526E-01
  0.00000E+00   8.73548E+01   2.99110E-01
  0.00000E+00   8.88363E+01   3.45018E-01
  0.00000E+00   8.97181E+01   4.48282E-01
  0.00000E+00   8.98411E+01   6.49236E-01
  0.00000E+00   8.84314E+01   7.06185E-01
  0.00000E+00   8.45187E+01   6.17278E-01
  0.00000E+00   7.88399E+01   5.68171E-01
  0.00000E+00   7.25675E+01   3.57793E-01
  0.00000E+00   6.78429E+01   1.45215E-01
  0.00000E+00   6.51401E+01  -4.30186E-02
  0.00000E+00   6.41906E+01  -2.19057E-01
  0.00000E+00   6.43974E+01  -2.73692E-01
  0.00000E+00   6.52051E+01  -2.38243E-01
  0.00000E+00   6.63825E+01  -8.31134E-02
  0.00000E+00   6.78593E+01   2.73515E-01
  0.00000E+00   6.88976E+01   6.06891E-01
  0.00000E+00   6.93472E+01   7.96157E-01
  0.00000E+00   6.88025E+01   9.16947E-01
  0.00000E+00   6.75643E+01   9.77058E-01
  0.00000E+00   6.64295E+01   9.55356E-01
  0.00000E+00   6.55635E+01   8.72591E-01
  0.00000E+00   6.54882E+01   8.99215E-01
  0.00000E+00   6.60645E+01   9.42168E-01
  0.00000E+00   6.70818E+01   9.03921E-01
  0.00000E+00   6.80014E+01   8.05501E-01
  0.00000E+00   6.87763E+01   6.31458E-01
  0.00000E+00   6.95360E+01   4.23314E-01
  0.00000E+00   7.00399E+01   2.35720E-01
  0.00000E+00   6.98988E+01   1.15281E-02
  0.00000E+00   6.89769E+01  -9.49456E-02
  0.00000E+00   6.71976E+01  -2.03044E-01
  0.00000E+00   6.51001E+01  -3.14418E-01
  0.00000E+00   6.34547E+01  -4.60002E-01
  0.00000E+00   6.24567E+01  -5.51771E-01
  0.00000E+00   6.20068E+01  -6.16944E-01
  0.00000E+00   6.18922E+01  -7.33774E-01
  0.00000E+00   6.21168E+01  -8.46699E-01
  0.00000E+00   6.23011E+01  -9.50785E-01
  0.00000E+00   6.25127E+01  -9.82485E-01
  0.00000E+00   6.29816E+01  -9.23415E-01
  0.00000E+00   6.36139E+01  -8.93021E-01
  0.00000E+00   6.46502E+01  -9.37361E-01
  0.00000E+00   6.59015E+01  -9.67346E-01
  0.00000E+00   6.72455E+01  -9.50440E-01
  0.00000E+00   6.81673E+01  -8.93238E-01
  0.00000E+00   6.87952E+01  -7.74672E-01
  0.00000E+00   6.92951E+01  -6.18826E-01
  0.00000E+00   6.96754E+01  -4.01806E-01
  0.00000E+00   6.98981E+01  -1.95004E-01
  0.00000E+00   7.04495E+01  -5.58098E-02
  0.00000E+00   7.16164E+01   3.21280E-02
  0.00000E+00   7.30380E+01   2.01550E-01
  0.00000E+00   7.43749E+01   3.05842E-01
  0.00000E+00   7.51638E+01   3.64258E-01
  0.00000E+00   7.51324E+01   2.87448E-01
  0.00000E+00   7.47907E+01   2.67161E-01
  0.00000E+00   7.47585E+01   2.62886E-01
  0.00000E+00   7.54573E+01   3.12496E-01
  0.00000E+00   7.66497E+01   3.78601E-01
  0.00000E+00   7.78255E+01   3.85571E-01
  0.00000E+00   7.86723E+01   4.29162E-01
  0.00000E+00   7.92192E+01   5.65512E-01
  0.00000E+00   7.98676E+01   7.25455E-01
  0.00000E+00   8.05465E+01   7.56752E-01
  0.00000E+00   8.13488E+01   7.72871E-01
  0.00000E+00   8.21186E+01   6.93819E-01
  0.00000E+00   8.23378E+01   5.57317E-01
  0.00000E+00   8.18011E+01   4.27275E-01
  0.00000E+00   8.09240E+01   3.26592E-01
  0.00000E+00   8.01916E+01   2.79529E-01
  0.00000E+00   7.98422E+01   2.59825E-01
  0.00000E+00   7.96748E+01   3.55437E-01
  0.00000E+00   7.92682E+01   4.18746E-01
  0.00000E+00   7.80197E+01   4.09545E-01
  0.00000E+00   7.62081E+01   3.07648E-01
  0.00000E+00   7.47075E+01   9.73554E-02
  0.00000E+00   7.39006E+01  -2.31158E-01
  0.00000E+00   7.37796E+01  -6.08701E-01
  0.00000E+00   7.39335E+01  -8.76309E-01
  0.00000E+00   7.41033E+01  -1.07524E+00
  0.00000E+00   7.41365E+01  -1.26768E+00
  0.00000E+00   7.44515E+01  -1.38594E+00
  0.00000E+00   7.51518E+01  -1.37490E+00
  0.00000E+00   7.59463E+01  -1.35842E+00
  0.00000E+00   7.63425E+01  -1.36304E+00
  0.00000E+00   7.62863E+01  -1.29360E+00
  0.00000E+00   7.60501E+01  -1.31092E+00
  0.00000E+00   7.59078E+01  -1.44460E+00
  0.00000E+00   7.49674E+01  -1.60895E+00
  0.00000E+00   7.32568E+01  -1.71640E+00
  0.00000E+00   7.19896E+01  -1.63644E+00
  0.00000E+00   7.08383E+01  -1.55271E+00
  0.00000E+00   7.00839E+01  -1.40449E+00
  0.00000E+00   6.96941E+01  -1.27368E+00
  0.00000E+00   6.99437E+01  -1.25240E+00
  0.00000E+00   7.02908E+01  -1.32729E+00
  0.00000E+00   7.00865E+01  -1.43020E+00
  0.00000E+00   6.94810E+01  -1.63482E+00
  0.00000E+00   6.85026E+01  -1.85795E+00
  0.00000E+00   6.77272E+01  -1.96080E+00
  0.00000E+00   6.73822E+01  -2.06742E+00
  0.00000E+00   6.75483E+01  -2.10030E+00
  0.00000E+00   6.80665E+01  -2.06085E+00
  0.00000E+00   6.88970E+01  -2.05492E+00
  0.00000E+00   6.96146E+01  -1.85333E+00
  0.00000E+00   6.99725E+01  -1.63884E+00
  0.00000E+00   7.03144E+01  -1.43512E+00
  0.00000E+00   7.09718E+01  -1.32210E+00
  0.00000E+00   7.17672E+01  -1.19384E+00
  0.00000E+00   7.24074E+01  -1.08179E+00
  0.00000E+00   7.23029E+01  -1.03602E+00
  0.00000E+00   7.10624E+01  -1.01816E+00
  0.00000E+00   6.92538E+01  -1.03170E+00
  0.00000E+00   6.75477E+01  -1.04219E+00
  0.00000E+00   6.64360E+01  -9.45982E-01
  0.00000E+00   6.58747E+01  -7.21037E-01
  0.00000E+00   6.63230E+01  -4.99425E-01
  0.00000E+00   6.74282E+01  -2.62643E-01
  0.00000E+00   6.80612E+01   6.21494E-02
  0.00000E+00   6.74262E+01   3.56639E-01
  0.00000E+00   6.58826E+01   5.67475E-01
  0.00000E+00   6.44431E+01   6.10703E-01
  0.00000E+00   6.35964E+01   6.70871E-01
  0.00000E+00   6.36636E+01   6.51625E-01
  0.00000E+00   6.46402E+01   5.84567E-01
  0.00000E+00   6.60380E+01   5.30054E-01
  0.00000E+00   6.72250E+01   5.29961E-01
  0.00000E+00   6.76634E+01   5.22796E-01
  0.00000E+00   6.70393E+01   5.57000E-01
  0.00000E+00   6.60872E+01   5.58015E-01
  0.00000E+00   6.54393E+01   5.54232E-01
  0.00000E+00   6.54396E+01   5.58991E-01
  0.00000E+00   6.62710E+01   5.95471E-01
  0.00000E+00   6.74293E+01   5.19017E-01
  0.00000E+00   6.84121E+01   2.83837E-01
  0.00000E+00   6.89814E+01  -1.08901E-02
  0.00000E+00   6.93342E+01  -3.61109E-01
  0.00000E+00   6.96179E+01  -7.13599E-01
  0.00000E+00   7.01348E+01  -9.77566E-01
  0.00000E+00   7.09161E+01  -1.16773E+00
  0.00000E+00   7.19084E+01  -1.30852E+00
  0.00000E+00   7.28654E+01  -1.56776E+00
  0.00000E+00   7.35997E+01  -1.82349E+00
  0.00000E+00   7.40609E+01  -2.02260E+00
  0.00000E+00   7.42361E+01  -2.19164E+00
  0.00000E+00   7.42208E+01  -2.28729E+00
  0.00000E+00   7.38489E+01  -2.35977E+00
  0.00000E+00   7.29561E+01  -2.41400E+00
  0.00000E+00   7.19610E+01  -2.32808E+00
  0.00000E+00   7.11360E+01  -2.12462E+00
  0.00000E+00   7.05607E+01  -1.96952E+00
  0.00000E+00   7.02429E+01  -1.89874E+00
  0.00000E+00   7.02220E+01  -1.83445E+00
  0.00000E+00   7.03186E+01  -1.74774E+00
  0.00000E+00   7.04534E+01  -1.73443E+00
  0.00000E+00   7.04184E+01  -1.80247E+00
  0.00000E+00   7.02212E+01  -1.74884E+00
  0.00000E+00   7.01779E+01  -1.66270E+00
  0.00000E+00   7.06359E+01  -1.58048E+00
  0.00000E+00   7.13952E+01  -1.59333E+00
  0.00000E+00   7.22686E+01  -1.55791E+00
  0.00000E+00   7.32344E+01  -1.48692E+00
  0.00000E+00   7.42576E+01  -1.50250E+00
  0.00000E+00   7.47717E+01  -1.53078E+00
  0.00000E+00   7.47387E+01  -1.55818E+00
  0.00000E+00   7.41478E+01  -1.66828E+00
  0.00000E+00   7.28252E+01  -1.80781E+00
  0.00000E+00   7.09738E+01  -1.87723E+00
  0.00000E+00   6.90454E+01  -1.96617E+00
  0.00000E+00   6.71489E+01  -2.09901E+00
  0.00000E+00   6.51119E+01  -2.06687E+00
  0.00000E+00   6.33720E+01  -2.05761E+00
  0.00000E+00   6.21220E+01  -2.03801E+00
  0.00000E+00   6.15026E+01  -2.01813E+00
  0.00000E+00   6.10944E+01  -2.01471E+00
  0.00000E+00   6.04969E+01  -2.06920E+00
  0.00000E+00   5.96578E+01  -2.17534E+00
  0.00000E+00   5.89111E+01  -2.16547E+00
  0.00000E+00   5.82806E+01  -2.22588E+00
  0.00000E+00   5.82072E+01  -2.32381E+00
  0.00000E+00   5.89076E+01  -2.29385E+00
  0.00000E+00   6.01849E+01  -2.33976E+00
  0.00000E+00   6.17571E+01  -2.38636E+00
  0.00000E+00   6.32627E+01  -2.44073E+00
  0.00000E+00   6.47387E+01  -2.42460E+00
  0.00000E+00   6.63983E+01  -2.38221E+00
  0.00000E+00   6.79831E+01  -2.35039E+00
  0.00000E+00   6.95632E+01  -2.27084E+00
  0.00000E+00   7.09287E+01  -2.06425E+00
  0.00000E+00   7.18915E+01  -1.82875E+00
  0.00000E+00   7.22902E+01  -1.61115E+00
  0.00000E+00   7.22759E+01  -1.43990E+00
  0.00000E+00   7.21139E+01  -1.28293E+00
  0.00000E+00   7.20232E+01  -1.07251E+00
  0.00000E+00   7.22200E+01  -8.61990E-01
  0.00000E+00   7.28830E+01  -8.17287E-01
  0.00000E+00   7.38875E+01  -7.87578E-01
  0.00000E+00   7.53225E+01  -7.43868E-01
  0.00000E+00   7.68956E+01  -6.07691E-01
  0.00000E+00   7.83334E+01  -5.18495E-01
  0.00000E+00   7.95602E+01  -4.16886E-01
  0.00000E+00   8.05367E+01  -3.28684E-01
  0.00000E+00   8.14417E+01  -2.05022E-01
  0.00000E+00   8.25253E+01  -1.09700E-01
  0.00000E+00   8.39591E+01  -4.55296E-02
  0.00000E+00   8.55414E+01   4.60545E-02
  0.00000E+00   8.72273E+01   1.44305E-01
  0.00000E+00   8.93052E+01   2.88034E-01
  0.00000E+00   9.18992E+01   4.91920E-01
  0.00000E+00   9.45327E+01   7.38116E-01
  0.00000E+00   9.69652E+01   9.32939E-01
  0.00000E+00   9.91389E+01   1.04914E+00
  0.00000E+00   1.00765E+02   1.05589E+00
  0.00000E+00   1.01595E+02   1.03182E+00
  0.00000E+00   1.01729E+02   9.28591E-01
  0.00000E+00   1.01352E+02   7.53484E-01
  0.00000E+00   1.00343E+02   5.78789E-01
  0.00000E+00   9.90150E+01   4.47035E-01
  0.00000E+00   9.79795E+01   3.15013E-01
  0.00000E+00   9.75819E+01   1.12738E-01
  0.00000E+00   9.78785E+01  -1.49323E-01
  0.00000E+00   9.83936E+01  -2.36234E-01
  0.00000E+00   9.86061E+01  -3.64237E-01
  0.00000E+00   9.82084E+01  -5.39792E-01
  0.00000E+00   9.73907E+01  -4.32290E-01
  0.00000E+00   9.63992E+01  -1.96276E-01
  0.00000E+00   9.57748E+01  -1.56683E-01
  0.00000E+00   9.56920E+01  -1.65560E-01
  0.00000E+00   9.54819E+01  -1.78138E-01
  0.00000E+00   9.45966E+01  -1.47548E-01
  0.00000E+00   9.32773E+01  -7.65226E-02
  0.00000E+00   9.20600E+01  -6.84831E-02
  0.00000E+00   9.14341E+01  -2.00235E-01
  0.00000E+00   9.14582E+01  -4.96885E-01
  0.00000E+00   9.08436E+01  -9.16800E-01
  0.00000E+00   8.84434E+01  -1.16874E+00
  0.00000E+00   8.39800E+01  -1.26873E+00
  0.00000E+00   7.86772E+01  -1.31754E+00
  0.00000E+00   7.34837E+01  -1.33762E+00
  0.00000E+00   6.93985E+01  -1.14785E+00
  0.00000E+00   6.68777E+01  -8.72737E-01
  0.00000E+00   6.61113E+01  -5.75178E-01
  0.00000E+00   6.67496E+01  -3.25522E-01
  0.00000E+00   6.84189E+01  -1.81465E-01
  0.00000E+00   7.02360E+01  -2.50463E-01
  0.00000E+00   7.10624E+01  -4.72244E-01
  0.00000E+00   7.04145E+01  -8.16278E-01
  0.00000E+00   6.91123E+01  -1.17447E+00
  0.00000E+00   6.80200E+01  -1.47646E+00
  0.00000E+00   6.78947E+01  -1.75241E+00
  0.00000E+00   6.91974E+01  -1.86435E+00
  0.00000E+00   7.18885E+01  -1.85505E+00
  0.00000E+00   7.48895E+01  -1.72891E+00
  0.00000E+00   7.69810E+01  -1.54765E+00
  0.00000E+00   7.72205E+01  -1.41320E+00
  0.00000E+00   7.58771E+01  -1.35491E+00
  0.00000E+00   7.34639E+01  -1.33328E+00
  0.00000E+00   7.05215E+01  -1.35927E+00
  0.00000E+00   6.83467E+01  -1.32094E+00
  0.00000E+00   6.74556E+01  -1.31525E+00
  0.00000E+00   6.79416E+01  -1.22397E+00
  0.00000E+00   6.95655E+01  -1.19493E+00
  0.00000E+00   7.18232E+01  -1.25651E+00
  0.00000E+00   7.35090E+01  -1.24020E+00
  0.00000E+00   7.41089E+01  -1.20001E+00
  0.00000E+00   7.39826E+01  -1.13956E+00
  0.00000E+00   7.34066E+01  -1.05294E+00
  0.00000E+00   7.33243E+01  -1.05089E+00
  0.00000E+00   7.39072E+01  -1.15943E+00
  0.00000E+00   7.50285E+01  -1.33005E+00
  0.00000E+00   7.65485E+01  -1.39859E+00
  0.00000E+00   7.78851E+01  -1.42659E+00
  0.00000E+00   7.83676E+01  -1.38656E+00
  0.00000E+00   7.79026E+01  -1.31560E+00
  0.00000E+00   7.72018E+01  -1.35614E+00
  0.00000E+00   7.67709E+01  -1.50230E+00
  0.00000E+00   7.68719E+01  -1.55109E+00
  0.00000E+00   7.73885E+01  -1.53475E+00
  0.00000E+00   7.82738E+01  -1.56962E+00
  0.00000E+00   7.93080E+01  -1.62489E+00
  0.00000E+00   8.03602E+01  -1.52942E+00
  0.00000E+00   8.12087E+01  -1.30596E+00
  0.00000E+00   8.14522E+01  -1.10877E+00
  0.00000E+00   8.08188E+01  -8.84778E-01
  0.00000E+00   7.99760E+01  -7.53372E-01
  0.00000E+00   7.93232E+01  -7.31194E-01
  0.00000E+00   7.92374E+01  -7.86822E-01
  0.00000E+00   7.97304E+01  -9.14302E-01
  0.00000E+00   8.04691E+01  -1.09834E+00
  0.00000E+00   8.11270E+01  -1.21692E+00
  0.00000E+00   8.18132E+01  -1.31786E+00
  0.00000E+00   8.25785E+01  -1.52142E+00
  0.00000E+00   8.32057E+01  -1.74661E+00
  0.00000E+00   8.37662E+01  -2.00734E+00
  0.00000E+00   8.37312E+01  -2.26280E+00
  0.00000E+00   8.33947E+01  -2.45722E+00
  0.00000E+00   8.35838E+01  -2.64839E+00
  0.00000E+00   8.45557E+01  -2.70567E+00
  0.00000E+00   8.63772E+01  -2.73953E+00
  0.00000E+00   8.84490E+01  -2.67483E+00
  0.00000E+00   8.97411E+01  -2.55343E+00
  0.00000E+00   8.95770E+01  -2.49654E+00
  0.00000E+00   8.80283E+01  -2.41472E+00
  0.00000E+00   8.60791E+01  -2.31890E+00
  0.00000E+00   8.49011E+01  -2.17598E+00
  0.00000E+00   8.48947E+01  -1.88241E+00
  0.00000E+00   8.58395E+01  -1.37829E+00
  0.00000E+00   8.75060E+01  -7.53198E-01
  0.00000E+00   8.92731E+01  -2.68202E-01
  0.00000E+00   9.06938E+01   1.87638E-01
  0.00000E+00   9.20141E+01   6.09077E-01
  0.00000E+00   9.31522E+01   1.01673E+00
  0.00000E+00   9.43733E+01   1.29636E+00
  0.00000E+00   9.59152E+01   1.36437E+00
  0.00000E+00   9.77173E+01   1.36385E+00
  0.00000E+00   9.94695E+01   1.36965E+00
  0.00000E+00   1.00589E+02   1.32047E+00
  0.00000E+00   9.97645E+01   1.24093E+00
  0.00000E+00   9.70680E+01   1.36661E+00
  0.00000E+00   9.33747E+01   1.57548E+00
  0.00000E+00   8.98248E+01   1.69911E+00
  0.00000E+00   8.71212E+01   1.80215E+00
  0.00000E+00   8.55985E+01   1.93960E+00
  0.00000E+00   8.52420E+01   1.98749E+00
  0.00000E+00   8.52557E+01   1.93333E+00
  0.00000E+00   8.53177E+01   2.00715E+00
  0.00000E+00   8.51732E+01   2.24983E+00
  0.00000E+00   8.44363E+01   2.55823E+00
  0.00000E+00   8.33070E+01   2.91311E+00
  0.00000E+00   8.22771E+01   3.36916E+00
  0.00000E+00   8.19682E+01   3.72751E+00
  0.00000E+00   8.26537E+01   4.13511E+00
  0.00000E+00   8.33675E+01   4.31521E+00
  0.00000E+00   8.36139E+01   4.43272E+00
  0.00000E+00   8.30411E+01   4.44149E+00
  0.00000E+00   8.13575E+01   4.18310E+00
  0.00000E+00   7.87875E+01   3.98938E+00
  0.00000E+00   7.58908E+01   3.78827E+00
  0.00000E+00   7.32755E+01   3.62607E+00
  0.00000E+00   7.19195E+01   3.54206E+00
  0.00000E+00   7.19747E+01   3.31301E+00
  0.00000E+00   7.22400E+01   3.07176E+00
  0.00000E+00   7.15086E+01   2.62452E+00
  0.00000E+00   6.98179E+01   2.19712E+00
  0.00000E+00   6.78670E+01   1.98851E+00
  0.00000E+00   6.65438E+01   1.84780E+00
  0.00000E+00   6.60797E+01   1.71465E+00
  0.00000E+00   6.63330E+01   1.55007E+00
  0.00000E+00   6.65875E+01   1.27756E+00
  0.00000E+00   6.62599E+01   9.94588E-01
  0.00000E+00   6.51836E+01   8.17734E-01
  0.00000E+00   6.41946E+01   7.11386E-01
  0.00000E+00   6.30665E+01   6.06496E-01
  0.00000E+00   6.20799E+01   5.64851E-01
  0.00000E+00   6.11838E+01   5.86626E-01
  0.00000E+00   6.04041E+01   7.29666E-01
  0.00000E+00   5.94969E+01   7.61104E-01
  0.00000E+00   5.83641E+01   7.62351E-01
  0.00000E+00   5.73673E+01   7.50086E-01
  0.00000E+00   5.67224E+01   7.33390E-01
  0.00000E+00   5.65222E+01   7.48480E-01
  0.00000E+00   5.71015E+01   8.54174E-01
  0.00000E+00   5.82691E+01   9.39252E-01
  0.00000E+00   5.94479E+01   1.11804E+00
  0.00000E+00   5.99805E+01   1.31421E+00
  0.00000E+00   6.00040E+01   1.29944E+00
  0.00000E+00   5.95475E+01   1.25411E+00
  0.00000E+00   5.88937E+01   1.27614E+00
  0.00000E+00   5.84489E+01   1.33222E+00
  0.00000E+00   5.83992E+01   1.25858E+00
  0.00000E+00   5.84311E+01   1.12294E+00
  0.00000E+00   5.81971E+01   9.26087E-01
  0.00000E+00   5.80114E+01   5.85179E-01
  0.00000E+00   5.77767E+01   2.16884E-01
  0.00000E+00   5.72862E+01   1.23200E-02
  0.00000E+00   5.70373E+01  -1.97723E-01
  0.00000E+00   5.70707E+01  -3.93935E-01
  0.00000E+00   5.70906E+01  -6.72139E-01
  0.00000E+00   5.68375E+01  -8.75162E-01
  0.00000E+00   5.64489E+01  -9.21403E-01
  0.00000E+00   5.61667E+01  -9.49108E-01
  0.00000E+00   5.56384E+01  -1.08871E+00
  0.00000E+00   5.51012E+01  -1.16101E+00
  0.00000E+00   5.47760E+01  -1.16438E+00
  0.00000E+00   5.49538E+01  -1.26396E+00
  0.00000E+00   5.56309E+01  -1.37075E+00
  0.00000E+00   5.65327E+01  -1.38913E+00
  0.00000E+00   5.74796E+01  -1.45558E+00
  0.00000E+00   5.84746E+01  -1.51067E+00
  0.00000E+00   5.93306E+01  -1.45827E+00
  0.00000E+00   5.99029E+01  -1.36871E+00
  0.00000E+00   6.01773E+01  -1.20505E+00
  0.00000E+00   6.04552E+01  -9.93345E-01
  0.00000E+00   6.09673E+01  -8.24690E-01
  0.00000E+00   6.15358E+01  -8.75872E-01
  0.00000E+00   6.19117E+01  -9.58372E-01
  0.00000E+00   6.22596E+01  -9.32970E-01
  0.00000E+00   6.30056E+01  -9.24775E-01
  0.00000E+00   6.39155E+01  -9.44514E-01
  0.00000E+00   6.47706E+01  -9.12986E-01
  0.00000E+00   6.55048E+01  -8.81100E-01
  0.00000E+00   6.62607E+01  -8.39815E-01
  0.00000E+00   6.70265E+01  -7.61699E-01
  0.00000E+00   6.78077E+01  -6.93206E-01
  0.00000E+00   6.87522E+01  -5.94702E-01
  0.00000E+00   7.00412E+01  -5.13094E-01
  0.00000E+00   7.16652E+01  -4.20310E-01
  0.00000E+00   7.34496E+01  -3.67563E-01
  0.00000E+00   7.48975E+01  -3.38172E-01
  0.00000E+00   7.56395E+01  -4.19404E-01
  0.00000E+00   7.58222E+01  -5.11810E-01
  0.00000E+00   7.59380E+01  -5.70251E-01
  0.00000E+00   7.61523E+01  -6.86815E-01
  0.00000E+00   7.63797E+01  -8.09050E-01
  0.00000E+00   7.66988E+01  -8.84363E-01
  0.00000E+00   7.68750E+01  -9.49635E-01
  0.00000E+00   7.68629E+01  -9.86003E-01
  0.00000E+00   7.69412E+01  -9.72908E-01
  0.00000E+00   7.69480E+01  -8.51388E-01
  0.00000E+00   7.68564E+01  -6.83421E-01
  0.00000E+00   7.68120E+01  -5.39411E-01
  0.00000E+00   7.70924E+01  -3.33833E-01
  0.00000E+00   7.78301E+01  -1.50621E-01
  0.00000E+00   7.91011E+01  -2.35438E-02
  0.00000E+00   8.07178E+01   9.09764E-02
  0.00000E+00   8.22781E+01   1.95846E-01
  0.00000E+00   8.37793E+01   3.73026E-01
  0.00000E+00   8.53484E+01   6.05757E-01
  0.00000E+00   8.68925E+01   8.70337E-01
  0.00000E+00   8.82821E+01   1.13690E+00
  0.00000E+00   8.93139E+01   1.44744E+00
  0.00000E+00   8.98386E+01   1.73231E+00
  0.00000E+00   9.00891E+01   1.94063E+00
  0.00000E+00   9.01315E+01   2.06037E+00
  0.00000E+00   8.98167E+01   2.10043E+00
  0.00000E+00   8.90768E+01   1.99177E+00
  0.00000E+00   8.78076E+01   1.84947E+00
