  0.00000E+00  -1.81494E-05   6.60516E-06
  0.00000E+00  -1.88307E-05   7.30790E-06
  0.00000E+00  -1.46672E-05   5.32050E-06
  0.00000E+00  -1.03090E-05   3.62620E-06
  0.00000E+00  -6.36536E-06   2.52646E-06
  0.00000E+00  -3.08524E-06   1.84784E-06
  0.00000E+00  -6.81435E-07   1.41378E-06
  0.00000E+00   1.10780E-06   1.15181E-06
  0.00000E+00   2.47884E-06   1.00394E-06
  0.00000E+00   3.57929E-06   9.27429E-07
  0.00000E+00   4.49399E-06   8.94765E-07
  0.00000E+00   5.30903E-06   8.78270E-07
  0.00000E+00   6.06250E-06   8.65913E-07
  0.00000E+00   6.79783E-06   8.54593E-07
  0.00000E+00   7.56470E-06   8.47466E-07
  0.00000E+00   8.36944E-06   8.44084E-07
  0.00000E+00   9.26674E-06   8.45884E-07
  0.00000E+00   1.02625E-05   8.55091E-07
  0.00000E+00   1.13718E-05   8.72367E-07
  0.00000E+00   1.26372E-05   8.98286E-07
  0.00000E+00   1.40564E-05   9.33295E-07
  0.00000E+00   1.56808E-05   9.77447E-07
  0.00000E+00   1.75054E-05   1.02888E-06
  0.00000E+00   1.95802E-05   1.08844E-06
  0.00000E+00   2.19417E-05   1.15614E-06
  0.00000E+00   2.46054E-05   1.23257E-06
  0.00000E+00   2.76497E-05   1.31827E-06
  0.00000E+00   3.11116E-05   1.41651E-06
  0.00000E+00   3.50458E-05   1.52636E-06
  0.00000E+00   3.95586E-05   1.65197E-06
  0.00000E+00   4.46900E-05   1.79646E-06
  0.00000E+00   5.05383E-05   1.95964E-06
  0.00000E+00   5.72413E-05   2.14426E-06
  0.00000E+00   6.48939E-05   2.35472E-06
  0.00000E+00   7.36287E-05   2.59332E-06
  0.00000E+00   8.36264E-05   2.86322E-06
  0.00000E+00   9.50739E-05   3.16768E-06
  0.00000E+00   1.08174E-04   3.51296E-06
  0.00000E+00   1.23171E-04   3.90411E-06
  0.00000E+00   1.40360E-04   4.34642E-06
  0.00000E+00   1.60068E-04   4.84697E-06
  0.00000E+00   1.82665E-04   5.41462E-06
  0.00000E+00   2.08579E-04   6.05744E-06
  0.00000E+00   2.38313E-04   6.78565E-06
  0.00000E+00   2.72445E-04   7.61006E-06
  0.00000E+00   3.11638E-04   8.54417E-06
  0.00000E+00   3.56655E-04   9.60238E-06
  0.00000E+00   4.08369E-04   1.08018E-05
  0.00000E+00   4.67794E-04   1.21612E-05
  0.00000E+00   5.36100E-04   1.37016E-05
  0.00000E+00   6.14631E-04   1.54481E-05
  0.00000E+00   7.04933E-04   1.74281E-05
  0.00000E+00   8.08788E-04   1.96733E-05
  0.00000E+00   9.28247E-04   2.22191E-05
  0.00000E+00   1.06567E-03   2.51058E-05
  0.00000E+00   1.22376E-03   2.83794E-05
  0.00000E+00   1.40566E-03   3.20916E-05
  0.00000E+00   1.61494E-03   3.63012E-05
  0.00000E+00   1.85572E-03   4.10748E-05
  0.00000E+00   2.13272E-03   4.64874E-05
  0.00000E+00   2.45138E-03   5.26240E-05
  0.00000E+00   2.81789E-03   5.95804E-05
  0.00000E+00   3.23936E-03   6.74648E-05
  0.00000E+00   3.72392E-03   7.63987E-05
  0.00000E+00   4.28084E-03   8.65198E-05
  0.00000E+00   4.92071E-03   9.79824E-05
  0.00000E+00   5.65555E-03   1.10960E-04
  0.00000E+00   6.49907E-03   1.25649E-04
  0.00000E+00   7.46677E-03   1.42266E-04
  0.00000E+00   8.57623E-03   1.61058E-04
  0.00000E+00   9.84728E-03   1.82299E-04
  0.00000E+00   1.13023E-02   2.06295E-04
  0.00000E+00   1.29663E-02   2.33392E-04
  0.00000E+00   1.48675E-02   2.63977E-04
  0.00000E+00   1.70373E-02   2.98486E-04
  0.00000E+00   1.95107E-02   3.37415E-04
  0.00000E+00   2.23263E-02   3.81327E-04
  0.00000E+00   2.55269E-02   4.30874E-04
  0.00000E+00   2.91596E-02   4.86815E-04
  0.00000E+00   3.32758E-02   5.50046E-04
  0.00000E+00   3.79316E-02   6.21641E-04
  0.00000E+00   4.31875E-02   7.02904E-04
  0.00000E+00   4.91087E-02   7.95432E-04
  0.00000E+00   5.57644E-02   9.01185E-04
  0.00000E+00   6.32281E-02   1.02256E-03
  0.00000E+00   7.15762E-02   1.16245E-03
  0.00000E+00   8.08877E-02   1.32424E-03
  0.00000E+00   9.12428E-02   1.51182E-03
  0.00000E+00   1.02722E-01   1.72940E-03
  0.00000E+00   1.15404E-01   1.98134E-03
  0.00000E+00   1.29364E-01   2.27184E-03
  0.00000E+00   1.44675E-01   2.60468E-03
  0.00000E+00   1.61404E-01   2.98292E-03
  0.00000E+00   1.79617E-01   3.40882E-03
  0.00000E+00   1.99375E-01   3.88393E-03
  0.00000E+00   2.20744E-01   4.40957E-03
  0.00000E+00   2.43794E-01   4.98762E-03
  0.00000E+00   2.68608E-01   5.62161E-03
  0.00000E+00   2.95290E-01   6.31800E-03
  0.00000E+00   3.23970E-01   7.08732E-03
  0.00000E+00   3.54815E-01   7.94562E-03
  0.00000E+00   3.88030E-01   8.91595E-03
  0.00000E+00   4.23863E-01   1.00288E-02
  0.00000E+00   4.62594E-01   1.13194E-02
  0.00000E+00   5.04523E-01   1.28201E-02
  0.00000E+00   5.49932E-01   1.45454E-02
  0.00000E+00   5.99054E-01   1.64777E-02
  0.00000E+00   6.52067E-01   1.85656E-02
  0.00000E+00   7.09127E-01   2.07404E-02
  0.00000E+00   7.70438E-01   2.29374E-02
  0.00000E+00   8.36328E-01   2.51062E-02
  0.00000E+00   9.07295E-01   2.71993E-02
  0.00000E+00   9.83957E-01   2.91448E-02
  0.00000E+00   1.06686E+00   3.08366E-02
  0.00000E+00   1.15632E+00   3.21495E-02
  0.00000E+00   1.25231E+00   3.29515E-02
  0.00000E+00   1.35441E+00   3.31224E-02
  0.00000E+00   1.46183E+00   3.26192E-02
  0.00000E+00   1.57325E+00   3.15625E-02
  0.00000E+00   1.68686E+00   3.02415E-02
  0.00000E+00   1.80061E+00   2.90161E-02
  0.00000E+00   1.91257E+00   2.82676E-02
  0.00000E+00   2.02115E+00   2.84025E-02
  0.00000E+00   2.12504E+00   2.98289E-02
  0.00000E+00   2.22386E+00   3.25707E-02
  0.00000E+00   2.31900E+00   3.62183E-02
  0.00000E+00   2.41272E+00   4.03810E-02
  0.00000E+00   2.50654E+00   4.47377E-02
  0.00000E+00   2.60100E+00   4.87115E-02
  0.00000E+00   2.69616E+00   5.17776E-02
  0.00000E+00   2.79177E+00   5.35286E-02
  0.00000E+00   2.88668E+00   5.45905E-02
  0.00000E+00   2.98103E+00   5.57874E-02
  0.00000E+00   3.07741E+00   5.63091E-02
  0.00000E+00   3.17777E+00   5.52545E-02
  0.00000E+00   3.28009E+00   5.23904E-02
  0.00000E+00   3.37969E+00   4.74476E-02
  0.00000E+00   3.47329E+00   4.04645E-02
  0.00000E+00   3.56099E+00   3.31292E-02
  0.00000E+00   3.64384E+00   2.80825E-02
  0.00000E+00   3.72216E+00   2.75424E-02
  0.00000E+00   3.79793E+00   3.17392E-02
  0.00000E+00   3.87466E+00   3.83158E-02
  0.00000E+00   3.95621E+00   4.47992E-02
  0.00000E+00   4.04488E+00   4.98681E-02
  0.00000E+00   4.14041E+00   5.32290E-02
  0.00000E+00   4.24188E+00   5.55086E-02
  0.00000E+00   4.34548E+00   5.74486E-02
  0.00000E+00   4.44491E+00   6.03254E-02
  0.00000E+00   4.53224E+00   6.48350E-02
  0.00000E+00   4.59989E+00   7.08031E-02
  0.00000E+00   4.64686E+00   7.82284E-02
  0.00000E+00   4.67931E+00   8.56002E-02
  0.00000E+00   4.70569E+00   9.13794E-02
  0.00000E+00   4.73321E+00   9.40416E-02
  0.00000E+00   4.76594E+00   9.29409E-02
  0.00000E+00   4.80376E+00   9.09705E-02
  0.00000E+00   4.84533E+00   9.10687E-02
  0.00000E+00   4.89112E+00   9.22757E-02
  0.00000E+00   4.94142E+00   9.14632E-02
  0.00000E+00   4.99462E+00   8.63921E-02
  0.00000E+00   5.04760E+00   7.80120E-02
  0.00000E+00   5.10004E+00   7.06230E-02
  0.00000E+00   5.15766E+00   6.70813E-02
  0.00000E+00   5.22888E+00   6.70688E-02
  0.00000E+00   5.31427E+00   6.84072E-02
  0.00000E+00   5.41102E+00   6.82191E-02
  0.00000E+00   5.52054E+00   6.42244E-02
  0.00000E+00   5.64671E+00   5.48502E-02
  0.00000E+00   5.78796E+00   3.92734E-02
  0.00000E+00   5.93729E+00   1.99716E-02
  0.00000E+00   6.08610E+00   1.85356E-03
  0.00000E+00   6.22772E+00  -1.09191E-02
  0.00000E+00   6.35441E+00  -1.86802E-02
  0.00000E+00   6.46851E+00  -2.40711E-02
  0.00000E+00   6.57387E+00  -2.61187E-02
  0.00000E+00   6.66690E+00  -2.46389E-02
  0.00000E+00   6.74552E+00  -2.22175E-02
  0.00000E+00   6.81077E+00  -2.17240E-02
  0.00000E+00   6.86374E+00  -2.44430E-02
  0.00000E+00   6.90077E+00  -3.23826E-02
  0.00000E+00   6.91721E+00  -4.69177E-02
  0.00000E+00   6.91471E+00  -6.31351E-02
  0.00000E+00   6.89230E+00  -7.65706E-02
  0.00000E+00   6.85429E+00  -8.40955E-02
  0.00000E+00   6.81404E+00  -8.59425E-02
  0.00000E+00   6.78432E+00  -8.33044E-02
  0.00000E+00   6.76642E+00  -7.69638E-02
  0.00000E+00   6.75217E+00  -6.79663E-02
  0.00000E+00   6.73360E+00  -5.66048E-02
  0.00000E+00   6.71063E+00  -4.63960E-02
  0.00000E+00   6.68124E+00  -3.94377E-02
  0.00000E+00   6.64337E+00  -3.62033E-02
  0.00000E+00   6.60233E+00  -3.42311E-02
  0.00000E+00   6.56674E+00  -2.64029E-02
  0.00000E+00   6.54100E+00  -1.26421E-02
  0.00000E+00   6.52347E+00   6.75986E-04
  0.00000E+00   6.51361E+00   1.03081E-02
  0.00000E+00   6.51473E+00   1.63741E-02
  0.00000E+00   6.53664E+00   2.16900E-02
  0.00000E+00   6.59389E+00   2.72988E-02
  0.00000E+00   6.68478E+00   3.28016E-02
  0.00000E+00   6.79477E+00   3.96366E-02
  0.00000E+00   6.90908E+00   4.51930E-02
  0.00000E+00   7.00820E+00   5.04103E-02
  0.00000E+00   7.07413E+00   5.22323E-02
  0.00000E+00   7.10280E+00   4.56406E-02
  0.00000E+00   7.10122E+00   3.43036E-02
  0.00000E+00   7.08924E+00   2.22512E-02
  0.00000E+00   7.08510E+00   1.26001E-02
  0.00000E+00   7.10057E+00   3.96221E-03
  0.00000E+00   7.13251E+00  -6.01030E-03
  0.00000E+00   7.16871E+00  -1.46923E-02
  0.00000E+00   7.20011E+00  -1.80995E-02
  0.00000E+00   7.23259E+00  -1.20744E-02
  0.00000E+00   7.27048E+00   5.47401E-03
  0.00000E+00   7.31213E+00   3.04843E-02
  0.00000E+00   7.36831E+00   5.69002E-02
  0.00000E+00   7.44856E+00   7.99595E-02
  0.00000E+00   7.53766E+00   9.69308E-02
  0.00000E+00   7.61923E+00   1.03250E-01
  0.00000E+00   7.69442E+00   9.26863E-02
  0.00000E+00   7.77558E+00   6.95143E-02
  0.00000E+00   7.84171E+00   4.51338E-02
  0.00000E+00   7.87927E+00   2.60159E-02
  0.00000E+00   7.89725E+00   1.23634E-02
  0.00000E+00   7.90125E+00   2.32446E-03
  0.00000E+00   7.89843E+00  -3.20613E-03
  0.00000E+00   7.90763E+00  -7.36747E-03
  0.00000E+00   7.93087E+00  -7.91750E-03
  0.00000E+00   7.96266E+00  -1.18952E-02
  0.00000E+00   7.99894E+00  -2.44288E-02
  0.00000E+00   8.06022E+00  -3.84564E-02
  0.00000E+00   8.17318E+00  -4.57932E-02
  0.00000E+00   8.28408E+00  -4.91206E-02
  0.00000E+00   8.37039E+00  -5.29043E-02
  0.00000E+00   8.44702E+00  -5.64021E-02
  0.00000E+00   8.52950E+00  -5.44625E-02
  0.00000E+00   8.60968E+00  -5.03654E-02
  0.00000E+00   8.67746E+00  -3.95567E-02
  0.00000E+00   8.76027E+00  -1.91632E-02
  0.00000E+00   8.85229E+00  -2.19604E-03
  0.00000E+00   8.92152E+00   2.20893E-02
  0.00000E+00   8.96388E+00   5.81472E-02
  0.00000E+00   8.96994E+00   9.48340E-02
  0.00000E+00   8.97414E+00   1.24400E-01
  0.00000E+00   9.01302E+00   1.47535E-01
  0.00000E+00   9.01400E+00   1.61280E-01
  0.00000E+00   8.98744E+00   1.54310E-01
  0.00000E+00   8.89886E+00   1.32729E-01
  0.00000E+00   8.79756E+00   1.03417E-01
  0.00000E+00   8.66076E+00   6.08043E-02
  0.00000E+00   8.39981E+00   1.67640E-02
  0.00000E+00   8.03381E+00  -2.74642E-02
  0.00000E+00   7.65655E+00  -6.98106E-02
  0.00000E+00   7.38531E+00  -1.03343E-01
  0.00000E+00   7.20561E+00  -1.23066E-01
  0.00000E+00   7.07562E+00  -1.28551E-01
  0.00000E+00   7.03857E+00  -1.20311E-01
  0.00000E+00   7.09298E+00  -1.07620E-01
  0.00000E+00   7.16599E+00  -9.35899E-02
  0.00000E+00   7.24624E+00  -7.72030E-02
  0.00000E+00   7.33461E+00  -4.50453E-02
  0.00000E+00   7.41436E+00  -5.24847E-03
  0.00000E+00   7.50398E+00   3.29124E-02
  0.00000E+00   7.61845E+00   6.88618E-02
  0.00000E+00   7.75928E+00   9.38340E-02
  0.00000E+00   7.91925E+00   1.07034E-01
  0.00000E+00   8.08440E+00   1.10730E-01
  0.00000E+00   8.24923E+00   1.07132E-01
  0.00000E+00   8.44227E+00   9.78777E-02
  0.00000E+00   8.65781E+00   7.89246E-02
  0.00000E+00   8.85117E+00   5.67022E-02
  0.00000E+00   9.02081E+00   4.09646E-02
  0.00000E+00   9.19620E+00   3.33178E-02
  0.00000E+00   9.41230E+00   3.36839E-02
  0.00000E+00   9.65608E+00   3.26410E-02
  0.00000E+00   9.92057E+00   3.11909E-02
  0.00000E+00   1.02152E+01   3.81555E-02
  0.00000E+00   1.05137E+01   4.83706E-02
  0.00000E+00   1.08041E+01   5.59400E-02
  0.00000E+00   1.10819E+01   5.99843E-02
  0.00000E+00   1.13339E+01   5.01010E-02
  0.00000E+00   1.15314E+01   2.64065E-02
  0.00000E+00   1.16863E+01  -1.07825E-02
  0.00000E+00   1.18314E+01  -6.29454E-02
  0.00000E+00   1.19548E+01  -1.29710E-01
  0.00000E+00   1.19993E+01  -1.82759E-01
  0.00000E+00   1.20154E+01  -2.16006E-01
  0.00000E+00   1.20718E+01  -2.43221E-01
  0.00000E+00   1.21439E+01  -2.70292E-01
  0.00000E+00   1.21912E+01  -2.95313E-01
  0.00000E+00   1.22728E+01  -3.30267E-01
  0.00000E+00   1.23785E+01  -3.60255E-01
  0.00000E+00   1.24656E+01  -3.66746E-01
  0.00000E+00   1.24554E+01  -3.39548E-01
  0.00000E+00   1.24232E+01  -2.88917E-01
  0.00000E+00   1.24030E+01  -2.47848E-01
  0.00000E+00   1.23970E+01  -2.01665E-01
  0.00000E+00   1.24294E+01  -1.53940E-01
  0.00000E+00   1.24855E+01  -1.26706E-01
  0.00000E+00   1.25585E+01  -1.12354E-01
  0.00000E+00   1.26450E+01  -1.22994E-01
  0.00000E+00   1.26670E+01  -1.33459E-01
  0.00000E+00   1.26070E+01  -1.43492E-01
  0.00000E+00   1.25609E+01  -1.59541E-01
  0.00000E+00   1.25904E+01  -1.90364E-01
  0.00000E+00   1.26514E+01  -2.04448E-01
  0.00000E+00   1.27199E+01  -1.96511E-01
  0.00000E+00   1.27260E+01  -1.85621E-01
  0.00000E+00   1.26879E+01  -1.92818E-01
  0.00000E+00   1.26218E+01  -2.06442E-01
  0.00000E+00   1.25275E+01  -2.17628E-01
  0.00000E+00   1.24228E+01  -2.34072E-01
  0.00000E+00   1.23707E+01  -2.43793E-01
  0.00000E+00   1.23821E+01  -2.33895E-01
  0.00000E+00   1.24285E+01  -2.13910E-01
  0.00000E+00   1.24513E+01  -1.97074E-01
  0.00000E+00   1.24047E+01  -1.83328E-01
  0.00000E+00   1.23005E+01  -1.68764E-01
  0.00000E+00   1.21635E+01  -1.87258E-01
  0.00000E+00   1.20121E+01  -2.27546E-01
  0.00000E+00   1.19309E+01  -2.60416E-01
  0.00000E+00   1.18721E+01  -2.62635E-01
  0.00000E+00   1.17935E+01  -2.62966E-01
  0.00000E+00   1.16977E+01  -2.68553E-01
  0.00000E+00   1.15679E+01  -2.62534E-01
  0.00000E+00   1.14663E+01  -2.48903E-01
  0.00000E+00   1.13861E+01  -2.29917E-01
  0.00000E+00   1.12662E+01  -2.19474E-01
  0.00000E+00   1.11318E+01  -2.12291E-01
  0.00000E+00   1.10297E+01  -2.12590E-01
  0.00000E+00   1.09708E+01  -2.11098E-01
  0.00000E+00   1.09505E+01  -2.22470E-01
  0.00000E+00   1.09405E+01  -2.40261E-01
  0.00000E+00   1.09367E+01  -2.67738E-01
  0.00000E+00   1.09754E+01  -3.02142E-01
  0.00000E+00   1.10661E+01  -3.39581E-01
  0.00000E+00   1.11434E+01  -3.65668E-01
  0.00000E+00   1.11593E+01  -3.86801E-01
  0.00000E+00   1.11600E+01  -3.99942E-01
  0.00000E+00   1.11681E+01  -3.89295E-01
  0.00000E+00   1.11766E+01  -3.57789E-01
  0.00000E+00   1.11534E+01  -3.20698E-01
  0.00000E+00   1.10779E+01  -2.98426E-01
  0.00000E+00   1.09462E+01  -2.90779E-01
  0.00000E+00   1.08084E+01  -2.88888E-01
  0.00000E+00   1.07224E+01  -2.92888E-01
  0.00000E+00   1.07316E+01  -3.02586E-01
  0.00000E+00   1.08232E+01  -3.04160E-01
  0.00000E+00   1.09393E+01  -2.87473E-01
  0.00000E+00   1.10418E+01  -2.67812E-01
  0.00000E+00   1.11058E+01  -2.41001E-01
  0.00000E+00   1.11380E+01  -2.07396E-01
  0.00000E+00   1.11394E+01  -1.69755E-01
  0.00000E+00   1.11439E+01  -1.49307E-01
  0.00000E+00   1.11509E+01  -1.49777E-01
  0.00000E+00   1.11634E+01  -1.58295E-01
  0.00000E+00   1.11849E+01  -1.67307E-01
  0.00000E+00   1.12075E+01  -1.81838E-01
  0.00000E+00   1.12106E+01  -1.97383E-01
  0.00000E+00   1.11882E+01  -2.11367E-01
  0.00000E+00   1.11392E+01  -2.23241E-01
  0.00000E+00   1.10912E+01  -2.32453E-01
  0.00000E+00   1.10654E+01  -2.42916E-01
  0.00000E+00   1.10171E+01  -2.56820E-01
  0.00000E+00   1.08924E+01  -2.74396E-01
  0.00000E+00   1.07106E+01  -2.99192E-01
  0.00000E+00   1.04882E+01  -3.28025E-01
  0.00000E+00   1.02177E+01  -3.35823E-01
  0.00000E+00   9.90210E+00  -3.30543E-01
  0.00000E+00   9.63547E+00  -3.21796E-01
  0.00000E+00   9.47839E+00  -3.12782E-01
  0.00000E+00   9.38315E+00  -2.93667E-01
  0.00000E+00   9.28559E+00  -2.72113E-01
  0.00000E+00   9.18047E+00  -2.54535E-01
  0.00000E+00   9.05880E+00  -2.33325E-01
  0.00000E+00   8.88964E+00  -1.99943E-01
  0.00000E+00   8.72137E+00  -1.61209E-01
  0.00000E+00   8.62191E+00  -1.35303E-01
  0.00000E+00   8.55003E+00  -1.11688E-01
  0.00000E+00   8.46438E+00  -9.45362E-02
  0.00000E+00   8.40062E+00  -6.72927E-02
  0.00000E+00   8.37783E+00  -3.00537E-02
  0.00000E+00   8.41837E+00   2.38991E-03
  0.00000E+00   8.50091E+00   3.57791E-02
  0.00000E+00   8.62279E+00   6.77946E-02
  0.00000E+00   8.76037E+00   9.39966E-02
  0.00000E+00   8.91189E+00   1.16240E-01
  0.00000E+00   9.08839E+00   1.35674E-01
  0.00000E+00   9.29420E+00   1.54833E-01
  0.00000E+00   9.54303E+00   1.64327E-01
  0.00000E+00   9.80441E+00   1.72331E-01
  0.00000E+00   1.00666E+01   1.77660E-01
  0.00000E+00   1.03333E+01   1.81423E-01
  0.00000E+00   1.05684E+01   1.87812E-01
  0.00000E+00   1.07819E+01   1.96012E-01
  0.00000E+00   1.10043E+01   1.98831E-01
  0.00000E+00   1.12235E+01   2.00877E-01
  0.00000E+00   1.14470E+01   1.98097E-01
  0.00000E+00   1.16824E+01   1.90931E-01
  0.00000E+00   1.19308E+01   1.76638E-01
  0.00000E+00   1.22138E+01   1.59442E-01
  0.00000E+00   1.25418E+01   1.38312E-01
  0.00000E+00   1.29099E+01   1.14343E-01
  0.00000E+00   1.32667E+01   1.00021E-01
  0.00000E+00   1.35780E+01   9.07012E-02
  0.00000E+00   1.38921E+01   8.27607E-02
  0.00000E+00   1.42027E+01   7.85736E-02
  0.00000E+00   1.44624E+01   7.04487E-02
  0.00000E+00   1.47143E+01   5.26521E-02
  0.00000E+00   1.50060E+01   1.20623E-02
  0.00000E+00   1.53271E+01  -4.60871E-02
  0.00000E+00   1.56232E+01  -9.95186E-02
  0.00000E+00   1.58548E+01  -1.57621E-01
  0.00000E+00   1.59510E+01  -1.93065E-01
  0.00000E+00   1.59235E+01  -2.07131E-01
  0.00000E+00   1.58021E+01  -2.08022E-01
  0.00000E+00   1.57500E+01  -2.33620E-01
  0.00000E+00   1.57653E+01  -2.39071E-01
  0.00000E+00   1.57926E+01  -2.23866E-01
  0.00000E+00   1.58338E+01  -2.34048E-01
  0.00000E+00   1.58115E+01  -2.40739E-01
  0.00000E+00   1.55204E+01  -1.73736E-01
  0.00000E+00   1.51041E+01  -1.21366E-01
  0.00000E+00   1.47287E+01  -1.00495E-01
  0.00000E+00   1.43740E+01  -6.54317E-02
  0.00000E+00   1.41289E+01  -5.18969E-02
  0.00000E+00   1.39605E+01  -3.93327E-02
  0.00000E+00   1.40120E+01   5.29778E-03
  0.00000E+00   1.41716E+01   6.68909E-02
  0.00000E+00   1.42529E+01   1.21929E-01
  0.00000E+00   1.42265E+01   1.63831E-01
  0.00000E+00   1.42079E+01   1.92066E-01
  0.00000E+00   1.41503E+01   2.29421E-01
  0.00000E+00   1.40295E+01   2.57423E-01
  0.00000E+00   1.38375E+01   2.74388E-01
  0.00000E+00   1.36920E+01   2.69515E-01
  0.00000E+00   1.36222E+01   2.44275E-01
  0.00000E+00   1.35803E+01   2.35120E-01
  0.00000E+00   1.34479E+01   2.30989E-01
  0.00000E+00   1.33150E+01   2.34041E-01
  0.00000E+00   1.32023E+01   2.78196E-01
  0.00000E+00   1.31252E+01   3.37033E-01
  0.00000E+00   1.30327E+01   3.90316E-01
  0.00000E+00   1.29368E+01   4.32667E-01
  0.00000E+00   1.28058E+01   4.58431E-01
  0.00000E+00   1.26380E+01   4.55668E-01
  0.00000E+00   1.24384E+01   4.31391E-01
  0.00000E+00   1.21675E+01   3.84030E-01
  0.00000E+00   1.18437E+01   3.37487E-01
  0.00000E+00   1.15422E+01   3.03190E-01
  0.00000E+00   1.12837E+01   2.67958E-01
  0.00000E+00   1.10033E+01   2.31609E-01
  0.00000E+00   1.06321E+01   1.83306E-01
  0.00000E+00   1.02093E+01   1.38276E-01
  0.00000E+00   9.90759E+00   9.35862E-02
  0.00000E+00   9.71984E+00   4.63740E-02
  0.00000E+00   9.57106E+00  -2.13301E-02
  0.00000E+00   9.40946E+00  -8.44281E-02
  0.00000E+00   9.17391E+00  -1.30431E-01
  0.00000E+00   8.97450E+00  -1.60057E-01
  0.00000E+00   8.87023E+00  -1.90082E-01
  0.00000E+00   8.83040E+00  -2.38436E-01
  0.00000E+00   8.80533E+00  -2.80912E-01
  0.00000E+00   8.80597E+00  -3.06467E-01
  0.00000E+00   8.85639E+00  -3.10198E-01
  0.00000E+00   8.93687E+00  -2.95528E-01
  0.00000E+00   9.01748E+00  -2.73775E-01
  0.00000E+00   9.08544E+00  -2.47845E-01
  0.00000E+00   9.13628E+00  -2.14980E-01
  0.00000E+00   9.15768E+00  -1.77308E-01
  0.00000E+00   9.15869E+00  -1.40579E-01
  0.00000E+00   9.15190E+00  -1.07778E-01
  0.00000E+00   9.15704E+00  -8.16775E-02
  0.00000E+00   9.19113E+00  -5.99580E-02
  0.00000E+00   9.23132E+00  -3.82347E-02
  0.00000E+00   9.26928E+00  -1.20894E-02
  0.00000E+00   9.29760E+00   7.58736E-03
  0.00000E+00   9.31343E+00   1.79480E-02
  0.00000E+00   9.31481E+00   2.19104E-02
  0.00000E+00   9.30379E+00   1.97149E-02
  0.00000E+00   9.28796E+00   1.19374E-02
  0.00000E+00   9.28201E+00   5.92544E-03
  0.00000E+00   9.28794E+00   8.50768E-03
  0.00000E+00   9.29226E+00   1.51452E-02
  0.00000E+00   9.29313E+00   2.05992E-02
  0.00000E+00   9.29267E+00   2.56667E-02
  0.00000E+00   9.28962E+00   2.94939E-02
  0.00000E+00   9.28141E+00   3.29742E-02
  0.00000E+00   9.26163E+00   3.76506E-02
  0.00000E+00   9.22586E+00   4.53994E-02
  0.00000E+00   9.17441E+00   5.92782E-02
  0.00000E+00   9.10788E+00   7.55861E-02
  0.00000E+00   9.03101E+00   9.19589E-02
  0.00000E+00   8.95355E+00   1.11734E-01
  0.00000E+00   8.89595E+00   1.35089E-01
  0.00000E+00   8.86944E+00   1.57000E-01
  0.00000E+00   8.86809E+00   1.76626E-01
  0.00000E+00   8.88519E+00   1.92338E-01
  0.00000E+00   8.90642E+00   2.01306E-01
  0.00000E+00   8.92148E+00   2.01980E-01
  0.00000E+00   8.93745E+00   1.95658E-01
  0.00000E+00   8.96342E+00   1.84674E-01
  0.00000E+00   8.99720E+00   1.72049E-01
  0.00000E+00   9.02982E+00   1.62124E-01
  0.00000E+00   9.06098E+00   1.58490E-01
  0.00000E+00   9.09796E+00   1.59037E-01
  0.00000E+00   9.14424E+00   1.62069E-01
  0.00000E+00   9.19387E+00   1.66529E-01
  0.00000E+00   9.23531E+00   1.70445E-01
  0.00000E+00   9.27231E+00   1.70296E-01
  0.00000E+00   9.30604E+00   1.64676E-01
  0.00000E+00   9.33596E+00   1.58620E-01
  0.00000E+00   9.36763E+00   1.56840E-01
  0.00000E+00   9.40521E+00   1.60534E-01
  0.00000E+00   9.45700E+00   1.69137E-01
  0.00000E+00   9.51702E+00   1.81676E-01
  0.00000E+00   9.56745E+00   2.01192E-01
  0.00000E+00   9.58706E+00   2.25558E-01
  0.00000E+00   9.56817E+00   2.47689E-01
  0.00000E+00   9.52757E+00   2.63750E-01
  0.00000E+00   9.48690E+00   2.69563E-01
  0.00000E+00   9.45421E+00   2.63933E-01
  0.00000E+00   9.42315E+00   2.51682E-01
  0.00000E+00   9.37460E+00   2.35345E-01
  0.00000E+00   9.32034E+00   2.15601E-01
  0.00000E+00   9.27820E+00   1.98143E-01
  0.00000E+00   9.24837E+00   1.83365E-01
  0.00000E+00   9.23577E+00   1.74135E-01
  0.00000E+00   9.23631E+00   1.74974E-01
  0.00000E+00   9.23789E+00   1.83406E-01
  0.00000E+00   9.22171E+00   1.93387E-01
  0.00000E+00   9.17957E+00   1.99868E-01
  0.00000E+00   9.11671E+00   1.99292E-01
  0.00000E+00   9.04467E+00   1.92217E-01
  0.00000E+00   8.97052E+00   1.79088E-01
  0.00000E+00   8.90821E+00   1.62464E-01
  0.00000E+00   8.87238E+00   1.44416E-01
  0.00000E+00   8.86911E+00   1.25190E-01
  0.00000E+00   8.89599E+00   1.03832E-01
  0.00000E+00   8.94863E+00   8.32665E-02
  0.00000E+00   9.02149E+00   6.55163E-02
  0.00000E+00   9.11061E+00   5.16930E-02
  0.00000E+00   9.21668E+00   4.32404E-02
  0.00000E+00   9.33276E+00   4.32231E-02
  0.00000E+00   9.45208E+00   4.80707E-02
  0.00000E+00   9.56419E+00   5.21087E-02
  0.00000E+00   9.66071E+00   5.16626E-02
  0.00000E+00   9.73478E+00   4.67259E-02
  0.00000E+00   9.78527E+00   3.57190E-02
  0.00000E+00   9.81718E+00   2.00066E-02
  0.00000E+00   9.84180E+00   4.72257E-03
  0.00000E+00   9.86901E+00  -8.08610E-03
  0.00000E+00   9.89759E+00  -1.92593E-02
  0.00000E+00   9.92468E+00  -3.18509E-02
  0.00000E+00   9.93885E+00  -4.42745E-02
  0.00000E+00   9.92813E+00  -5.52284E-02
  0.00000E+00   9.89760E+00  -6.40833E-02
  0.00000E+00   9.86627E+00  -6.80431E-02
  0.00000E+00   9.85067E+00  -6.45825E-02
  0.00000E+00   9.84930E+00  -5.52367E-02
  0.00000E+00   9.86182E+00  -3.98421E-02
  0.00000E+00   9.88438E+00  -1.80415E-02
  0.00000E+00   9.89449E+00   6.63237E-03
  0.00000E+00   9.88686E+00   3.16375E-02
  0.00000E+00   9.87327E+00   5.62015E-02
  0.00000E+00   9.84223E+00   7.68134E-02
  0.00000E+00   9.79585E+00   9.44858E-02
  0.00000E+00   9.76073E+00   1.11718E-01
  0.00000E+00   9.73963E+00   1.24479E-01
  0.00000E+00   9.72052E+00   1.34061E-01
  0.00000E+00   9.70381E+00   1.40783E-01
  0.00000E+00   9.69785E+00   1.45387E-01
  0.00000E+00   9.70817E+00   1.50048E-01
  0.00000E+00   9.74571E+00   1.53012E-01
  0.00000E+00   9.80916E+00   1.50972E-01
  0.00000E+00   9.88323E+00   1.41344E-01
  0.00000E+00   9.94924E+00   1.26029E-01
  0.00000E+00   1.00027E+01   1.08352E-01
  0.00000E+00   1.00497E+01   9.06034E-02
  0.00000E+00   1.01118E+01   7.50319E-02
  0.00000E+00   1.02010E+01   6.21059E-02
  0.00000E+00   1.03154E+01   4.71532E-02
  0.00000E+00   1.04386E+01   2.97218E-02
  0.00000E+00   1.05456E+01   1.69748E-02
  0.00000E+00   1.06312E+01   1.21029E-02
  0.00000E+00   1.07087E+01   1.77931E-02
  0.00000E+00   1.07920E+01   3.45019E-02
  0.00000E+00   1.08942E+01   6.05816E-02
  0.00000E+00   1.10045E+01   9.38587E-02
  0.00000E+00   1.10998E+01   1.32169E-01
  0.00000E+00   1.11586E+01   1.74034E-01
  0.00000E+00   1.11765E+01   2.17022E-01
  0.00000E+00   1.11805E+01   2.64255E-01
  0.00000E+00   1.11891E+01   3.17474E-01
  0.00000E+00   1.12081E+01   3.73381E-01
  0.00000E+00   1.12404E+01   4.27837E-01
  0.00000E+00   1.12847E+01   4.80155E-01
  0.00000E+00   1.13382E+01   5.24555E-01
  0.00000E+00   1.13862E+01   5.57019E-01
  0.00000E+00   1.14038E+01   5.80572E-01
  0.00000E+00   1.13757E+01   6.01863E-01
  0.00000E+00   1.12995E+01   6.22228E-01
  0.00000E+00   1.11909E+01   6.40659E-01
  0.00000E+00   1.10593E+01   6.51176E-01
  0.00000E+00   1.09146E+01   6.48676E-01
  0.00000E+00   1.07652E+01   6.29376E-01
  0.00000E+00   1.06221E+01   6.00159E-01
  0.00000E+00   1.05035E+01   5.71636E-01
  0.00000E+00   1.04136E+01   5.48744E-01
  0.00000E+00   1.03393E+01   5.31297E-01
  0.00000E+00   1.02783E+01   5.15784E-01
  0.00000E+00   1.02362E+01   4.96430E-01
  0.00000E+00   1.02052E+01   4.72708E-01
  0.00000E+00   1.01921E+01   4.45945E-01
  0.00000E+00   1.01932E+01   4.15312E-01
  0.00000E+00   1.02091E+01   3.78312E-01
  0.00000E+00   1.02394E+01   3.37108E-01
  0.00000E+00   1.02775E+01   2.97746E-01
  0.00000E+00   1.03098E+01   2.63615E-01
  0.00000E+00   1.03284E+01   2.35040E-01
  0.00000E+00   1.03376E+01   2.08050E-01
  0.00000E+00   1.03496E+01   1.79412E-01
  0.00000E+00   1.03672E+01   1.45770E-01
  0.00000E+00   1.03870E+01   1.06989E-01
  0.00000E+00   1.04222E+01   6.36137E-02
  0.00000E+00   1.04862E+01   1.73454E-02
  0.00000E+00   1.05663E+01  -2.54209E-02
  0.00000E+00   1.06434E+01  -6.39705E-02
  0.00000E+00   1.07099E+01  -9.81508E-02
  0.00000E+00   1.07676E+01  -1.24363E-01
  0.00000E+00   1.08251E+01  -1.38977E-01
  0.00000E+00   1.08864E+01  -1.41012E-01
  0.00000E+00   1.09512E+01  -1.33816E-01
  0.00000E+00   1.10168E+01  -1.22895E-01
  0.00000E+00   1.10815E+01  -1.10978E-01
  0.00000E+00   1.11424E+01  -9.97409E-02
  0.00000E+00   1.11951E+01  -9.20354E-02
  0.00000E+00   1.12377E+01  -8.87726E-02
  0.00000E+00   1.12758E+01  -8.95830E-02
  0.00000E+00   1.13188E+01  -9.28859E-02
  0.00000E+00   1.13739E+01  -9.75119E-02
  0.00000E+00   1.14411E+01  -1.04960E-01
  0.00000E+00   1.15144E+01  -1.17833E-01
  0.00000E+00   1.15896E+01  -1.33297E-01
  0.00000E+00   1.16640E+01  -1.48370E-01
  0.00000E+00   1.17267E+01  -1.62533E-01
  0.00000E+00   1.17735E+01  -1.80380E-01
  0.00000E+00   1.18067E+01  -1.97620E-01
  0.00000E+00   1.18084E+01  -2.07880E-01
  0.00000E+00   1.17686E+01  -2.12360E-01
  0.00000E+00   1.17094E+01  -2.13757E-01
  0.00000E+00   1.16478E+01  -2.12283E-01
  0.00000E+00   1.15949E+01  -2.07926E-01
  0.00000E+00   1.15589E+01  -2.06730E-01
  0.00000E+00   1.15398E+01  -2.10458E-01
  0.00000E+00   1.15325E+01  -2.15821E-01
  0.00000E+00   1.15292E+01  -2.20557E-01
  0.00000E+00   1.15157E+01  -2.23783E-01
  0.00000E+00   1.14849E+01  -2.28275E-01
  0.00000E+00   1.14434E+01  -2.32613E-01
  0.00000E+00   1.14060E+01  -2.33512E-01
  0.00000E+00   1.13825E+01  -2.28584E-01
  0.00000E+00   1.13698E+01  -2.14871E-01
  0.00000E+00   1.13647E+01  -1.88601E-01
  0.00000E+00   1.13679E+01  -1.52093E-01
  0.00000E+00   1.13879E+01  -1.07136E-01
  0.00000E+00   1.14285E+01  -5.71236E-02
  0.00000E+00   1.14871E+01  -6.70802E-03
  0.00000E+00   1.15469E+01   4.42395E-02
  0.00000E+00   1.15871E+01   9.46429E-02
  0.00000E+00   1.16005E+01   1.36136E-01
  0.00000E+00   1.15998E+01   1.68936E-01
  0.00000E+00   1.16028E+01   1.95514E-01
  0.00000E+00   1.16229E+01   2.15420E-01
  0.00000E+00   1.16452E+01   2.30351E-01
  0.00000E+00   1.16599E+01   2.40348E-01
  0.00000E+00   1.16653E+01   2.48163E-01
  0.00000E+00   1.16579E+01   2.52211E-01
  0.00000E+00   1.16338E+01   2.48586E-01
  0.00000E+00   1.16101E+01   2.41545E-01
  0.00000E+00   1.16113E+01   2.30005E-01
  0.00000E+00   1.16540E+01   2.12930E-01
  0.00000E+00   1.17346E+01   1.96245E-01
  0.00000E+00   1.18262E+01   1.83584E-01
  0.00000E+00   1.19107E+01   1.74807E-01
  0.00000E+00   1.19793E+01   1.68546E-01
  0.00000E+00   1.20286E+01   1.65496E-01
  0.00000E+00   1.20579E+01   1.60470E-01
  0.00000E+00   1.20587E+01   1.50564E-01
  0.00000E+00   1.20232E+01   1.34159E-01
  0.00000E+00   1.19608E+01   1.10592E-01
  0.00000E+00   1.18880E+01   7.94787E-02
  0.00000E+00   1.18097E+01   4.88036E-02
  0.00000E+00   1.17327E+01   2.97017E-02
  0.00000E+00   1.16675E+01   3.20141E-02
  0.00000E+00   1.16350E+01   5.88100E-02
  0.00000E+00   1.16399E+01   9.88843E-02
  0.00000E+00   1.16585E+01   1.38871E-01
  0.00000E+00   1.16707E+01   1.75402E-01
  0.00000E+00   1.16718E+01   2.07685E-01
  0.00000E+00   1.16746E+01   2.38093E-01
  0.00000E+00   1.16879E+01   2.68170E-01
  0.00000E+00   1.16893E+01   3.04209E-01
  0.00000E+00   1.16648E+01   3.45843E-01
  0.00000E+00   1.16141E+01   3.84582E-01
  0.00000E+00   1.15476E+01   4.17659E-01
  0.00000E+00   1.14843E+01   4.45839E-01
  0.00000E+00   1.14356E+01   4.68149E-01
  0.00000E+00   1.13839E+01   4.82444E-01
  0.00000E+00   1.13220E+01   4.87656E-01
  0.00000E+00   1.12536E+01   4.80801E-01
  0.00000E+00   1.11760E+01   4.62896E-01
  0.00000E+00   1.10870E+01   4.35726E-01
  0.00000E+00   1.09861E+01   4.09651E-01
  0.00000E+00   1.08718E+01   3.94492E-01
  0.00000E+00   1.07494E+01   3.90051E-01
  0.00000E+00   1.06180E+01   3.88920E-01
  0.00000E+00   1.04899E+01   3.90948E-01
  0.00000E+00   1.03694E+01   3.98968E-01
  0.00000E+00   1.02595E+01   4.08168E-01
  0.00000E+00   1.01607E+01   4.07823E-01
  0.00000E+00   1.00690E+01   3.93437E-01
  0.00000E+00   9.97763E+00   3.72322E-01
  0.00000E+00   9.88796E+00   3.51720E-01
  0.00000E+00   9.80747E+00   3.37421E-01
  0.00000E+00   9.73830E+00   3.32312E-01
  0.00000E+00   9.67969E+00   3.33807E-01
  0.00000E+00   9.63500E+00   3.36451E-01
  0.00000E+00   9.59829E+00   3.36323E-01
  0.00000E+00   9.56040E+00   3.30172E-01
  0.00000E+00   9.50846E+00   3.15128E-01
  0.00000E+00   9.43319E+00   2.95539E-01
  0.00000E+00   9.33950E+00   2.79018E-01
  0.00000E+00   9.23618E+00   2.69801E-01
  0.00000E+00   9.12502E+00   2.64907E-01
  0.00000E+00   9.00160E+00   2.59606E-01
  0.00000E+00   8.86651E+00   2.52841E-01
  0.00000E+00   8.72179E+00   2.41256E-01
  0.00000E+00   8.56617E+00   2.23152E-01
  0.00000E+00   8.40354E+00   2.02267E-01
  0.00000E+00   8.24727E+00   1.81237E-01
  0.00000E+00   8.10952E+00   1.61259E-01
  0.00000E+00   7.99564E+00   1.43545E-01
  0.00000E+00   7.90597E+00   1.29259E-01
  0.00000E+00   7.83836E+00   1.16421E-01
  0.00000E+00   7.79034E+00   1.03149E-01
  0.00000E+00   7.75614E+00   9.17421E-02
  0.00000E+00   7.73365E+00   8.87632E-02
  0.00000E+00   7.72470E+00   9.70165E-02
  0.00000E+00   7.72729E+00   1.11073E-01
  0.00000E+00   7.73514E+00   1.24679E-01
  0.00000E+00   7.74037E+00   1.37657E-01
  0.00000E+00   7.73199E+00   1.52310E-01
  0.00000E+00   7.70522E+00   1.68140E-01
  0.00000E+00   7.66224E+00   1.83039E-01
  0.00000E+00   7.61075E+00   1.93154E-01
  0.00000E+00   7.56055E+00   1.92179E-01
  0.00000E+00   7.52008E+00   1.76256E-01
  0.00000E+00   7.49642E+00   1.49029E-01
  0.00000E+00   7.49309E+00   1.16436E-01
  0.00000E+00   7.50895E+00   8.36409E-02
  0.00000E+00   7.53815E+00   5.54919E-02
  0.00000E+00   7.57324E+00   3.51247E-02
  0.00000E+00   7.60589E+00   2.23986E-02
  0.00000E+00   7.62821E+00   1.65379E-02
  0.00000E+00   7.64090E+00   1.58377E-02
  0.00000E+00   7.64925E+00   1.74439E-02
  0.00000E+00   7.65435E+00   1.80541E-02
  0.00000E+00   7.65346E+00   1.57732E-02
  0.00000E+00   7.64403E+00   1.19893E-02
  0.00000E+00   7.62651E+00   9.24728E-03
  0.00000E+00   7.60474E+00   9.15924E-03
  0.00000E+00   7.58399E+00   1.26898E-02
  0.00000E+00   7.56578E+00   1.97954E-02
  0.00000E+00   7.54620E+00   2.74256E-02
  0.00000E+00   7.51978E+00   3.29909E-02
  0.00000E+00   7.48520E+00   3.56363E-02
  0.00000E+00   7.44645E+00   3.66470E-02
  0.00000E+00   7.40846E+00   3.67199E-02
  0.00000E+00   7.37535E+00   3.62532E-02
  0.00000E+00   7.35056E+00   3.65974E-02
  0.00000E+00   7.33771E+00   3.87791E-02
  0.00000E+00   7.33997E+00   4.35305E-02
  0.00000E+00   7.35767E+00   5.03977E-02
  0.00000E+00   7.39044E+00   5.91090E-02
  0.00000E+00   7.43746E+00   6.91743E-02
  0.00000E+00   7.49704E+00   7.88192E-02
  0.00000E+00   7.56805E+00   8.56748E-02
  0.00000E+00   7.65016E+00   8.82596E-02
  0.00000E+00   7.74094E+00   8.58707E-02
  0.00000E+00   7.83622E+00   7.82767E-02
  0.00000E+00   7.93171E+00   6.59234E-02
  0.00000E+00   8.02693E+00   5.25989E-02
  0.00000E+00   8.11747E+00   4.09245E-02
  0.00000E+00   8.20292E+00   3.35676E-02
  0.00000E+00   8.28519E+00   3.19765E-02
  0.00000E+00   8.36602E+00   3.26229E-02
  0.00000E+00   8.44545E+00   3.03333E-02
