  0.00000E+00   5.34982E-05   4.32793E-06
  0.00000E+00   5.10285E-05   6.86577E-06
  0.00000E+00   5.04857E-05   6.71077E-06
  0.00000E+00   5.35603E-05   6.71081E-06
  0.00000E+00   6.01587E-05   6.85000E-06
  0.00000E+00   7.04155E-05   7.13913E-06
  0.00000E+00   8.41984E-05   7.72276E-06
  0.00000E+00   1.02258E-04   8.70452E-06
  0.00000E+00   1.25366E-04   1.02054E-05
  0.00000E+00   1.54694E-04   1.23194E-05
  0.00000E+00   1.91735E-04   1.51587E-05
  0.00000E+00   2.38388E-04   1.88773E-05
  0.00000E+00   2.96752E-04   2.37342E-05
  0.00000E+00   3.70488E-04   2.99544E-05
  0.00000E+00   4.63012E-04   3.79278E-05
  0.00000E+00   5.78942E-04   4.81355E-05
  0.00000E+00   7.25501E-04   6.10184E-05
  0.00000E+00   9.09520E-04   7.73378E-05
  0.00000E+00   1.14207E-03   9.78689E-05
  0.00000E+00   1.43560E-03   1.23605E-04
  0.00000E+00   1.80723E-03   1.55766E-04
  0.00000E+00   2.27734E-03   1.96177E-04
  0.00000E+00   2.87284E-03   2.46517E-04
  0.00000E+00   3.62846E-03   3.09203E-04
  0.00000E+00   4.58766E-03   3.87474E-04
  0.00000E+00   5.80511E-03   4.84854E-04
  0.00000E+00   7.35225E-03   6.05884E-04
  0.00000E+00   9.32006E-03   7.56218E-04
  0.00000E+00   1.18200E-02   9.43004E-04
  0.00000E+00   1.49962E-02   1.17457E-03
  0.00000E+00   1.90335E-02   1.46081E-03
  0.00000E+00   2.41572E-02   1.81458E-03
  0.00000E+00   3.06487E-02   2.25078E-03
  0.00000E+00   3.88626E-02   2.78638E-03
  0.00000E+00   4.92339E-02   3.44110E-03
  0.00000E+00   6.22894E-02   4.23833E-03
  0.00000E+00   7.86682E-02   5.20326E-03
  0.00000E+00   9.91389E-02   6.36301E-03
  0.00000E+00   1.24612E-01   7.74614E-03
  0.00000E+00   1.56156E-01   9.38131E-03
  0.00000E+00   1.95005E-01   1.12959E-02
  0.00000E+00   2.42571E-01   1.35137E-02
  0.00000E+00   3.00438E-01   1.60527E-02
  0.00000E+00   3.70359E-01   1.89215E-02
  0.00000E+00   4.54233E-01   2.21144E-02
  0.00000E+00   5.54072E-01   2.56059E-02
  0.00000E+00   6.71960E-01   2.93463E-02
  0.00000E+00   8.09990E-01   3.32551E-02
  0.00000E+00   9.70189E-01   3.72155E-02
  0.00000E+00   1.15443E+00   4.10678E-02
  0.00000E+00   1.36432E+00   4.46050E-02
  0.00000E+00   1.60115E+00   4.75699E-02
  0.00000E+00   1.86576E+00   4.96558E-02
  0.00000E+00   2.15859E+00   5.05165E-02
  0.00000E+00   2.47966E+00   4.97898E-02
  0.00000E+00   2.82864E+00   4.71386E-02
  0.00000E+00   3.20503E+00   4.23040E-02
  0.00000E+00   3.60837E+00   3.51455E-02
  0.00000E+00   4.03839E+00   2.56566E-02
  0.00000E+00   4.49524E+00   1.39576E-02
  0.00000E+00   4.97936E+00   3.03869E-04
  0.00000E+00   5.49134E+00  -1.48520E-02
  0.00000E+00   6.03136E+00  -3.07909E-02
  0.00000E+00   6.59849E+00  -4.64951E-02
  0.00000E+00   7.18994E+00  -6.07928E-02
  0.00000E+00   7.80106E+00  -7.23311E-02
  0.00000E+00   8.42722E+00  -7.96525E-02
  0.00000E+00   9.06778E+00  -8.12449E-02
  0.00000E+00   9.72552E+00  -7.65445E-02
  0.00000E+00   1.03981E+01  -6.43772E-02
  0.00000E+00   1.10698E+01  -4.50886E-02
  0.00000E+00   1.17207E+01  -2.25507E-02
  0.00000E+00   1.23449E+01   1.36403E-03
  0.00000E+00   1.29414E+01   3.44054E-02
  0.00000E+00   1.35193E+01   9.83481E-02
  0.00000E+00   1.41017E+01   2.04212E-01
  0.00000E+00   1.47206E+01   3.25474E-01
  0.00000E+00   1.53738E+01   4.38963E-01
  0.00000E+00   1.59991E+01   5.26923E-01
  0.00000E+00   1.65874E+01   5.86295E-01
  0.00000E+00   1.72439E+01   6.20328E-01
  0.00000E+00   1.79938E+01   6.40573E-01
  0.00000E+00   1.87667E+01   6.36128E-01
  0.00000E+00   1.94802E+01   6.29471E-01
  0.00000E+00   2.00559E+01   6.14309E-01
  0.00000E+00   2.04810E+01   6.02392E-01
  0.00000E+00   2.08011E+01   5.85765E-01
  0.00000E+00   2.09939E+01   5.88123E-01
  0.00000E+00   2.11338E+01   6.09746E-01
  0.00000E+00   2.13189E+01   6.46767E-01
  0.00000E+00   2.15163E+01   6.44571E-01
  0.00000E+00   2.17586E+01   6.28744E-01
  0.00000E+00   2.21914E+01   6.16828E-01
  0.00000E+00   2.26351E+01   6.02103E-01
  0.00000E+00   2.29432E+01   5.80769E-01
  0.00000E+00   2.31493E+01   5.60608E-01
  0.00000E+00   2.33906E+01   5.83679E-01
  0.00000E+00   2.37995E+01   5.85029E-01
  0.00000E+00   2.44896E+01   5.01773E-01
  0.00000E+00   2.53838E+01   4.44766E-01
  0.00000E+00   2.64709E+01   4.19942E-01
  0.00000E+00   2.77818E+01   3.76702E-01
  0.00000E+00   2.92937E+01   3.83337E-01
  0.00000E+00   3.10109E+01   4.23405E-01
  0.00000E+00   3.28670E+01   4.79559E-01
  0.00000E+00   3.47555E+01   5.23226E-01
  0.00000E+00   3.65068E+01   5.28108E-01
  0.00000E+00   3.81683E+01   4.87269E-01
  0.00000E+00   3.99429E+01   4.54483E-01
  0.00000E+00   4.17725E+01   4.51487E-01
  0.00000E+00   4.35913E+01   4.68954E-01
  0.00000E+00   4.53968E+01   5.29913E-01
  0.00000E+00   4.71784E+01   6.57883E-01
  0.00000E+00   4.90324E+01   7.89555E-01
  0.00000E+00   5.07780E+01   9.59689E-01
  0.00000E+00   5.20619E+01   1.08658E+00
  0.00000E+00   5.24459E+01   1.10820E+00
  0.00000E+00   5.12771E+01   9.66884E-01
  0.00000E+00   4.80697E+01   5.90133E-01
  0.00000E+00   4.41851E+01   1.32935E-01
  0.00000E+00   4.11182E+01  -2.28325E-01
  0.00000E+00   3.92755E+01  -4.88363E-01
  0.00000E+00   3.84337E+01  -5.66167E-01
  0.00000E+00   3.83844E+01  -4.97892E-01
  0.00000E+00   3.88056E+01  -3.39506E-01
  0.00000E+00   3.92992E+01  -1.46600E-01
  0.00000E+00   4.00509E+01   1.06308E-02
  0.00000E+00   4.11334E+01   9.62936E-02
  0.00000E+00   4.23261E+01   7.18328E-02
  0.00000E+00   4.36748E+01   2.34665E-02
  0.00000E+00   4.48273E+01  -1.16149E-01
  0.00000E+00   4.56786E+01  -3.10119E-01
  0.00000E+00   4.63382E+01  -4.27678E-01
  0.00000E+00   4.69332E+01  -4.68589E-01
  0.00000E+00   4.75700E+01  -4.55330E-01
  0.00000E+00   4.84169E+01  -3.59396E-01
  0.00000E+00   4.91730E+01  -2.08067E-01
  0.00000E+00   4.97893E+01  -1.40935E-02
  0.00000E+00   5.03919E+01   1.42483E-01
  0.00000E+00   5.12192E+01   3.04852E-01
  0.00000E+00   5.24079E+01   4.02500E-01
  0.00000E+00   5.35272E+01   4.41895E-01
  0.00000E+00   5.39334E+01   4.30802E-01
  0.00000E+00   5.35319E+01   3.24753E-01
  0.00000E+00   5.27681E+01   1.83557E-01
  0.00000E+00   5.22549E+01  -1.02310E-02
  0.00000E+00   5.21861E+01  -1.45371E-01
  0.00000E+00   5.23238E+01  -2.44649E-01
  0.00000E+00   5.25303E+01  -2.84612E-01
  0.00000E+00   5.30739E+01  -3.30814E-01
  0.00000E+00   5.41783E+01  -3.67380E-01
  0.00000E+00   5.57299E+01  -4.03192E-01
  0.00000E+00   5.71294E+01  -4.59412E-01
  0.00000E+00   5.79386E+01  -4.96752E-01
  0.00000E+00   5.83532E+01  -4.29032E-01
  0.00000E+00   5.83378E+01  -3.90403E-01
  0.00000E+00   5.79164E+01  -4.05468E-01
  0.00000E+00   5.71439E+01  -4.24138E-01
  0.00000E+00   5.57457E+01  -4.54515E-01
  0.00000E+00   5.41126E+01  -4.60445E-01
  0.00000E+00   5.24133E+01  -4.71497E-01
  0.00000E+00   5.03936E+01  -4.27883E-01
  0.00000E+00   4.86164E+01  -1.98355E-01
  0.00000E+00   4.77556E+01  -9.73115E-02
  0.00000E+00   4.73402E+01  -3.84317E-02
  0.00000E+00   4.67260E+01  -3.01740E-02
  0.00000E+00   4.58527E+01  -1.65444E-01
  0.00000E+00   4.52505E+01  -1.46821E-01
  0.00000E+00   4.52351E+01  -7.10137E-02
  0.00000E+00   4.58129E+01   3.68451E-02
  0.00000E+00   4.66965E+01   2.78040E-02
  0.00000E+00   4.77053E+01   4.96549E-02
  0.00000E+00   4.89357E+01   7.61971E-02
  0.00000E+00   5.03605E+01   7.11032E-02
  0.00000E+00   5.16116E+01  -4.59136E-02
  0.00000E+00   5.23972E+01  -1.06955E-01
  0.00000E+00   5.25186E+01  -9.81460E-02
  0.00000E+00   5.21411E+01  -1.72648E-01
  0.00000E+00   5.17754E+01  -2.63177E-01
  0.00000E+00   5.16246E+01  -3.23713E-01
  0.00000E+00   5.15811E+01  -2.26192E-01
  0.00000E+00   5.15983E+01  -1.00597E-01
  0.00000E+00   5.18801E+01   1.35388E-02
  0.00000E+00   5.26867E+01   9.07889E-02
  0.00000E+00   5.40153E+01   8.88022E-02
  0.00000E+00   5.56052E+01   1.14860E-01
  0.00000E+00   5.69268E+01   1.40850E-01
  0.00000E+00   5.79516E+01   1.18068E-01
  0.00000E+00   5.90001E+01   1.74682E-03
  0.00000E+00   5.98563E+01  -7.86963E-02
  0.00000E+00   6.01119E+01  -6.85254E-02
  0.00000E+00   6.00317E+01  -7.13248E-02
  0.00000E+00   5.99091E+01  -4.68454E-02
  0.00000E+00   6.01387E+01  -1.06356E-01
  0.00000E+00   6.05418E+01  -2.53034E-01
  0.00000E+00   6.04131E+01  -4.84215E-01
  0.00000E+00   5.98971E+01  -7.14966E-01
  0.00000E+00   5.94437E+01  -8.47803E-01
  0.00000E+00   5.93496E+01  -8.63167E-01
  0.00000E+00   5.93330E+01  -7.40676E-01
  0.00000E+00   5.92818E+01  -5.60592E-01
  0.00000E+00   5.98546E+01  -3.28096E-01
  0.00000E+00   6.10305E+01  -1.55303E-01
  0.00000E+00   6.22487E+01   6.06156E-02
  0.00000E+00   6.29066E+01   1.30388E-01
  0.00000E+00   6.28600E+01   1.38326E-01
  0.00000E+00   6.27238E+01   3.43019E-02
  0.00000E+00   6.32447E+01  -1.36095E-01
  0.00000E+00   6.38876E+01  -2.92075E-01
  0.00000E+00   6.41210E+01  -3.17694E-01
  0.00000E+00   6.39940E+01  -3.28572E-01
  0.00000E+00   6.43417E+01  -3.20079E-01
  0.00000E+00   6.58466E+01  -2.96563E-01
  0.00000E+00   6.83752E+01  -3.02863E-01
  0.00000E+00   7.06237E+01  -2.86955E-01
  0.00000E+00   7.14635E+01  -2.21974E-01
  0.00000E+00   7.11888E+01  -1.00537E-01
  0.00000E+00   7.09392E+01  -2.44864E-03
  0.00000E+00   7.13255E+01   7.79624E-02
  0.00000E+00   7.22123E+01   1.77272E-01
  0.00000E+00   7.36341E+01   2.78727E-01
  0.00000E+00   7.52302E+01   3.75776E-01
  0.00000E+00   7.69592E+01   4.60819E-01
  0.00000E+00   7.89906E+01   5.88843E-01
  0.00000E+00   8.07253E+01   7.96772E-01
  0.00000E+00   8.19632E+01   1.05617E+00
  0.00000E+00   8.35798E+01   1.35531E+00
  0.00000E+00   8.59551E+01   1.70124E+00
  0.00000E+00   8.83065E+01   1.88235E+00
  0.00000E+00   8.93434E+01   1.89554E+00
  0.00000E+00   8.82503E+01   1.87025E+00
  0.00000E+00   8.59554E+01   1.84797E+00
  0.00000E+00   8.42644E+01   1.77892E+00
  0.00000E+00   8.43174E+01   1.65281E+00
  0.00000E+00   8.57829E+01   1.36556E+00
  0.00000E+00   8.79925E+01   1.14815E+00
  0.00000E+00   9.02701E+01   1.01127E+00
  0.00000E+00   9.14138E+01   1.07220E+00
  0.00000E+00   9.06661E+01   1.18896E+00
  0.00000E+00   8.83517E+01   1.22891E+00
  0.00000E+00   8.59923E+01   1.30139E+00
  0.00000E+00   8.48652E+01   1.28060E+00
  0.00000E+00   8.52679E+01   1.19720E+00
  0.00000E+00   8.66413E+01   1.12649E+00
  0.00000E+00   8.80654E+01   1.01600E+00
  0.00000E+00   8.98999E+01   8.11926E-01
  0.00000E+00   9.19776E+01   4.98344E-01
  0.00000E+00   9.34226E+01   1.61944E-01
  0.00000E+00   9.37139E+01  -1.93979E-01
  0.00000E+00   9.33209E+01  -5.17791E-01
  0.00000E+00   9.28605E+01  -8.41911E-01
  0.00000E+00   9.23931E+01  -9.75076E-01
  0.00000E+00   9.15796E+01  -1.05107E+00
  0.00000E+00   8.99187E+01  -8.85672E-01
  0.00000E+00   8.83782E+01  -9.15543E-01
  0.00000E+00   8.74083E+01  -1.29996E+00
  0.00000E+00   8.75429E+01  -1.84290E+00
  0.00000E+00   8.84442E+01  -2.31322E+00
  0.00000E+00   8.94415E+01  -2.66190E+00
  0.00000E+00   9.02540E+01  -2.81132E+00
  0.00000E+00   9.04102E+01  -2.74489E+00
  0.00000E+00   9.04968E+01  -2.65290E+00
  0.00000E+00   9.07299E+01  -2.44263E+00
  0.00000E+00   9.12294E+01  -2.22509E+00
  0.00000E+00   9.14970E+01  -2.11315E+00
  0.00000E+00   9.24410E+01  -2.04479E+00
  0.00000E+00   9.34870E+01  -1.94785E+00
  0.00000E+00   9.37444E+01  -1.87030E+00
  0.00000E+00   9.33642E+01  -1.67896E+00
  0.00000E+00   9.19326E+01  -1.42153E+00
  0.00000E+00   9.04313E+01  -1.23050E+00
  0.00000E+00   8.95172E+01  -1.08547E+00
  0.00000E+00   8.86094E+01  -1.10573E+00
  0.00000E+00   8.67868E+01  -1.17498E+00
  0.00000E+00   8.28945E+01  -1.45422E+00
  0.00000E+00   7.71346E+01  -1.61956E+00
  0.00000E+00   7.09882E+01  -1.53017E+00
  0.00000E+00   6.65805E+01  -1.50527E+00
  0.00000E+00   6.39746E+01  -1.40866E+00
  0.00000E+00   6.28413E+01  -1.28241E+00
  0.00000E+00   6.30169E+01  -1.19943E+00
  0.00000E+00   6.27030E+01  -9.21836E-01
  0.00000E+00   6.25412E+01  -6.46355E-01
  0.00000E+00   6.26955E+01  -6.53111E-01
  0.00000E+00   6.38612E+01  -7.75742E-01
  0.00000E+00   6.65708E+01  -8.53782E-01
  0.00000E+00   7.02067E+01  -1.00962E+00
  0.00000E+00   7.32774E+01  -9.88971E-01
  0.00000E+00   7.38810E+01  -9.20117E-01
  0.00000E+00   7.28232E+01  -8.89019E-01
  0.00000E+00   7.09168E+01  -8.03713E-01
  0.00000E+00   6.94726E+01  -7.17358E-01
  0.00000E+00   6.92930E+01  -7.09416E-01
  0.00000E+00   7.06952E+01  -8.28890E-01
  0.00000E+00   7.24545E+01  -8.73958E-01
  0.00000E+00   7.37374E+01  -8.79875E-01
  0.00000E+00   7.41260E+01  -7.62359E-01
  0.00000E+00   7.41423E+01  -7.74149E-01
  0.00000E+00   7.41586E+01  -7.40255E-01
  0.00000E+00   7.43236E+01  -7.89851E-01
  0.00000E+00   7.48887E+01  -8.55389E-01
  0.00000E+00   7.60553E+01  -9.02243E-01
  0.00000E+00   7.76900E+01  -9.05385E-01
  0.00000E+00   7.89366E+01  -8.66354E-01
  0.00000E+00   7.94874E+01  -8.14543E-01
  0.00000E+00   7.90934E+01  -7.45388E-01
  0.00000E+00   7.84036E+01  -7.38114E-01
  0.00000E+00   7.80700E+01  -7.47575E-01
  0.00000E+00   7.81746E+01  -7.42607E-01
  0.00000E+00   7.86967E+01  -7.41074E-01
  0.00000E+00   7.97813E+01  -8.11012E-01
  0.00000E+00   8.10201E+01  -1.00408E+00
  0.00000E+00   8.13488E+01  -1.28639E+00
  0.00000E+00   8.10259E+01  -1.50199E+00
  0.00000E+00   8.03806E+01  -1.68936E+00
  0.00000E+00   7.98563E+01  -1.85286E+00
  0.00000E+00   7.92457E+01  -2.02187E+00
  0.00000E+00   7.84628E+01  -2.02767E+00
  0.00000E+00   7.69797E+01  -1.96308E+00
  0.00000E+00   7.45574E+01  -1.88943E+00
  0.00000E+00   7.18840E+01  -1.70176E+00
  0.00000E+00   7.00485E+01  -1.74474E+00
  0.00000E+00   6.94009E+01  -1.92734E+00
  0.00000E+00   6.93099E+01  -2.05117E+00
  0.00000E+00   6.83492E+01  -2.05094E+00
  0.00000E+00   6.65058E+01  -2.15180E+00
  0.00000E+00   6.44429E+01  -2.24895E+00
  0.00000E+00   6.29878E+01  -2.31893E+00
  0.00000E+00   6.22711E+01  -2.36788E+00
  0.00000E+00   6.21471E+01  -2.47922E+00
  0.00000E+00   6.30522E+01  -2.36756E+00
  0.00000E+00   6.44900E+01  -2.11776E+00
  0.00000E+00   6.60546E+01  -2.02694E+00
  0.00000E+00   6.66516E+01  -1.90981E+00
  0.00000E+00   6.68918E+01  -1.68739E+00
  0.00000E+00   6.66619E+01  -1.53742E+00
  0.00000E+00   6.67387E+01  -1.36287E+00
  0.00000E+00   6.77821E+01  -1.06205E+00
  0.00000E+00   6.95895E+01  -7.92986E-01
  0.00000E+00   7.10461E+01  -4.67676E-01
  0.00000E+00   7.21711E+01  -4.93462E-02
  0.00000E+00   7.31193E+01   4.74713E-01
  0.00000E+00   7.41024E+01   8.09299E-01
  0.00000E+00   7.45643E+01   1.03512E+00
  0.00000E+00   7.50702E+01   1.16691E+00
  0.00000E+00   7.59288E+01   1.11617E+00
  0.00000E+00   7.72570E+01   1.09138E+00
  0.00000E+00   7.89185E+01   1.03780E+00
  0.00000E+00   8.09905E+01   1.01984E+00
  0.00000E+00   8.27528E+01   1.00521E+00
  0.00000E+00   8.37114E+01   8.42391E-01
  0.00000E+00   8.39165E+01   5.46856E-01
  0.00000E+00   8.37001E+01   2.73310E-01
  0.00000E+00   8.33071E+01   5.76415E-02
  0.00000E+00   8.29121E+01  -1.38001E-01
  0.00000E+00   8.22274E+01  -4.12635E-01
  0.00000E+00   8.14880E+01  -5.80959E-01
  0.00000E+00   8.03444E+01  -6.64698E-01
  0.00000E+00   7.83851E+01  -8.55842E-01
  0.00000E+00   7.58091E+01  -1.15258E+00
  0.00000E+00   7.27226E+01  -1.51244E+00
  0.00000E+00   6.96968E+01  -1.73047E+00
  0.00000E+00   6.70602E+01  -1.88393E+00
  0.00000E+00   6.50049E+01  -2.02591E+00
  0.00000E+00   6.41225E+01  -2.04087E+00
  0.00000E+00   6.42318E+01  -1.93261E+00
  0.00000E+00   6.44119E+01  -1.73757E+00
  0.00000E+00   6.36210E+01  -1.61219E+00
  0.00000E+00   6.20397E+01  -1.68123E+00
  0.00000E+00   6.00263E+01  -1.63177E+00
  0.00000E+00   5.82918E+01  -1.48892E+00
  0.00000E+00   5.68812E+01  -1.25479E+00
  0.00000E+00   5.63532E+01  -1.23108E+00
  0.00000E+00   5.63198E+01  -1.14836E+00
  0.00000E+00   5.68628E+01  -1.02060E+00
  0.00000E+00   5.77991E+01  -9.63082E-01
  0.00000E+00   5.83806E+01  -8.96806E-01
  0.00000E+00   5.81630E+01  -8.30618E-01
  0.00000E+00   5.73925E+01  -8.87424E-01
  0.00000E+00   5.69465E+01  -9.30060E-01
  0.00000E+00   5.68097E+01  -9.50387E-01
  0.00000E+00   5.63313E+01  -1.06231E+00
  0.00000E+00   5.57161E+01  -1.09302E+00
  0.00000E+00   5.56001E+01  -9.60782E-01
  0.00000E+00   5.63143E+01  -8.44204E-01
  0.00000E+00   5.75631E+01  -5.67469E-01
  0.00000E+00   5.84991E+01  -2.83001E-01
  0.00000E+00   5.90999E+01  -1.20993E-01
  0.00000E+00   5.96999E+01  -1.26852E-01
  0.00000E+00   6.04017E+01  -2.54324E-01
  0.00000E+00   6.12175E+01  -2.29538E-01
  0.00000E+00   6.17664E+01  -6.75730E-02
  0.00000E+00   6.22536E+01   1.73096E-01
  0.00000E+00   6.31281E+01   4.53346E-01
  0.00000E+00   6.45286E+01   6.43934E-01
  0.00000E+00   6.55736E+01   7.38483E-01
  0.00000E+00   6.56438E+01   7.32497E-01
  0.00000E+00   6.51474E+01   6.50433E-01
  0.00000E+00   6.49614E+01   5.45396E-01
  0.00000E+00   6.54352E+01   4.04119E-01
  0.00000E+00   6.65383E+01   1.01448E-01
  0.00000E+00   6.79305E+01  -1.39786E-01
  0.00000E+00   6.89897E+01  -2.31696E-01
  0.00000E+00   6.92152E+01  -3.37409E-01
  0.00000E+00   6.87744E+01  -4.29624E-01
  0.00000E+00   6.80058E+01  -5.30280E-01
  0.00000E+00   6.78548E+01  -5.52899E-01
  0.00000E+00   6.90153E+01  -5.51190E-01
  0.00000E+00   7.13193E+01  -6.22874E-01
  0.00000E+00   7.39992E+01  -8.05861E-01
  0.00000E+00   7.58033E+01  -9.65290E-01
  0.00000E+00   7.63522E+01  -1.01292E+00
  0.00000E+00   7.64042E+01  -9.96604E-01
  0.00000E+00   7.62662E+01  -9.73726E-01
  0.00000E+00   7.60512E+01  -9.81306E-01
  0.00000E+00   7.52086E+01  -9.54836E-01
  0.00000E+00   7.41513E+01  -7.30088E-01
  0.00000E+00   7.28541E+01  -5.03625E-01
  0.00000E+00   7.17293E+01  -5.04909E-01
  0.00000E+00   7.13568E+01  -5.77210E-01
  0.00000E+00   7.18742E+01  -7.45556E-01
  0.00000E+00   7.28159E+01  -9.00531E-01
  0.00000E+00   7.33551E+01  -1.08896E+00
  0.00000E+00   7.28904E+01  -1.23827E+00
  0.00000E+00   7.17588E+01  -1.19112E+00
  0.00000E+00   7.06992E+01  -1.05100E+00
  0.00000E+00   7.00540E+01  -9.35673E-01
  0.00000E+00   7.01838E+01  -7.24265E-01
  0.00000E+00   7.10602E+01  -4.28963E-01
  0.00000E+00   7.19537E+01  -1.75540E-01
  0.00000E+00   7.21201E+01   8.80967E-02
  0.00000E+00   7.13504E+01   1.57684E-01
  0.00000E+00   6.96838E+01   5.79664E-02
  0.00000E+00   6.82695E+01  -6.98057E-02
  0.00000E+00   6.78295E+01  -8.16736E-02
  0.00000E+00   6.80663E+01   7.21671E-02
  0.00000E+00   6.85021E+01   1.48838E-01
  0.00000E+00   6.83034E+01   3.12161E-01
  0.00000E+00   6.78584E+01   4.76189E-01
  0.00000E+00   6.72923E+01   4.61026E-01
  0.00000E+00   6.67687E+01   4.25319E-01
  0.00000E+00   6.65759E+01   4.66286E-01
  0.00000E+00   6.74614E+01   4.17740E-01
  0.00000E+00   6.89597E+01   2.99457E-01
  0.00000E+00   6.95681E+01   3.79898E-01
  0.00000E+00   6.93499E+01   3.78648E-01
  0.00000E+00   6.86252E+01   3.29370E-01
  0.00000E+00   6.87125E+01   2.94806E-01
  0.00000E+00   7.02995E+01   2.06425E-01
  0.00000E+00   7.31382E+01  -5.00738E-03
  0.00000E+00   7.58651E+01  -4.55045E-01
  0.00000E+00   7.63362E+01  -8.76207E-01
  0.00000E+00   7.42676E+01  -1.26272E+00
  0.00000E+00   7.15748E+01  -1.59975E+00
  0.00000E+00   6.94793E+01  -2.01514E+00
  0.00000E+00   6.86518E+01  -2.48940E+00
  0.00000E+00   6.82680E+01  -2.74205E+00
  0.00000E+00   6.75878E+01  -2.94601E+00
  0.00000E+00   6.69709E+01  -3.09610E+00
  0.00000E+00   6.66392E+01  -3.06786E+00
  0.00000E+00   6.62970E+01  -2.75534E+00
  0.00000E+00   6.56414E+01  -2.34830E+00
  0.00000E+00   6.41910E+01  -1.92771E+00
  0.00000E+00   6.17133E+01  -1.58738E+00
  0.00000E+00   5.91427E+01  -1.36829E+00
  0.00000E+00   5.71790E+01  -1.32766E+00
  0.00000E+00   5.57089E+01  -1.27619E+00
  0.00000E+00   5.57583E+01  -1.26727E+00
  0.00000E+00   5.69619E+01  -1.31845E+00
  0.00000E+00   5.85632E+01  -1.21968E+00
  0.00000E+00   5.96002E+01  -1.07903E+00
  0.00000E+00   6.03234E+01  -9.09598E-01
  0.00000E+00   6.02884E+01  -8.68628E-01
  0.00000E+00   5.96572E+01  -8.06417E-01
  0.00000E+00   5.89654E+01  -6.57184E-01
  0.00000E+00   5.84439E+01  -3.63609E-01
  0.00000E+00   5.89187E+01  -1.23824E-01
  0.00000E+00   6.02781E+01  -7.49262E-02
  0.00000E+00   6.18629E+01   3.66739E-02
  0.00000E+00   6.26943E+01   2.42175E-01
  0.00000E+00   6.27846E+01   4.43197E-01
  0.00000E+00   6.24630E+01   4.88443E-01
  0.00000E+00   6.23683E+01   4.60793E-01
  0.00000E+00   6.27228E+01   4.54344E-01
  0.00000E+00   6.31596E+01   4.85662E-01
  0.00000E+00   6.35355E+01   5.65716E-01
  0.00000E+00   6.40592E+01   5.26278E-01
  0.00000E+00   6.50156E+01   4.72094E-01
  0.00000E+00   6.66531E+01   4.48204E-01
  0.00000E+00   6.86482E+01   4.93010E-01
  0.00000E+00   7.08333E+01   6.71042E-01
  0.00000E+00   7.27125E+01   8.45078E-01
  0.00000E+00   7.36723E+01   8.89770E-01
  0.00000E+00   7.39071E+01   8.27588E-01
  0.00000E+00   7.44477E+01   7.90160E-01
  0.00000E+00   7.59828E+01   7.41353E-01
  0.00000E+00   7.78923E+01   6.50258E-01
  0.00000E+00   7.93367E+01   5.32776E-01
  0.00000E+00   8.01243E+01   4.02826E-01
  0.00000E+00   8.03763E+01   1.83735E-01
  0.00000E+00   7.98288E+01  -8.73418E-02
  0.00000E+00   7.92724E+01  -2.37569E-01
  0.00000E+00   7.92732E+01  -3.19832E-01
  0.00000E+00   7.99484E+01  -3.77580E-01
  0.00000E+00   8.09454E+01  -3.70766E-01
  0.00000E+00   8.18965E+01  -3.27814E-01
  0.00000E+00   8.20310E+01  -3.73305E-01
  0.00000E+00   8.12359E+01  -4.06688E-01
  0.00000E+00   8.02831E+01  -4.93014E-01
  0.00000E+00   7.97837E+01  -5.43480E-01
  0.00000E+00   8.06123E+01  -3.99501E-01
  0.00000E+00   8.18800E+01  -2.10882E-01
  0.00000E+00   8.22396E+01  -8.33984E-02
  0.00000E+00   8.12586E+01   8.36635E-02
  0.00000E+00   7.93245E+01   4.11649E-01
  0.00000E+00   7.77315E+01   8.40859E-01
  0.00000E+00   7.69815E+01   1.39071E+00
  0.00000E+00   7.70498E+01   1.83013E+00
  0.00000E+00   7.77651E+01   2.11174E+00
  0.00000E+00   7.82682E+01   2.36008E+00
  0.00000E+00   7.84906E+01   2.49158E+00
  0.00000E+00   7.76182E+01   2.54032E+00
  0.00000E+00   7.56947E+01   2.46946E+00
  0.00000E+00   7.39820E+01   2.52737E+00
  0.00000E+00   7.35307E+01   2.53830E+00
  0.00000E+00   7.40159E+01   2.46533E+00
  0.00000E+00   7.44739E+01   2.34170E+00
  0.00000E+00   7.43007E+01   2.20330E+00
  0.00000E+00   7.36569E+01   1.88972E+00
  0.00000E+00   7.26676E+01   1.63019E+00
  0.00000E+00   7.08881E+01   1.51440E+00
  0.00000E+00   6.89499E+01   1.38464E+00
  0.00000E+00   6.75349E+01   1.30065E+00
  0.00000E+00   6.71008E+01   1.30050E+00
  0.00000E+00   6.69866E+01   1.28349E+00
  0.00000E+00   6.66620E+01   1.16061E+00
  0.00000E+00   6.58332E+01   1.09759E+00
  0.00000E+00   6.48890E+01   1.09534E+00
  0.00000E+00   6.42027E+01   1.10520E+00
  0.00000E+00   6.32245E+01   1.19406E+00
  0.00000E+00   6.14668E+01   1.25132E+00
  0.00000E+00   5.87747E+01   1.27936E+00
  0.00000E+00   5.55521E+01   1.37235E+00
  0.00000E+00   5.25973E+01   1.33176E+00
  0.00000E+00   5.01551E+01   1.15013E+00
  0.00000E+00   4.88517E+01   1.06442E+00
  0.00000E+00   4.84132E+01   8.34809E-01
  0.00000E+00   4.83772E+01   7.12224E-01
  0.00000E+00   4.88158E+01   5.32927E-01
  0.00000E+00   4.98342E+01   4.14358E-01
  0.00000E+00   5.08947E+01   1.88077E-01
  0.00000E+00   5.20394E+01  -1.38617E-01
  0.00000E+00   5.29945E+01  -3.90389E-01
  0.00000E+00   5.42296E+01  -5.48364E-01
  0.00000E+00   5.55798E+01  -7.27859E-01
  0.00000E+00   5.69451E+01  -9.44525E-01
  0.00000E+00   5.83855E+01  -1.07867E+00
  0.00000E+00   5.98407E+01  -1.14365E+00
  0.00000E+00   6.13799E+01  -1.07785E+00
  0.00000E+00   6.27874E+01  -1.00563E+00
  0.00000E+00   6.47349E+01  -8.70291E-01
  0.00000E+00   6.67979E+01  -8.30541E-01
  0.00000E+00   6.84834E+01  -8.71943E-01
  0.00000E+00   6.92175E+01  -1.01011E+00
  0.00000E+00   6.92820E+01  -1.06340E+00
  0.00000E+00   6.92698E+01  -1.05902E+00
  0.00000E+00   6.94210E+01  -1.15030E+00
  0.00000E+00   6.96510E+01  -1.37563E+00
  0.00000E+00   7.00006E+01  -1.62362E+00
  0.00000E+00   7.04169E+01  -1.77634E+00
  0.00000E+00   7.03255E+01  -1.96627E+00
  0.00000E+00   6.95503E+01  -2.06341E+00
  0.00000E+00   6.82209E+01  -2.06276E+00
  0.00000E+00   6.67687E+01  -2.05508E+00
  0.00000E+00   6.53180E+01  -2.04229E+00
  0.00000E+00   6.41987E+01  -2.05389E+00
  0.00000E+00   6.36028E+01  -2.08398E+00
  0.00000E+00   6.31445E+01  -2.11363E+00
  0.00000E+00   6.26596E+01  -2.05144E+00
  0.00000E+00   6.24940E+01  -1.99350E+00
  0.00000E+00   6.26157E+01  -1.89133E+00
  0.00000E+00   6.28250E+01  -1.76170E+00
  0.00000E+00   6.32307E+01  -1.71968E+00
  0.00000E+00   6.38366E+01  -1.67121E+00
  0.00000E+00   6.39689E+01  -1.50823E+00
  0.00000E+00   6.34827E+01  -1.32333E+00
  0.00000E+00   6.32215E+01  -1.06715E+00
  0.00000E+00   6.30380E+01  -8.08414E-01
  0.00000E+00   6.30711E+01  -6.75382E-01
  0.00000E+00   6.31862E+01  -5.98783E-01
  0.00000E+00   6.31639E+01  -4.32680E-01
  0.00000E+00   6.31337E+01  -2.69931E-01
  0.00000E+00   6.30218E+01  -1.81423E-01
  0.00000E+00   6.27294E+01  -7.03776E-02
  0.00000E+00   6.24344E+01  -9.42746E-03
  0.00000E+00   6.18183E+01  -3.51227E-03
  0.00000E+00   6.12121E+01  -5.26234E-02
  0.00000E+00   6.04073E+01  -1.71609E-01
  0.00000E+00   5.92778E+01  -2.63849E-01
  0.00000E+00   5.78949E+01  -3.29988E-01
  0.00000E+00   5.67267E+01  -2.90828E-01
  0.00000E+00   5.61789E+01  -2.22422E-01
  0.00000E+00   5.66130E+01  -1.48656E-01
  0.00000E+00   5.72900E+01  -2.65001E-02
  0.00000E+00   5.79327E+01   1.62016E-01
  0.00000E+00   5.83514E+01   2.10116E-01
  0.00000E+00   5.87477E+01   1.65407E-01
  0.00000E+00   5.90125E+01   6.10609E-02
  0.00000E+00   5.85711E+01  -9.71910E-02
  0.00000E+00   5.73826E+01  -1.89151E-01
  0.00000E+00   5.57680E+01  -2.71744E-01
  0.00000E+00   5.42428E+01  -2.45336E-01
  0.00000E+00   5.35111E+01  -2.90972E-01
  0.00000E+00   5.33200E+01  -4.17883E-01
  0.00000E+00   5.32078E+01  -5.27994E-01
  0.00000E+00   5.35699E+01  -6.15181E-01
  0.00000E+00   5.41440E+01  -6.48773E-01
  0.00000E+00   5.45670E+01  -6.27718E-01
  0.00000E+00   5.46147E+01  -6.90732E-01
  0.00000E+00   5.43928E+01  -6.46634E-01
  0.00000E+00   5.44466E+01  -5.01022E-01
  0.00000E+00   5.49795E+01  -3.89430E-01
  0.00000E+00   5.62196E+01  -3.38094E-01
  0.00000E+00   5.75416E+01  -3.15005E-01
  0.00000E+00   5.82516E+01  -2.45459E-01
  0.00000E+00   5.84566E+01  -1.67932E-01
  0.00000E+00   5.84497E+01  -6.53870E-02
  0.00000E+00   5.84711E+01   4.27654E-04
  0.00000E+00   5.91338E+01  -2.73706E-03
  0.00000E+00   6.00310E+01   1.08482E-02
  0.00000E+00   6.09488E+01   6.10532E-02
  0.00000E+00   6.20905E+01   8.03471E-02
  0.00000E+00   6.36960E+01   6.21932E-02
  0.00000E+00   6.54649E+01   5.28059E-03
  0.00000E+00   6.75907E+01   6.49735E-02
  0.00000E+00   7.00985E+01   1.83810E-01
  0.00000E+00   7.26525E+01   3.57284E-01
  0.00000E+00   7.42567E+01   6.08494E-01
  0.00000E+00   7.42320E+01   8.72027E-01
  0.00000E+00   7.30100E+01   9.78042E-01
  0.00000E+00   7.24966E+01   1.09878E+00
  0.00000E+00   7.31037E+01   1.13254E+00
  0.00000E+00   7.44538E+01   1.00461E+00
  0.00000E+00   7.61213E+01   8.50665E-01
  0.00000E+00   7.73444E+01   7.36392E-01
  0.00000E+00   7.74662E+01   6.80617E-01
  0.00000E+00   7.68319E+01   6.81586E-01
  0.00000E+00   7.62500E+01   7.48122E-01
  0.00000E+00   7.59225E+01   8.70305E-01
  0.00000E+00   7.58606E+01   8.88512E-01
  0.00000E+00   7.62334E+01   8.18001E-01
  0.00000E+00   7.64860E+01   6.65812E-01
  0.00000E+00   7.59255E+01   5.17094E-01
  0.00000E+00   7.44992E+01   2.48008E-01
  0.00000E+00   7.27626E+01  -3.05884E-02
  0.00000E+00   7.16852E+01  -2.92575E-01
  0.00000E+00   7.17567E+01  -4.89442E-01
  0.00000E+00   7.29494E+01  -6.79776E-01
  0.00000E+00   7.49590E+01  -9.55435E-01
  0.00000E+00   7.73580E+01  -1.13972E+00
  0.00000E+00   7.99759E+01  -1.21430E+00
  0.00000E+00   8.22175E+01  -1.17974E+00
  0.00000E+00   8.30058E+01  -9.18800E-01
  0.00000E+00   8.23544E+01  -5.78005E-01
  0.00000E+00   8.08299E+01  -1.93756E-01
  0.00000E+00   7.87428E+01   5.08340E-02
  0.00000E+00   7.67992E+01   9.92696E-02
  0.00000E+00   7.58167E+01   2.07847E-01
  0.00000E+00   7.54543E+01   3.23211E-01
  0.00000E+00   7.55895E+01   3.73316E-01
  0.00000E+00   7.63530E+01   3.48301E-01
  0.00000E+00   7.71529E+01   3.00221E-01
  0.00000E+00   7.73484E+01   3.46208E-01
  0.00000E+00   7.65616E+01   2.69142E-01
  0.00000E+00   7.46553E+01   9.27197E-02
  0.00000E+00   7.21656E+01  -1.59697E-01
  0.00000E+00   7.00607E+01  -3.18051E-01
  0.00000E+00   6.91005E+01  -3.82701E-01
  0.00000E+00   6.88287E+01  -4.29127E-01
  0.00000E+00   6.87929E+01  -3.95732E-01
  0.00000E+00   6.86099E+01  -3.27124E-01
  0.00000E+00   6.73767E+01  -3.10080E-01
  0.00000E+00   6.59654E+01  -1.98381E-01
  0.00000E+00   6.48611E+01  -1.48141E-01
  0.00000E+00   6.43762E+01  -1.72506E-01
  0.00000E+00   6.45379E+01  -1.67092E-01
  0.00000E+00   6.51798E+01  -1.83291E-01
  0.00000E+00   6.55143E+01  -1.53784E-01
  0.00000E+00   6.56744E+01  -6.21006E-02
  0.00000E+00   6.60309E+01  -1.76184E-02
  0.00000E+00   6.60794E+01  -5.75085E-04
  0.00000E+00   6.54625E+01  -1.29326E-01
  0.00000E+00   6.48101E+01  -1.97338E-01
  0.00000E+00   6.51368E+01  -1.90158E-01
  0.00000E+00   6.59633E+01  -1.31373E-01
  0.00000E+00   6.68704E+01  -2.46976E-01
  0.00000E+00   6.77062E+01  -5.94250E-01
  0.00000E+00   6.81912E+01  -1.04524E+00
  0.00000E+00   6.86216E+01  -1.46537E+00
  0.00000E+00   6.93360E+01  -1.82861E+00
  0.00000E+00   7.04102E+01  -2.13054E+00
  0.00000E+00   7.10139E+01  -2.47837E+00
  0.00000E+00   7.06416E+01  -2.81888E+00
  0.00000E+00   6.95309E+01  -2.99987E+00
  0.00000E+00   6.81645E+01  -3.01603E+00
  0.00000E+00   6.69657E+01  -2.98884E+00
  0.00000E+00   6.64296E+01  -2.82372E+00
  0.00000E+00   6.58766E+01  -2.63966E+00
  0.00000E+00   6.53098E+01  -2.53300E+00
  0.00000E+00   6.53278E+01  -2.43913E+00
  0.00000E+00   6.63794E+01  -2.27643E+00
  0.00000E+00   6.79559E+01  -2.12186E+00
  0.00000E+00   6.97585E+01  -2.00043E+00
  0.00000E+00   7.17086E+01  -1.81589E+00
  0.00000E+00   7.37225E+01  -1.58574E+00
  0.00000E+00   7.53764E+01  -1.27482E+00
  0.00000E+00   7.59850E+01  -1.07327E+00
  0.00000E+00   7.50678E+01  -9.41174E-01
  0.00000E+00   7.31915E+01  -7.38356E-01
  0.00000E+00   7.18901E+01  -5.09157E-01
  0.00000E+00   7.14775E+01  -2.00853E-01
  0.00000E+00   7.18051E+01   7.71196E-02
  0.00000E+00   7.26873E+01   1.70495E-01
  0.00000E+00   7.34804E+01   1.54202E-01
  0.00000E+00   7.37266E+01   1.02597E-01
  0.00000E+00   7.24376E+01   8.07768E-02
  0.00000E+00   6.97142E+01   4.68242E-02
  0.00000E+00   6.69683E+01   3.41694E-02
  0.00000E+00   6.46854E+01   7.00190E-02
  0.00000E+00   6.31375E+01  -1.20146E-01
  0.00000E+00   6.20086E+01  -3.17722E-01
  0.00000E+00   6.11163E+01  -4.03410E-01
  0.00000E+00   6.05086E+01  -4.89759E-01
  0.00000E+00   6.05287E+01  -5.18158E-01
  0.00000E+00   6.11265E+01  -5.65295E-01
  0.00000E+00   6.16127E+01  -5.99346E-01
  0.00000E+00   6.18963E+01  -7.21940E-01
  0.00000E+00   6.25466E+01  -1.04653E+00
  0.00000E+00   6.39131E+01  -1.48863E+00
  0.00000E+00   6.59613E+01  -1.82377E+00
  0.00000E+00   6.80999E+01  -1.97859E+00
  0.00000E+00   6.98052E+01  -1.94512E+00
  0.00000E+00   7.12987E+01  -1.86450E+00
  0.00000E+00   7.30260E+01  -1.81594E+00
  0.00000E+00   7.43939E+01  -1.82678E+00
  0.00000E+00   7.54947E+01  -1.76904E+00
  0.00000E+00   7.64901E+01  -1.76208E+00
  0.00000E+00   7.77477E+01  -1.79515E+00
  0.00000E+00   7.93529E+01  -1.77067E+00
  0.00000E+00   8.12434E+01  -1.58568E+00
  0.00000E+00   8.28262E+01  -1.26097E+00
  0.00000E+00   8.39360E+01  -1.02403E+00
  0.00000E+00   8.45950E+01  -7.76202E-01
  0.00000E+00   8.50565E+01  -5.76730E-01
  0.00000E+00   8.52170E+01  -3.32204E-01
  0.00000E+00   8.50764E+01  -7.29673E-02
  0.00000E+00   8.47476E+01   2.30810E-01
  0.00000E+00   8.46884E+01   5.08915E-01
  0.00000E+00   8.46714E+01   6.52711E-01
  0.00000E+00   8.44835E+01   8.35579E-01
  0.00000E+00   8.34722E+01   1.16610E+00
  0.00000E+00   8.15774E+01   1.53998E+00
  0.00000E+00   7.88697E+01   1.97337E+00
  0.00000E+00   7.57731E+01   2.32557E+00
  0.00000E+00   7.21078E+01   2.35824E+00
  0.00000E+00   6.86700E+01   2.31474E+00
  0.00000E+00   6.61941E+01   2.16323E+00
  0.00000E+00   6.38578E+01   2.18486E+00
  0.00000E+00   6.16826E+01   2.09742E+00
  0.00000E+00   5.98839E+01   2.05246E+00
  0.00000E+00   5.83441E+01   2.01184E+00
  0.00000E+00   5.67685E+01   2.00782E+00
  0.00000E+00   5.51106E+01   1.97480E+00
  0.00000E+00   5.41033E+01   1.84931E+00
  0.00000E+00   5.34187E+01   1.56995E+00
  0.00000E+00   5.30012E+01   1.39306E+00
  0.00000E+00   5.28162E+01   1.40629E+00
  0.00000E+00   5.32668E+01   1.42193E+00
  0.00000E+00   5.35868E+01   1.46799E+00
  0.00000E+00   5.35490E+01   1.59214E+00
  0.00000E+00   5.32420E+01   1.73811E+00
  0.00000E+00   5.33679E+01   1.83216E+00
  0.00000E+00   5.39051E+01   1.82882E+00
  0.00000E+00   5.45742E+01   1.82588E+00
  0.00000E+00   5.47364E+01   1.66335E+00
  0.00000E+00   5.43168E+01   1.51053E+00
  0.00000E+00   5.36377E+01   1.41322E+00
  0.00000E+00   5.30231E+01   1.40984E+00
  0.00000E+00   5.27996E+01   1.27367E+00
  0.00000E+00   5.28673E+01   1.00735E+00
  0.00000E+00   5.30028E+01   6.91305E-01
  0.00000E+00   5.30924E+01   3.57097E-01
  0.00000E+00   5.38294E+01   6.95377E-02
  0.00000E+00   5.49559E+01  -1.39183E-01
  0.00000E+00   5.60496E+01  -1.82033E-01
  0.00000E+00   5.66765E+01  -8.91348E-02
  0.00000E+00   5.69882E+01   7.14429E-02
  0.00000E+00   5.73950E+01   2.79463E-01
  0.00000E+00   5.75564E+01   4.00392E-01
  0.00000E+00   5.74322E+01   3.42611E-01
