  0.00000E+00   1.27553E-02   3.71305E-06
  0.00000E+00   1.25301E-02   5.51574E-05
  0.00000E+00   1.22523E-02  -1.62976E-04
  0.00000E+00   1.21132E-02  -3.71217E-05
  0.00000E+00   1.35486E-02  -7.97663E-05
  0.00000E+00   1.53732E-02  -7.26764E-05
  0.00000E+00   1.89682E-02  -4.72923E-05
  0.00000E+00   2.42199E-02  -1.98359E-04
  0.00000E+00   3.23889E-02  -1.29921E-04
  0.00000E+00   4.41461E-02  -4.79198E-04
  0.00000E+00   6.03251E-02  -5.39051E-04
  0.00000E+00   8.43346E-02  -3.73123E-04
  0.00000E+00   1.21022E-01  -7.27523E-04
  0.00000E+00   1.76445E-01  -1.13339E-03
  0.00000E+00   2.57355E-01  -1.53809E-03
  0.00000E+00   3.79642E-01  -2.13973E-03
  0.00000E+00   5.67277E-01  -3.12555E-03
  0.00000E+00   8.51987E-01  -5.05815E-03
  0.00000E+00   1.28720E+00  -8.23799E-03
  0.00000E+00   1.95379E+00  -1.26398E-02
  0.00000E+00   2.97394E+00  -1.88476E-02
  0.00000E+00   4.53331E+00  -2.83443E-02
  0.00000E+00   6.90691E+00  -4.32079E-02
  0.00000E+00   1.04998E+01  -6.66864E-02
  0.00000E+00   1.58887E+01  -1.01739E-01
  0.00000E+00   2.38689E+01  -1.53179E-01
  0.00000E+00   3.54841E+01  -2.28857E-01
  0.00000E+00   5.19995E+01  -3.35834E-01
  0.00000E+00   7.47364E+01  -4.86828E-01
  0.00000E+00   1.04417E+02  -7.02535E-01
  0.00000E+00   1.38929E+02  -9.78031E-01
  0.00000E+00   1.66669E+02  -1.24667E+00
  0.00000E+00   1.60450E+02  -1.36753E+00
  0.00000E+00   1.16818E+02  -9.76974E-01
  0.00000E+00   7.09305E+01  -4.51673E-01
  0.00000E+00   5.50488E+01  -4.27235E-01
  0.00000E+00   4.89092E+01  -3.36370E-01
  0.00000E+00   4.47480E+01  -3.24777E-01
  0.00000E+00   4.19953E+01  -7.31027E-02
  0.00000E+00   4.14857E+01  -1.68939E-02
  0.00000E+00   4.28015E+01  -1.48115E-01
  0.00000E+00   4.40371E+01  -2.26717E-01
  0.00000E+00   4.48811E+01  -1.98724E-01
  0.00000E+00   4.55418E+01  -1.82722E-01
  0.00000E+00   4.64024E+01  -2.38698E-01
  0.00000E+00   4.79035E+01  -2.67046E-01
  0.00000E+00   5.01167E+01  -3.37253E-01
  0.00000E+00   5.17798E+01  -2.87645E-01
  0.00000E+00   5.38173E+01  -2.38356E-01
  0.00000E+00   5.65391E+01  -7.87796E-02
  0.00000E+00   5.87901E+01   8.21031E-02
  0.00000E+00   6.12056E+01   2.45472E-01
  0.00000E+00   6.41038E+01   3.41200E-01
  0.00000E+00   6.64440E+01   4.03082E-01
  0.00000E+00   6.83917E+01   3.95475E-01
  0.00000E+00   6.88415E+01   2.80232E-01
  0.00000E+00   6.70571E+01   4.17988E-01
  0.00000E+00   6.53387E+01   5.13815E-01
  0.00000E+00   6.59490E+01   6.33411E-01
  0.00000E+00   6.88440E+01   6.70295E-01
  0.00000E+00   7.27177E+01   5.56753E-01
  0.00000E+00   7.62538E+01   5.17622E-01
  0.00000E+00   7.91523E+01   5.04289E-01
  0.00000E+00   8.02168E+01   4.68471E-01
  0.00000E+00   7.93007E+01   5.56648E-01
  0.00000E+00   7.93574E+01   4.62045E-01
  0.00000E+00   8.15352E+01   4.44428E-02
  0.00000E+00   8.48697E+01  -1.68569E-01
  0.00000E+00   8.72110E+01  -1.62122E-01
  0.00000E+00   8.74631E+01  -2.05850E-01
  0.00000E+00   8.68136E+01  -3.08604E-01
  0.00000E+00   8.64454E+01  -5.59879E-01
  0.00000E+00   8.61672E+01  -6.56639E-01
  0.00000E+00   8.64062E+01  -8.25442E-01
  0.00000E+00   8.63348E+01  -1.00877E+00
  0.00000E+00   8.52935E+01  -1.26511E+00
  0.00000E+00   8.33365E+01  -1.34174E+00
  0.00000E+00   8.10610E+01  -1.38659E+00
  0.00000E+00   7.96064E+01  -1.08253E+00
  0.00000E+00   7.87142E+01  -9.69137E-01
  0.00000E+00   7.84594E+01  -5.11701E-01
  0.00000E+00   7.77301E+01  -3.71648E-01
  0.00000E+00   7.75379E+01  -1.73243E-01
  0.00000E+00   7.89487E+01  -1.52412E-01
  0.00000E+00   8.07047E+01  -1.26975E-01
  0.00000E+00   8.29206E+01   2.82561E-02
  0.00000E+00   8.54871E+01   5.12497E-02
  0.00000E+00   8.77912E+01   5.03287E-03
  0.00000E+00   8.93468E+01  -1.52195E-01
  0.00000E+00   8.99499E+01  -2.38602E-01
  0.00000E+00   8.97600E+01  -2.93314E-01
  0.00000E+00   9.02777E+01  -2.76094E-01
  0.00000E+00   9.25656E+01  -2.04501E-01
  0.00000E+00   9.52577E+01   1.15064E-01
  0.00000E+00   9.64175E+01   2.91629E-01
  0.00000E+00   9.46661E+01   6.08157E-01
  0.00000E+00   9.22268E+01   5.73579E-01
  0.00000E+00   9.00212E+01   4.16526E-01
  0.00000E+00   8.88122E+01   2.19154E-01
  0.00000E+00   8.88532E+01   2.93492E-02
  0.00000E+00   8.85468E+01   1.60389E-02
  0.00000E+00   8.80527E+01   2.60815E-03
  0.00000E+00   8.80687E+01  -1.05450E-01
  0.00000E+00   8.82680E+01  -9.40416E-02
  0.00000E+00   8.89397E+01  -5.43873E-02
  0.00000E+00   8.94093E+01  -1.48861E-01
  0.00000E+00   9.13436E+01  -1.32475E-01
  0.00000E+00   9.34626E+01  -2.39591E-02
  0.00000E+00   9.58155E+01  -3.80628E-02
  0.00000E+00   9.68431E+01   1.05253E-02
  0.00000E+00   9.49118E+01  -1.91597E-01
  0.00000E+00   9.21493E+01  -4.01144E-01
  0.00000E+00   8.96346E+01  -4.46566E-01
  0.00000E+00   8.90012E+01  -3.95303E-01
  0.00000E+00   8.96599E+01  -3.89491E-01
  0.00000E+00   9.01066E+01  -6.14663E-01
  0.00000E+00   9.02128E+01  -5.30876E-01
  0.00000E+00   8.83032E+01  -3.16535E-01
  0.00000E+00   8.52469E+01  -3.94221E-01
  0.00000E+00   8.23324E+01  -4.51842E-01
  0.00000E+00   8.18167E+01  -5.40168E-01
  0.00000E+00   8.20340E+01  -6.97986E-01
  0.00000E+00   8.25489E+01  -6.21597E-01
  0.00000E+00   8.37583E+01  -5.24460E-01
  0.00000E+00   8.50320E+01  -1.92911E-01
  0.00000E+00   8.47506E+01   1.66876E-01
  0.00000E+00   8.40227E+01   3.73043E-01
  0.00000E+00   8.43030E+01   4.98100E-01
  0.00000E+00   8.51890E+01   7.54409E-01
  0.00000E+00   8.85072E+01   7.48880E-01
  0.00000E+00   9.33128E+01   9.29793E-01
  0.00000E+00   9.69447E+01   1.04646E+00
  0.00000E+00   9.97653E+01   1.06548E+00
  0.00000E+00   1.01633E+02   9.92678E-01
  0.00000E+00   1.03234E+02   9.71867E-01
  0.00000E+00   1.05706E+02   9.22000E-01
  0.00000E+00   1.08921E+02   1.02778E+00
  0.00000E+00   1.09817E+02   9.05550E-01
  0.00000E+00   1.08323E+02   1.03689E+00
  0.00000E+00   1.07109E+02   1.21480E+00
  0.00000E+00   1.08611E+02   9.88566E-01
  0.00000E+00   1.11985E+02   1.09666E+00
  0.00000E+00   1.15835E+02   1.22886E+00
  0.00000E+00   1.17826E+02   1.40116E+00
  0.00000E+00   1.17936E+02   1.61470E+00
  0.00000E+00   1.15109E+02   1.59550E+00
  0.00000E+00   1.13361E+02   1.33859E+00
  0.00000E+00   1.13069E+02   1.06888E+00
  0.00000E+00   1.14812E+02   8.10204E-01
  0.00000E+00   1.17089E+02   7.97417E-01
  0.00000E+00   1.15585E+02   7.79463E-01
  0.00000E+00   1.10671E+02   1.07351E+00
  0.00000E+00   1.05979E+02   7.45364E-01
  0.00000E+00   1.03214E+02   4.03468E-01
  0.00000E+00   1.01079E+02   2.91163E-01
  0.00000E+00   9.99126E+01   2.00675E-01
  0.00000E+00   1.00314E+02   7.69371E-02
  0.00000E+00   1.02213E+02   1.35313E-01
  0.00000E+00   1.03192E+02  -1.31246E-01
  0.00000E+00   1.02558E+02  -2.62839E-01
  0.00000E+00   1.02921E+02  -3.06998E-01
  0.00000E+00   1.04031E+02  -3.12022E-01
  0.00000E+00   1.05831E+02  -5.37142E-01
  0.00000E+00   1.08340E+02  -6.87095E-01
  0.00000E+00   1.09694E+02  -8.00461E-01
  0.00000E+00   1.09062E+02  -9.14075E-01
  0.00000E+00   1.08093E+02  -8.44333E-01
  0.00000E+00   1.08028E+02  -9.84140E-01
  0.00000E+00   1.09229E+02  -1.27075E+00
  0.00000E+00   1.10156E+02  -1.52670E+00
  0.00000E+00   1.11200E+02  -1.97057E+00
  0.00000E+00   1.12890E+02  -2.27638E+00
  0.00000E+00   1.14067E+02  -2.53279E+00
  0.00000E+00   1.16440E+02  -2.55587E+00
  0.00000E+00   1.20199E+02  -2.46014E+00
  0.00000E+00   1.24060E+02  -2.28903E+00
  0.00000E+00   1.27214E+02  -2.10841E+00
  0.00000E+00   1.27929E+02  -2.23496E+00
  0.00000E+00   1.26827E+02  -2.31769E+00
  0.00000E+00   1.26234E+02  -2.41948E+00
  0.00000E+00   1.27562E+02  -2.37401E+00
  0.00000E+00   1.31124E+02  -2.28661E+00
  0.00000E+00   1.33277E+02  -2.15662E+00
  0.00000E+00   1.33541E+02  -2.12452E+00
  0.00000E+00   1.31559E+02  -2.00538E+00
  0.00000E+00   1.31303E+02  -2.10849E+00
  0.00000E+00   1.32535E+02  -2.30732E+00
  0.00000E+00   1.35251E+02  -2.57047E+00
  0.00000E+00   1.37988E+02  -2.87893E+00
  0.00000E+00   1.40748E+02  -3.17225E+00
  0.00000E+00   1.43689E+02  -3.31134E+00
  0.00000E+00   1.45976E+02  -3.41833E+00
  0.00000E+00   1.45080E+02  -3.48845E+00
  0.00000E+00   1.41411E+02  -3.24539E+00
  0.00000E+00   1.35890E+02  -3.02703E+00
  0.00000E+00   1.29290E+02  -2.57588E+00
  0.00000E+00   1.24578E+02  -2.22944E+00
  0.00000E+00   1.20282E+02  -2.13066E+00
  0.00000E+00   1.16719E+02  -2.06697E+00
  0.00000E+00   1.12746E+02  -2.18766E+00
  0.00000E+00   1.08877E+02  -2.10793E+00
  0.00000E+00   1.04528E+02  -1.84394E+00
  0.00000E+00   1.01923E+02  -1.53785E+00
  0.00000E+00   1.00031E+02  -1.61592E+00
  0.00000E+00   9.87610E+01  -1.50109E+00
  0.00000E+00   9.79185E+01  -1.16917E+00
  0.00000E+00   9.74982E+01  -1.03523E+00
  0.00000E+00   9.71933E+01  -1.05002E+00
  0.00000E+00   9.77538E+01  -8.86971E-01
  0.00000E+00   9.74554E+01  -8.77700E-01
  0.00000E+00   9.56200E+01  -8.00568E-01
  0.00000E+00   9.48943E+01  -6.96226E-01
  0.00000E+00   9.38070E+01  -5.78604E-01
  0.00000E+00   9.34086E+01  -5.03523E-01
  0.00000E+00   9.50579E+01  -5.52115E-01
  0.00000E+00   9.68885E+01  -7.49312E-01
  0.00000E+00   9.90849E+01  -8.41435E-01
  0.00000E+00   1.01143E+02  -1.29398E+00
  0.00000E+00   1.04308E+02  -1.48594E+00
  0.00000E+00   1.08988E+02  -1.90219E+00
  0.00000E+00   1.14740E+02  -2.37521E+00
  0.00000E+00   1.20691E+02  -2.71566E+00
  0.00000E+00   1.24374E+02  -2.84708E+00
  0.00000E+00   1.24869E+02  -2.76849E+00
  0.00000E+00   1.25137E+02  -2.73310E+00
  0.00000E+00   1.26834E+02  -2.81488E+00
  0.00000E+00   1.30258E+02  -2.78224E+00
  0.00000E+00   1.34558E+02  -2.78526E+00
  0.00000E+00   1.36928E+02  -2.84366E+00
  0.00000E+00   1.37796E+02  -3.08540E+00
  0.00000E+00   1.37700E+02  -3.40972E+00
  0.00000E+00   1.36878E+02  -3.66215E+00
  0.00000E+00   1.39472E+02  -3.84622E+00
  0.00000E+00   1.44368E+02  -3.77944E+00
  0.00000E+00   1.49766E+02  -3.90817E+00
  0.00000E+00   1.52705E+02  -3.75459E+00
  0.00000E+00   1.50358E+02  -3.69002E+00
  0.00000E+00   1.46654E+02  -3.26388E+00
  0.00000E+00   1.43438E+02  -3.00591E+00
  0.00000E+00   1.42602E+02  -2.66619E+00
  0.00000E+00   1.41113E+02  -2.14646E+00
  0.00000E+00   1.38185E+02  -1.94258E+00
  0.00000E+00   1.37251E+02  -2.03735E+00
  0.00000E+00   1.36052E+02  -1.71605E+00
  0.00000E+00   1.34737E+02  -1.43533E+00
  0.00000E+00   1.36192E+02  -1.72796E+00
  0.00000E+00   1.38612E+02  -2.00266E+00
  0.00000E+00   1.39309E+02  -2.50957E+00
  0.00000E+00   1.39131E+02  -2.96871E+00
  0.00000E+00   1.37195E+02  -3.36953E+00
  0.00000E+00   1.35452E+02  -3.98268E+00
  0.00000E+00   1.34329E+02  -3.93728E+00
  0.00000E+00   1.33499E+02  -3.75599E+00
  0.00000E+00   1.33206E+02  -3.33911E+00
  0.00000E+00   1.32366E+02  -3.08922E+00
  0.00000E+00   1.30145E+02  -2.90622E+00
  0.00000E+00   1.24889E+02  -2.84166E+00
  0.00000E+00   1.17882E+02  -2.42252E+00
  0.00000E+00   1.13653E+02  -2.30527E+00
  0.00000E+00   1.12373E+02  -1.94375E+00
  0.00000E+00   1.14020E+02  -1.92192E+00
  0.00000E+00   1.13806E+02  -1.71659E+00
  0.00000E+00   1.09290E+02  -1.32279E+00
  0.00000E+00   9.85691E+01  -7.61970E-01
  0.00000E+00   8.68850E+01  -7.29523E-01
  0.00000E+00   8.08928E+01  -8.69458E-01
  0.00000E+00   8.01524E+01  -5.03069E-01
  0.00000E+00   8.27765E+01  -6.17555E-01
  0.00000E+00   8.11318E+01  -6.56333E-01
  0.00000E+00   7.73502E+01  -8.66021E-01
  0.00000E+00   7.40346E+01  -1.14011E+00
  0.00000E+00   7.41054E+01  -1.38092E+00
  0.00000E+00   7.55606E+01  -1.20908E+00
  0.00000E+00   7.84389E+01  -1.34083E+00
  0.00000E+00   8.09257E+01  -1.09861E+00
  0.00000E+00   8.16300E+01  -1.25318E+00
  0.00000E+00   8.06792E+01  -1.47313E+00
  0.00000E+00   7.91661E+01  -1.47424E+00
  0.00000E+00   7.87817E+01  -1.59228E+00
  0.00000E+00   8.11542E+01  -1.60463E+00
  0.00000E+00   8.45509E+01  -1.64542E+00
  0.00000E+00   8.81972E+01  -1.57170E+00
  0.00000E+00   9.19804E+01  -1.63145E+00
  0.00000E+00   9.48603E+01  -1.58466E+00
  0.00000E+00   9.80285E+01  -1.77288E+00
  0.00000E+00   1.00889E+02  -1.88572E+00
  0.00000E+00   1.03729E+02  -2.20393E+00
  0.00000E+00   1.07104E+02  -2.42254E+00
  0.00000E+00   1.11799E+02  -2.61757E+00
  0.00000E+00   1.15895E+02  -2.88393E+00
  0.00000E+00   1.18775E+02  -3.10611E+00
  0.00000E+00   1.20706E+02  -3.12658E+00
  0.00000E+00   1.22513E+02  -3.21994E+00
  0.00000E+00   1.25905E+02  -3.29885E+00
  0.00000E+00   1.30239E+02  -3.33122E+00
  0.00000E+00   1.33910E+02  -3.41307E+00
  0.00000E+00   1.34317E+02  -3.18154E+00
  0.00000E+00   1.33088E+02  -3.06671E+00
  0.00000E+00   1.31896E+02  -3.09608E+00
  0.00000E+00   1.32546E+02  -3.30267E+00
  0.00000E+00   1.34948E+02  -3.38789E+00
  0.00000E+00   1.36430E+02  -3.28232E+00
  0.00000E+00   1.36339E+02  -2.99254E+00
  0.00000E+00   1.35070E+02  -2.85657E+00
  0.00000E+00   1.34787E+02  -2.71336E+00
  0.00000E+00   1.35356E+02  -2.65987E+00
  0.00000E+00   1.36106E+02  -2.76482E+00
  0.00000E+00   1.36764E+02  -2.87155E+00
  0.00000E+00   1.36478E+02  -2.83601E+00
  0.00000E+00   1.34380E+02  -3.00886E+00
  0.00000E+00   1.31062E+02  -2.70088E+00
  0.00000E+00   1.28831E+02  -2.34209E+00
  0.00000E+00   1.30313E+02  -2.03700E+00
  0.00000E+00   1.34743E+02  -2.05266E+00
  0.00000E+00   1.38034E+02  -2.20464E+00
  0.00000E+00   1.39837E+02  -2.41749E+00
  0.00000E+00   1.39315E+02  -2.14511E+00
  0.00000E+00   1.38868E+02  -1.58248E+00
  0.00000E+00   1.40214E+02  -1.04590E+00
  0.00000E+00   1.41859E+02  -7.54182E-01
  0.00000E+00   1.42511E+02  -7.04723E-01
  0.00000E+00   1.42470E+02  -6.79755E-01
  0.00000E+00   1.41877E+02  -7.71320E-01
  0.00000E+00   1.40614E+02  -9.47336E-01
  0.00000E+00   1.37659E+02  -1.10790E+00
  0.00000E+00   1.34787E+02  -1.38280E+00
  0.00000E+00   1.32092E+02  -1.31821E+00
  0.00000E+00   1.29874E+02  -9.98271E-01
  0.00000E+00   1.30631E+02  -8.77731E-01
  0.00000E+00   1.33439E+02  -4.20536E-01
  0.00000E+00   1.36606E+02  -2.58965E-01
  0.00000E+00   1.37283E+02   9.05014E-02
  0.00000E+00   1.35567E+02   5.17305E-01
  0.00000E+00   1.34431E+02   5.61609E-01
  0.00000E+00   1.33631E+02   7.32798E-01
  0.00000E+00   1.34204E+02   5.23821E-01
  0.00000E+00   1.36620E+02   6.98326E-01
  0.00000E+00   1.39645E+02   6.05161E-01
  0.00000E+00   1.41458E+02   8.56642E-01
  0.00000E+00   1.43783E+02   1.03642E+00
  0.00000E+00   1.45717E+02   1.24218E+00
  0.00000E+00   1.49352E+02   1.05711E+00
  0.00000E+00   1.51163E+02   9.79222E-01
  0.00000E+00   1.49808E+02   9.16744E-01
  0.00000E+00   1.46526E+02   8.92394E-01
  0.00000E+00   1.45420E+02   6.22198E-01
  0.00000E+00   1.44983E+02   5.31326E-01
  0.00000E+00   1.46600E+02   2.94925E-01
  0.00000E+00   1.50085E+02   1.71126E-01
  0.00000E+00   1.51897E+02  -1.34614E-01
  0.00000E+00   1.51606E+02  -5.13905E-01
  0.00000E+00   1.48220E+02  -4.77583E-01
  0.00000E+00   1.44364E+02  -3.67591E-01
  0.00000E+00   1.42248E+02  -1.03431E-01
  0.00000E+00   1.42225E+02  -8.22979E-02
  0.00000E+00   1.42313E+02  -2.94777E-01
  0.00000E+00   1.43677E+02  -2.76588E-02
  0.00000E+00   1.44795E+02   5.62285E-01
  0.00000E+00   1.46069E+02   7.81857E-01
  0.00000E+00   1.47514E+02   1.35355E+00
  0.00000E+00   1.47977E+02   1.54918E+00
  0.00000E+00   1.44779E+02   1.71375E+00
  0.00000E+00   1.45415E+02   1.76199E+00
  0.00000E+00   1.46479E+02   1.91106E+00
  0.00000E+00   1.48736E+02   2.19011E+00
  0.00000E+00   1.49679E+02   2.47029E+00
  0.00000E+00   1.49893E+02   2.70989E+00
  0.00000E+00   1.48430E+02   2.80761E+00
  0.00000E+00   1.47235E+02   2.90666E+00
  0.00000E+00   1.46842E+02   3.04007E+00
  0.00000E+00   1.47524E+02   2.89494E+00
  0.00000E+00   1.49388E+02   2.77335E+00
  0.00000E+00   1.52852E+02   2.80648E+00
  0.00000E+00   1.59601E+02   2.63102E+00
  0.00000E+00   1.65784E+02   2.72112E+00
  0.00000E+00   1.70442E+02   2.62687E+00
  0.00000E+00   1.74287E+02   2.36391E+00
  0.00000E+00   1.74873E+02   2.40166E+00
  0.00000E+00   1.72476E+02   2.50367E+00
  0.00000E+00   1.68096E+02   2.59889E+00
  0.00000E+00   1.65627E+02   2.17053E+00
  0.00000E+00   1.66925E+02   2.04133E+00
  0.00000E+00   1.71662E+02   2.06596E+00
  0.00000E+00   1.78351E+02   1.88498E+00
  0.00000E+00   1.81895E+02   1.56711E+00
  0.00000E+00   1.80459E+02   1.43681E+00
  0.00000E+00   1.79407E+02   1.46143E+00
  0.00000E+00   1.80907E+02   1.41247E+00
  0.00000E+00   1.85331E+02   1.41621E+00
  0.00000E+00   1.90908E+02   1.59817E+00
  0.00000E+00   1.96122E+02   1.35319E+00
  0.00000E+00   1.98061E+02   1.24547E+00
  0.00000E+00   1.99801E+02   1.27211E+00
  0.00000E+00   2.02172E+02   1.13378E+00
  0.00000E+00   2.06422E+02   9.12740E-01
  0.00000E+00   2.11671E+02   1.12331E+00
  0.00000E+00   2.15079E+02   1.33007E+00
  0.00000E+00   2.16011E+02   1.41935E+00
  0.00000E+00   2.17399E+02   1.34740E+00
  0.00000E+00   2.17013E+02   1.31515E+00
  0.00000E+00   2.16756E+02   1.30769E+00
  0.00000E+00   2.12995E+02   1.81619E+00
  0.00000E+00   2.09183E+02   1.78980E+00
  0.00000E+00   2.08550E+02   1.81045E+00
  0.00000E+00   2.11061E+02   2.04576E+00
  0.00000E+00   2.13966E+02   2.06704E+00
  0.00000E+00   2.14861E+02   2.06974E+00
  0.00000E+00   2.12401E+02   2.09305E+00
  0.00000E+00   2.07139E+02   2.67433E+00
  0.00000E+00   2.02980E+02   3.13011E+00
  0.00000E+00   2.01030E+02   3.34136E+00
  0.00000E+00   1.97489E+02   3.46770E+00
  0.00000E+00   1.95083E+02   3.43049E+00
  0.00000E+00   1.92797E+02   3.40827E+00
  0.00000E+00   1.92325E+02   3.90826E+00
  0.00000E+00   1.90997E+02   3.88158E+00
  0.00000E+00   1.86765E+02   3.43860E+00
  0.00000E+00   1.82431E+02   3.12292E+00
  0.00000E+00   1.79312E+02   2.86956E+00
  0.00000E+00   1.77846E+02   2.54730E+00
  0.00000E+00   1.78896E+02   2.53792E+00
  0.00000E+00   1.79123E+02   2.34959E+00
  0.00000E+00   1.79148E+02   2.19856E+00
  0.00000E+00   1.80846E+02   2.21167E+00
  0.00000E+00   1.82078E+02   2.13327E+00
  0.00000E+00   1.81645E+02   1.67602E+00
  0.00000E+00   1.79953E+02   1.24455E+00
  0.00000E+00   1.80158E+02   8.78021E-01
  0.00000E+00   1.81979E+02   3.96937E-01
  0.00000E+00   1.85333E+02   1.93439E-01
  0.00000E+00   1.87708E+02   2.32275E-01
  0.00000E+00   1.89123E+02   1.18764E-01
  0.00000E+00   1.90270E+02  -5.31950E-02
  0.00000E+00   1.90472E+02  -2.03760E-01
  0.00000E+00   1.90983E+02  -5.30961E-02
  0.00000E+00   1.88977E+02   3.13228E-01
  0.00000E+00   1.88298E+02   4.46676E-01
  0.00000E+00   1.89459E+02   2.20205E-01
  0.00000E+00   1.92658E+02   3.84998E-01
  0.00000E+00   1.93971E+02   3.32263E-01
  0.00000E+00   1.93628E+02   1.29238E-01
  0.00000E+00   1.92393E+02   1.52524E-01
  0.00000E+00   1.91023E+02   9.78038E-02
  0.00000E+00   1.92878E+02   4.06343E-01
  0.00000E+00   1.97042E+02   6.97777E-01
  0.00000E+00   2.01157E+02   6.82729E-01
  0.00000E+00   2.02124E+02   9.12843E-01
  0.00000E+00   2.01734E+02   9.67542E-01
  0.00000E+00   1.98647E+02   1.02523E+00
  0.00000E+00   1.94986E+02   1.05935E+00
  0.00000E+00   1.93226E+02   1.00125E+00
  0.00000E+00   1.92327E+02   1.06616E+00
  0.00000E+00   1.92495E+02   1.51268E+00
  0.00000E+00   1.92943E+02   1.90313E+00
  0.00000E+00   1.92805E+02   1.75911E+00
  0.00000E+00   1.94792E+02   1.80780E+00
  0.00000E+00   1.96960E+02   2.21102E+00
  0.00000E+00   1.98267E+02   2.24650E+00
  0.00000E+00   1.99516E+02   2.03078E+00
  0.00000E+00   2.01877E+02   2.15029E+00
  0.00000E+00   2.06336E+02   2.12534E+00
  0.00000E+00   2.11542E+02   2.04553E+00
  0.00000E+00   2.17184E+02   2.63730E+00
  0.00000E+00   2.22819E+02   3.20597E+00
  0.00000E+00   2.26577E+02   3.53439E+00
  0.00000E+00   2.29992E+02   3.44909E+00
  0.00000E+00   2.33133E+02   3.42388E+00
  0.00000E+00   2.35675E+02   3.88037E+00
  0.00000E+00   2.35690E+02   4.03355E+00
  0.00000E+00   2.34172E+02   3.97867E+00
  0.00000E+00   2.31933E+02   3.84903E+00
  0.00000E+00   2.29893E+02   3.48120E+00
  0.00000E+00   2.30734E+02   3.42730E+00
  0.00000E+00   2.30264E+02   3.07711E+00
  0.00000E+00   2.29537E+02   3.20170E+00
  0.00000E+00   2.27213E+02   3.72867E+00
  0.00000E+00   2.24092E+02   3.84177E+00
  0.00000E+00   2.21995E+02   4.39624E+00
  0.00000E+00   2.17765E+02   4.92254E+00
  0.00000E+00   2.14329E+02   4.98935E+00
  0.00000E+00   2.10612E+02   5.13121E+00
  0.00000E+00   2.01900E+02   5.81885E+00
  0.00000E+00   1.93419E+02   5.59423E+00
  0.00000E+00   1.84844E+02   5.27221E+00
  0.00000E+00   1.79105E+02   4.72228E+00
  0.00000E+00   1.76136E+02   3.52508E+00
  0.00000E+00   1.72212E+02   3.08712E+00
  0.00000E+00   1.67864E+02   2.81237E+00
  0.00000E+00   1.62327E+02   2.72838E+00
  0.00000E+00   1.58996E+02   2.97980E+00
  0.00000E+00   1.56082E+02   3.15196E+00
  0.00000E+00   1.51928E+02   3.18602E+00
  0.00000E+00   1.48184E+02   3.11147E+00
  0.00000E+00   1.47795E+02   2.48137E+00
  0.00000E+00   1.47238E+02   1.90735E+00
  0.00000E+00   1.46942E+02   1.87068E+00
  0.00000E+00   1.44039E+02   2.26012E+00
  0.00000E+00   1.41454E+02   2.20631E+00
  0.00000E+00   1.39357E+02   2.14744E+00
  0.00000E+00   1.39073E+02   1.98102E+00
  0.00000E+00   1.37840E+02   1.77925E+00
  0.00000E+00   1.37900E+02   1.57012E+00
  0.00000E+00   1.38265E+02   1.40449E+00
  0.00000E+00   1.39405E+02   9.71129E-01
  0.00000E+00   1.41143E+02   4.87212E-01
  0.00000E+00   1.43071E+02  -2.02343E-02
  0.00000E+00   1.43234E+02  -5.06987E-01
  0.00000E+00   1.42840E+02  -5.80554E-01
  0.00000E+00   1.41525E+02  -7.45053E-01
  0.00000E+00   1.39831E+02  -9.70030E-01
  0.00000E+00   1.39579E+02  -1.18490E+00
  0.00000E+00   1.40106E+02  -1.33338E+00
  0.00000E+00   1.40075E+02  -1.08329E+00
  0.00000E+00   1.40464E+02  -8.87843E-01
  0.00000E+00   1.38208E+02  -6.26111E-01
  0.00000E+00   1.36440E+02  -4.14767E-01
  0.00000E+00   1.36500E+02  -1.51358E-01
  0.00000E+00   1.37576E+02  -1.57434E-01
  0.00000E+00   1.37689E+02   4.73930E-01
  0.00000E+00   1.39743E+02   7.15435E-01
  0.00000E+00   1.41370E+02   1.10383E+00
  0.00000E+00   1.42606E+02   1.58068E+00
  0.00000E+00   1.42889E+02   1.91796E+00
  0.00000E+00   1.42172E+02   2.13817E+00
  0.00000E+00   1.42280E+02   2.52500E+00
  0.00000E+00   1.42672E+02   2.82766E+00
  0.00000E+00   1.42942E+02   3.32502E+00
  0.00000E+00   1.42587E+02   3.65638E+00
  0.00000E+00   1.42601E+02   3.53302E+00
  0.00000E+00   1.42913E+02   3.29744E+00
  0.00000E+00   1.43768E+02   3.18056E+00
  0.00000E+00   1.45190E+02   3.00171E+00
  0.00000E+00   1.47267E+02   2.61829E+00
  0.00000E+00   1.48638E+02   2.37793E+00
  0.00000E+00   1.49303E+02   2.33447E+00
  0.00000E+00   1.49797E+02   2.25131E+00
  0.00000E+00   1.49148E+02   2.36178E+00
  0.00000E+00   1.49059E+02   2.18436E+00
  0.00000E+00   1.50432E+02   2.20109E+00
  0.00000E+00   1.51892E+02   2.49489E+00
  0.00000E+00   1.53567E+02   2.64706E+00
  0.00000E+00   1.55575E+02   2.82236E+00
  0.00000E+00   1.58192E+02   2.93254E+00
  0.00000E+00   1.59867E+02   2.85038E+00
  0.00000E+00   1.59803E+02   2.98226E+00
  0.00000E+00   1.59333E+02   3.00559E+00
  0.00000E+00   1.57801E+02   3.12486E+00
  0.00000E+00   1.57099E+02   3.33882E+00
  0.00000E+00   1.56388E+02   3.50267E+00
  0.00000E+00   1.54200E+02   3.65442E+00
  0.00000E+00   1.53118E+02   4.05632E+00
  0.00000E+00   1.52727E+02   4.18920E+00
  0.00000E+00   1.52887E+02   4.27649E+00
  0.00000E+00   1.53686E+02   4.43473E+00
  0.00000E+00   1.55764E+02   4.09325E+00
  0.00000E+00   1.57511E+02   4.07306E+00
  0.00000E+00   1.58403E+02   3.95605E+00
  0.00000E+00   1.60417E+02   4.03298E+00
  0.00000E+00   1.60526E+02   4.07351E+00
  0.00000E+00   1.61117E+02   4.13499E+00
  0.00000E+00   1.59467E+02   4.15049E+00
  0.00000E+00   1.58334E+02   4.10753E+00
  0.00000E+00   1.58952E+02   4.09944E+00
  0.00000E+00   1.60420E+02   4.13853E+00
  0.00000E+00   1.61748E+02   4.45827E+00
  0.00000E+00   1.63705E+02   4.39684E+00
  0.00000E+00   1.65775E+02   4.59510E+00
  0.00000E+00   1.66432E+02   4.63106E+00
  0.00000E+00   1.66980E+02   4.62161E+00
  0.00000E+00   1.66362E+02   4.74105E+00
  0.00000E+00   1.65218E+02   5.07966E+00
  0.00000E+00   1.65762E+02   5.38532E+00
  0.00000E+00   1.70247E+02   5.78110E+00
  0.00000E+00   1.73654E+02   5.97680E+00
  0.00000E+00   1.76176E+02   5.84915E+00
  0.00000E+00   1.76990E+02   6.13832E+00
  0.00000E+00   1.79236E+02   6.38744E+00
  0.00000E+00   1.80714E+02   6.21438E+00
  0.00000E+00   1.80581E+02   5.94884E+00
  0.00000E+00   1.80318E+02   6.03804E+00
  0.00000E+00   1.81007E+02   6.27631E+00
  0.00000E+00   1.82494E+02   6.64162E+00
  0.00000E+00   1.85017E+02   6.85484E+00
  0.00000E+00   1.87807E+02   6.65646E+00
  0.00000E+00   1.89483E+02   6.62147E+00
  0.00000E+00   1.91054E+02   6.32602E+00
  0.00000E+00   1.93318E+02   5.92926E+00
  0.00000E+00   1.96736E+02   5.67407E+00
  0.00000E+00   2.00189E+02   5.95799E+00
  0.00000E+00   2.02932E+02   6.27261E+00
  0.00000E+00   2.03013E+02   6.37028E+00
  0.00000E+00   2.01481E+02   6.34615E+00
  0.00000E+00   1.98823E+02   5.98597E+00
  0.00000E+00   1.97609E+02   5.73032E+00
  0.00000E+00   1.97660E+02   5.63256E+00
  0.00000E+00   2.00963E+02   5.15478E+00
  0.00000E+00   2.04213E+02   4.88299E+00
  0.00000E+00   2.05787E+02   4.46195E+00
  0.00000E+00   2.02342E+02   4.10046E+00
  0.00000E+00   1.98560E+02   3.89564E+00
  0.00000E+00   1.94945E+02   3.51651E+00
  0.00000E+00   1.93976E+02   3.39432E+00
  0.00000E+00   1.91756E+02   3.29844E+00
  0.00000E+00   1.89037E+02   3.08856E+00
  0.00000E+00   1.85869E+02   3.02108E+00
  0.00000E+00   1.80266E+02   2.88019E+00
  0.00000E+00   1.69895E+02   2.53237E+00
  0.00000E+00   1.61117E+02   2.31478E+00
  0.00000E+00   1.58083E+02   2.69478E+00
  0.00000E+00   1.58881E+02   2.84127E+00
  0.00000E+00   1.61430E+02   3.03015E+00
  0.00000E+00   1.62957E+02   2.90514E+00
  0.00000E+00   1.64044E+02   2.83583E+00
  0.00000E+00   1.63490E+02   2.60876E+00
  0.00000E+00   1.62657E+02   2.59083E+00
  0.00000E+00   1.60482E+02   2.22023E+00
  0.00000E+00   1.57838E+02   1.70022E+00
  0.00000E+00   1.56342E+02   1.18503E+00
  0.00000E+00   1.56505E+02   1.18430E+00
  0.00000E+00   1.56024E+02   1.06585E+00
  0.00000E+00   1.56628E+02   6.16381E-01
  0.00000E+00   1.56680E+02   8.19269E-02
  0.00000E+00   1.55524E+02  -5.70869E-01
  0.00000E+00   1.55177E+02  -6.95868E-01
  0.00000E+00   1.54785E+02  -9.31513E-01
  0.00000E+00   1.54600E+02  -1.25440E+00
  0.00000E+00   1.53112E+02  -1.42040E+00
  0.00000E+00   1.51525E+02  -1.61369E+00
  0.00000E+00   1.49780E+02  -1.72393E+00
  0.00000E+00   1.48980E+02  -1.92462E+00
  0.00000E+00   1.48449E+02  -2.06208E+00
  0.00000E+00   1.49692E+02  -2.27457E+00
  0.00000E+00   1.50400E+02  -2.63437E+00
  0.00000E+00   1.49774E+02  -2.88838E+00
  0.00000E+00   1.47817E+02  -2.88812E+00
  0.00000E+00   1.45320E+02  -2.91361E+00
  0.00000E+00   1.41448E+02  -3.39279E+00
  0.00000E+00   1.39564E+02  -3.31303E+00
  0.00000E+00   1.39904E+02  -3.34670E+00
  0.00000E+00   1.40654E+02  -3.38351E+00
  0.00000E+00   1.41417E+02  -3.69311E+00
  0.00000E+00   1.41394E+02  -3.91914E+00
  0.00000E+00   1.40068E+02  -4.01900E+00
  0.00000E+00   1.38157E+02  -4.92210E+00
  0.00000E+00   1.36135E+02  -5.19959E+00
  0.00000E+00   1.35376E+02  -5.55897E+00
  0.00000E+00   1.35878E+02  -5.90448E+00
  0.00000E+00   1.37280E+02  -5.93008E+00
  0.00000E+00   1.38475E+02  -5.97109E+00
  0.00000E+00   1.38166E+02  -6.21382E+00
  0.00000E+00   1.37391E+02  -6.15939E+00
  0.00000E+00   1.35841E+02  -6.06800E+00
  0.00000E+00   1.35002E+02  -5.70373E+00
  0.00000E+00   1.34865E+02  -5.13096E+00
  0.00000E+00   1.33247E+02  -4.81547E+00
  0.00000E+00   1.29809E+02  -4.65908E+00
  0.00000E+00   1.25378E+02  -4.62561E+00
  0.00000E+00   1.21954E+02  -4.45169E+00
  0.00000E+00   1.20253E+02  -4.36767E+00
  0.00000E+00   1.20471E+02  -4.42248E+00
  0.00000E+00   1.21542E+02  -4.37362E+00
  0.00000E+00   1.22868E+02  -4.40519E+00
  0.00000E+00   1.23678E+02  -4.19214E+00
  0.00000E+00   1.23838E+02  -4.07634E+00
  0.00000E+00   1.22771E+02  -3.79196E+00
  0.00000E+00   1.22248E+02  -3.34788E+00
  0.00000E+00   1.23084E+02  -3.17638E+00
  0.00000E+00   1.24947E+02  -3.19947E+00
  0.00000E+00   1.26370E+02  -3.02010E+00
  0.00000E+00   1.26207E+02  -3.28861E+00
  0.00000E+00   1.27125E+02  -3.30810E+00
  0.00000E+00   1.28567E+02  -3.35032E+00
  0.00000E+00   1.28932E+02  -3.57581E+00
  0.00000E+00   1.29664E+02  -3.60658E+00
  0.00000E+00   1.29912E+02  -3.70043E+00
  0.00000E+00   1.28497E+02  -3.75199E+00
  0.00000E+00   1.28249E+02  -3.53681E+00
  0.00000E+00   1.29452E+02  -3.45718E+00
  0.00000E+00   1.30322E+02  -3.49746E+00
  0.00000E+00   1.31680E+02  -3.56760E+00
  0.00000E+00   1.32473E+02  -3.51350E+00
  0.00000E+00   1.32964E+02  -3.46014E+00
  0.00000E+00   1.33620E+02  -3.36715E+00
  0.00000E+00   1.34126E+02  -3.21811E+00
  0.00000E+00   1.35123E+02  -3.12259E+00
  0.00000E+00   1.37111E+02  -2.89449E+00
  0.00000E+00   1.39876E+02  -2.95260E+00
  0.00000E+00   1.42800E+02  -2.75973E+00
  0.00000E+00   1.45171E+02  -2.74646E+00
  0.00000E+00   1.46258E+02  -2.78239E+00
  0.00000E+00   1.47697E+02  -2.57462E+00
  0.00000E+00   1.49377E+02  -2.46961E+00
  0.00000E+00   1.50519E+02  -2.39291E+00
  0.00000E+00   1.51437E+02  -2.31933E+00
  0.00000E+00   1.50953E+02  -2.25575E+00
  0.00000E+00   1.48480E+02  -1.97221E+00
  0.00000E+00   1.46461E+02  -1.54110E+00
  0.00000E+00   1.45015E+02  -1.27797E+00
  0.00000E+00   1.43116E+02  -1.25272E+00
  0.00000E+00   1.39927E+02  -1.48437E+00
  0.00000E+00   1.37003E+02  -1.81977E+00
  0.00000E+00   1.34513E+02  -1.93222E+00
  0.00000E+00   1.32768E+02  -1.72805E+00
  0.00000E+00   1.30452E+02  -1.70881E+00
  0.00000E+00   1.28677E+02  -1.50560E+00
  0.00000E+00   1.28372E+02  -1.03851E+00
  0.00000E+00   1.28180E+02  -1.06046E+00
  0.00000E+00   1.28214E+02  -7.22404E-01
  0.00000E+00   1.28389E+02  -6.85231E-01
  0.00000E+00   1.29306E+02  -8.97348E-01
  0.00000E+00   1.31687E+02  -7.71217E-01
  0.00000E+00   1.34980E+02  -3.95169E-01
  0.00000E+00   1.37618E+02   8.66592E-02
  0.00000E+00   1.37701E+02   4.75582E-01
  0.00000E+00   1.37526E+02   4.21461E-01
  0.00000E+00   1.38782E+02   3.38713E-01
  0.00000E+00   1.40475E+02   7.08104E-01
  0.00000E+00   1.41160E+02   1.36137E+00
  0.00000E+00   1.40114E+02   1.62393E+00
  0.00000E+00   1.41299E+02   1.54611E+00
  0.00000E+00   1.43606E+02   1.46749E+00
  0.00000E+00   1.45829E+02   1.63383E+00
  0.00000E+00   1.45625E+02   1.94168E+00
  0.00000E+00   1.44248E+02   2.28060E+00
  0.00000E+00   1.42921E+02   2.34718E+00
  0.00000E+00   1.41646E+02   2.61443E+00
  0.00000E+00   1.37969E+02   2.62724E+00
  0.00000E+00   1.36512E+02   2.77514E+00
  0.00000E+00   1.36948E+02   2.91286E+00
  0.00000E+00   1.38593E+02   3.06133E+00
  0.00000E+00   1.37221E+02   3.48564E+00
  0.00000E+00   1.34861E+02   3.64749E+00
  0.00000E+00   1.31386E+02   3.59633E+00
  0.00000E+00   1.27637E+02   3.59233E+00
  0.00000E+00   1.25732E+02   3.52383E+00
  0.00000E+00   1.24895E+02   3.49974E+00
  0.00000E+00   1.25036E+02   3.88701E+00
  0.00000E+00   1.25175E+02   3.98639E+00
  0.00000E+00   1.23986E+02   4.01639E+00
  0.00000E+00   1.24956E+02   4.25297E+00
  0.00000E+00   1.27266E+02   4.53217E+00
  0.00000E+00   1.29539E+02   5.04409E+00
  0.00000E+00   1.29658E+02   5.15442E+00
  0.00000E+00   1.29301E+02   5.31149E+00
  0.00000E+00   1.30049E+02   5.20812E+00
  0.00000E+00   1.30359E+02   5.00789E+00
  0.00000E+00   1.32351E+02   5.04023E+00
  0.00000E+00   1.34601E+02   4.98759E+00
  0.00000E+00   1.36330E+02   4.89383E+00
  0.00000E+00   1.38858E+02   4.94971E+00
  0.00000E+00   1.42525E+02   5.18139E+00
  0.00000E+00   1.46918E+02   5.08589E+00
  0.00000E+00   1.51008E+02   5.18146E+00
  0.00000E+00   1.56874E+02   5.04636E+00
  0.00000E+00   1.62773E+02   4.91587E+00
  0.00000E+00   1.66071E+02   4.75429E+00
  0.00000E+00   1.66856E+02   4.44840E+00
  0.00000E+00   1.65819E+02   4.33537E+00
  0.00000E+00   1.65412E+02   4.00120E+00
  0.00000E+00   1.66585E+02   4.10088E+00
  0.00000E+00   1.68344E+02   4.17596E+00
  0.00000E+00   1.66992E+02   4.25225E+00
  0.00000E+00   1.65217E+02   4.06657E+00
  0.00000E+00   1.61055E+02   3.70913E+00
  0.00000E+00   1.58906E+02   3.46821E+00
  0.00000E+00   1.55850E+02   3.43570E+00
  0.00000E+00   1.52038E+02   3.67427E+00
  0.00000E+00   1.48736E+02   4.12828E+00
  0.00000E+00   1.49244E+02   4.23488E+00
  0.00000E+00   1.52097E+02   4.37249E+00
  0.00000E+00   1.54893E+02   4.52756E+00
  0.00000E+00   1.56743E+02   4.36276E+00
  0.00000E+00   1.56398E+02   4.16672E+00
  0.00000E+00   1.55950E+02   4.09077E+00
  0.00000E+00   1.54495E+02   4.50017E+00
  0.00000E+00   1.51285E+02   4.33766E+00
  0.00000E+00   1.47018E+02   4.38026E+00
  0.00000E+00   1.45191E+02   4.26716E+00
  0.00000E+00   1.46415E+02   4.09337E+00
  0.00000E+00   1.46412E+02   3.53112E+00
  0.00000E+00   1.45346E+02   3.63161E+00
  0.00000E+00   1.43662E+02   3.70508E+00
  0.00000E+00   1.39989E+02   3.90305E+00
  0.00000E+00   1.35139E+02   3.84641E+00
  0.00000E+00   1.29996E+02   4.02426E+00
  0.00000E+00   1.26098E+02   3.80969E+00
  0.00000E+00   1.25190E+02   3.55758E+00
  0.00000E+00   1.25876E+02   3.59525E+00
  0.00000E+00   1.26307E+02   3.26381E+00
  0.00000E+00   1.26152E+02   3.28772E+00
  0.00000E+00   1.26459E+02   3.28424E+00
  0.00000E+00   1.26371E+02   3.00176E+00
  0.00000E+00   1.26743E+02   2.83153E+00
  0.00000E+00   1.27521E+02   3.01650E+00
  0.00000E+00   1.26214E+02   2.79655E+00
  0.00000E+00   1.24308E+02   2.38982E+00
  0.00000E+00   1.22562E+02   1.86330E+00
  0.00000E+00   1.21864E+02   1.20485E+00
  0.00000E+00   1.22179E+02   9.93674E-01
  0.00000E+00   1.22806E+02   9.72861E-01
