  0.00000E+00  -1.47392E-02  -1.02279E-04
  0.00000E+00  -1.25504E-02  -1.10034E-04
  0.00000E+00  -8.93072E-03  -1.30037E-04
  0.00000E+00  -6.41044E-03  -1.45909E-04
  0.00000E+00  -4.45046E-03  -1.35765E-04
  0.00000E+00  -2.92665E-03  -1.01740E-04
  0.00000E+00  -1.77868E-03  -5.80065E-05
  0.00000E+00  -9.30486E-04  -1.43361E-05
  0.00000E+00  -3.32193E-04   2.25784E-05
  0.00000E+00   6.55179E-05   4.94744E-05
  0.00000E+00   3.11795E-04   6.57903E-05
  0.00000E+00   4.42932E-04   7.26270E-05
  0.00000E+00   4.88956E-04   7.21304E-05
  0.00000E+00   4.76961E-04   6.67489E-05
  0.00000E+00   4.28321E-04   5.88322E-05
  0.00000E+00   3.60525E-04   4.98526E-05
  0.00000E+00   2.85968E-04   4.08186E-05
  0.00000E+00   2.16982E-04   3.22911E-05
  0.00000E+00   1.55842E-04   2.45948E-05
  0.00000E+00   1.10070E-04   1.80600E-05
  0.00000E+00   7.40470E-05   1.26639E-05
  0.00000E+00   5.35914E-05   8.53036E-06
  0.00000E+00   4.15287E-05   5.44449E-06
  0.00000E+00   3.96184E-05   3.36802E-06
  0.00000E+00   4.27105E-05   2.06805E-06
  0.00000E+00   4.82167E-05   1.40838E-06
  0.00000E+00   5.67396E-05   1.18065E-06
  0.00000E+00   6.34042E-05   1.26471E-06
  0.00000E+00   6.91219E-05   1.49508E-06
  0.00000E+00   7.34399E-05   1.76982E-06
  0.00000E+00   7.48089E-05   2.03538E-06
  0.00000E+00   7.46108E-05   2.20768E-06
  0.00000E+00   7.32600E-05   2.27334E-06
  0.00000E+00   7.03400E-05   2.24023E-06
  0.00000E+00   6.68705E-05   2.08894E-06
  0.00000E+00   6.36592E-05   1.85100E-06
  0.00000E+00   6.07217E-05   1.55630E-06
  0.00000E+00   5.84681E-05   1.22004E-06
  0.00000E+00   5.71044E-05   8.73472E-07
  0.00000E+00   5.67541E-05   5.49711E-07
  0.00000E+00   5.69921E-05   2.83895E-07
  0.00000E+00   5.72567E-05   7.59345E-08
  0.00000E+00   5.73684E-05  -1.00995E-07
  0.00000E+00   5.76125E-05  -2.53204E-07
  0.00000E+00   5.80852E-05  -3.58927E-07
  0.00000E+00   5.88560E-05  -4.09943E-07
  0.00000E+00   5.96727E-05  -4.01249E-07
  0.00000E+00   6.02330E-05  -3.42491E-07
  0.00000E+00   6.05955E-05  -2.62577E-07
  0.00000E+00   6.09214E-05  -1.78179E-07
  0.00000E+00   6.12086E-05  -9.18052E-08
  0.00000E+00   6.13753E-05  -7.23132E-09
  0.00000E+00   6.13855E-05   7.22476E-08
  0.00000E+00   6.12220E-05   1.45983E-07
  0.00000E+00   6.08439E-05   2.12390E-07
  0.00000E+00   6.02661E-05   2.69973E-07
  0.00000E+00   5.95921E-05   3.16785E-07
  0.00000E+00   5.89595E-05   3.55416E-07
  0.00000E+00   5.84669E-05   3.93771E-07
  0.00000E+00   5.81542E-05   4.38757E-07
  0.00000E+00   5.79966E-05   4.91624E-07
  0.00000E+00   5.79406E-05   5.47793E-07
  0.00000E+00   5.79432E-05   5.98967E-07
  0.00000E+00   5.79918E-05   6.38870E-07
  0.00000E+00   5.80936E-05   6.66874E-07
  0.00000E+00   5.82427E-05   6.85552E-07
  0.00000E+00   5.84202E-05   6.96519E-07
  0.00000E+00   5.86111E-05   6.99403E-07
  0.00000E+00   5.88112E-05   6.94107E-07
  0.00000E+00   5.90184E-05   6.82667E-07
  0.00000E+00   5.92226E-05   6.68719E-07
  0.00000E+00   5.94080E-05   6.55716E-07
  0.00000E+00   5.95605E-05   6.45685E-07
  0.00000E+00   5.96747E-05   6.38858E-07
  0.00000E+00   5.97574E-05   6.34030E-07
  0.00000E+00   5.98255E-05   6.29183E-07
  0.00000E+00   5.99000E-05   6.22173E-07
  0.00000E+00   6.00004E-05   6.11183E-07
  0.00000E+00   6.01405E-05   5.94954E-07
  0.00000E+00   6.03278E-05   5.73003E-07
  0.00000E+00   6.05633E-05   5.45806E-07
  0.00000E+00   6.08433E-05   5.14785E-07
  0.00000E+00   6.11610E-05   4.82029E-07
  0.00000E+00   6.15064E-05   4.49986E-07
  0.00000E+00   6.18682E-05   4.20669E-07
  0.00000E+00   6.22377E-05   3.95117E-07
  0.00000E+00   6.26102E-05   3.73759E-07
  0.00000E+00   6.29814E-05   3.56596E-07
  0.00000E+00   6.33471E-05   3.43208E-07
  0.00000E+00   6.37052E-05   3.32707E-07
  0.00000E+00   6.40555E-05   3.23729E-07
  0.00000E+00   6.43997E-05   3.14586E-07
  0.00000E+00   6.47394E-05   3.03614E-07
  0.00000E+00   6.50735E-05   2.89546E-07
  0.00000E+00   6.53951E-05   2.71794E-07
  0.00000E+00   6.56887E-05   2.50586E-07
  0.00000E+00   6.59286E-05   2.26860E-07
  0.00000E+00   6.60819E-05   2.01984E-07
  0.00000E+00   6.61173E-05   1.77437E-07
  0.00000E+00   6.60186E-05   1.54554E-07
  0.00000E+00   6.58001E-05   1.34357E-07
  0.00000E+00   6.55185E-05   1.17484E-07
  0.00000E+00   6.52722E-05   1.04161E-07
  0.00000E+00   6.51805E-05   9.42013E-08
  0.00000E+00   6.53444E-05   8.70707E-08
  0.00000E+00   6.58039E-05   8.20328E-08
  0.00000E+00   6.65113E-05   7.83361E-08
  0.00000E+00   6.73373E-05   7.53852E-08
  0.00000E+00   6.81126E-05   7.28595E-08
  0.00000E+00   6.86918E-05   7.07532E-08
  0.00000E+00   6.90112E-05   6.93064E-08
  0.00000E+00   6.91143E-05   6.88330E-08
  0.00000E+00   6.91299E-05   6.95131E-08
  0.00000E+00   6.92119E-05   7.12868E-08
  0.00000E+00   6.94702E-05   7.39245E-08
  0.00000E+00   6.99266E-05   7.71925E-08
  0.00000E+00   7.05139E-05   8.09980E-08
  0.00000E+00   7.11170E-05   8.54438E-08
  0.00000E+00   7.16289E-05   9.07873E-08
  0.00000E+00   7.19970E-05   9.73319E-08
  0.00000E+00   7.22368E-05   1.05293E-07
  0.00000E+00   7.24139E-05   1.14696E-07
  0.00000E+00   7.26059E-05   1.25369E-07
  0.00000E+00   7.28666E-05   1.37027E-07
  0.00000E+00   7.32072E-05   1.49398E-07
  0.00000E+00   7.36013E-05   1.62300E-07
  0.00000E+00   7.40062E-05   1.75665E-07
  0.00000E+00   7.43864E-05   1.89491E-07
  0.00000E+00   7.47264E-05   2.03781E-07
  0.00000E+00   7.50298E-05   2.18504E-07
  0.00000E+00   7.53081E-05   2.33601E-07
  0.00000E+00   7.55686E-05   2.49009E-07
  0.00000E+00   7.58100E-05   2.64702E-07
  0.00000E+00   7.60244E-05   2.80700E-07
  0.00000E+00   7.62062E-05   2.97064E-07
  0.00000E+00   7.63581E-05   3.13862E-07
  0.00000E+00   7.64940E-05   3.31150E-07
  0.00000E+00   7.66363E-05   3.48942E-07
  0.00000E+00   7.68108E-05   3.67212E-07
  0.00000E+00   7.70407E-05   3.85885E-07
  0.00000E+00   7.73425E-05   4.04841E-07
  0.00000E+00   7.77224E-05   4.23923E-07
  0.00000E+00   7.81756E-05   4.42948E-07
  0.00000E+00   7.86858E-05   4.61722E-07
  0.00000E+00   7.92272E-05   4.80063E-07
  0.00000E+00   7.97686E-05   4.97825E-07
  0.00000E+00   8.02793E-05   5.14910E-07
  0.00000E+00   8.07353E-05   5.31285E-07
  0.00000E+00   8.11256E-05   5.46978E-07
  0.00000E+00   8.14552E-05   5.62068E-07
  0.00000E+00   8.17445E-05   5.76669E-07
  0.00000E+00   8.20247E-05   5.90917E-07
  0.00000E+00   8.23302E-05   6.04956E-07
  0.00000E+00   8.26896E-05   6.18935E-07
  0.00000E+00   8.31189E-05   6.33005E-07
  0.00000E+00   8.36173E-05   6.47319E-07
  0.00000E+00   8.41681E-05   6.62027E-07
  0.00000E+00   8.47440E-05   6.77261E-07
  0.00000E+00   8.53144E-05   6.93120E-07
  0.00000E+00   8.58545E-05   7.09643E-07
  0.00000E+00   8.63510E-05   7.26799E-07
  0.00000E+00   8.68051E-05   7.44473E-07
  0.00000E+00   8.72310E-05   7.62471E-07
  0.00000E+00   8.76508E-05   7.80547E-07
  0.00000E+00   8.80879E-05   7.98424E-07
  0.00000E+00   8.85600E-05   8.15839E-07
  0.00000E+00   8.90756E-05   8.32569E-07
  0.00000E+00   8.96326E-05   8.48457E-07
  0.00000E+00   9.02206E-05   8.63413E-07
  0.00000E+00   9.08250E-05   8.77413E-07
  0.00000E+00   9.14319E-05   8.90476E-07
  0.00000E+00   9.20317E-05   9.02652E-07
  0.00000E+00   9.26214E-05   9.14003E-07
  0.00000E+00   9.32037E-05   9.24600E-07
  0.00000E+00   9.37853E-05   9.34524E-07
  0.00000E+00   9.43738E-05   9.43871E-07
  0.00000E+00   9.49756E-05   9.52763E-07
  0.00000E+00   9.55937E-05   9.61345E-07
  0.00000E+00   9.62277E-05   9.69784E-07
  0.00000E+00   9.68748E-05   9.78258E-07
  0.00000E+00   9.75310E-05   9.86939E-07
  0.00000E+00   9.81925E-05   9.95982E-07
  0.00000E+00   9.88571E-05   1.00551E-06
  0.00000E+00   9.95241E-05   1.01561E-06
  0.00000E+00   1.00194E-04   1.02633E-06
  0.00000E+00   1.00868E-04   1.03770E-06
  0.00000E+00   1.01547E-04   1.04970E-06
  0.00000E+00   1.02231E-04   1.06231E-06
  0.00000E+00   1.02921E-04   1.07548E-06
  0.00000E+00   1.03615E-04   1.08915E-06
  0.00000E+00   1.04312E-04   1.10326E-06
  0.00000E+00   1.05011E-04   1.11771E-06
  0.00000E+00   1.05713E-04   1.13243E-06
  0.00000E+00   1.06419E-04   1.14731E-06
  0.00000E+00   1.07129E-04   1.16228E-06
  0.00000E+00   1.07845E-04   1.17723E-06
  0.00000E+00   1.08569E-04   1.19211E-06
  0.00000E+00   1.09304E-04   1.20684E-06
  0.00000E+00   1.10052E-04   1.22136E-06
  0.00000E+00   1.10817E-04   1.23562E-06
  0.00000E+00   1.11604E-04   1.24957E-06
  0.00000E+00   1.12418E-04   1.26313E-06
  0.00000E+00   1.13265E-04   1.27627E-06
  0.00000E+00   1.14148E-04   1.28892E-06
  0.00000E+00   1.15071E-04   1.30102E-06
  0.00000E+00   1.16033E-04   1.31251E-06
  0.00000E+00   1.17029E-04   1.32335E-06
  0.00000E+00   1.18052E-04   1.33350E-06
  0.00000E+00   1.19093E-04   1.34293E-06
  0.00000E+00   1.20144E-04   1.35163E-06
  0.00000E+00   1.21195E-04   1.35960E-06
  0.00000E+00   1.22242E-04   1.36684E-06
  0.00000E+00   1.23285E-04   1.37339E-06
  0.00000E+00   1.24326E-04   1.37926E-06
  0.00000E+00   1.25374E-04   1.38452E-06
  0.00000E+00   1.26437E-04   1.38919E-06
  0.00000E+00   1.27524E-04   1.39335E-06
  0.00000E+00   1.28640E-04   1.39704E-06
  0.00000E+00   1.29787E-04   1.40035E-06
  0.00000E+00   1.30962E-04   1.40333E-06
  0.00000E+00   1.32162E-04   1.40608E-06
  0.00000E+00   1.33382E-04   1.40869E-06
  0.00000E+00   1.34621E-04   1.41123E-06
  0.00000E+00   1.35880E-04   1.41378E-06
  0.00000E+00   1.37164E-04   1.41640E-06
  0.00000E+00   1.38475E-04   1.41913E-06
  0.00000E+00   1.39813E-04   1.42201E-06
  0.00000E+00   1.41177E-04   1.42504E-06
  0.00000E+00   1.42558E-04   1.42824E-06
  0.00000E+00   1.43950E-04   1.43163E-06
  0.00000E+00   1.45346E-04   1.43520E-06
  0.00000E+00   1.46744E-04   1.43897E-06
  0.00000E+00   1.48146E-04   1.44294E-06
  0.00000E+00   1.49558E-04   1.44712E-06
  0.00000E+00   1.50986E-04   1.45150E-06
  0.00000E+00   1.52437E-04   1.45610E-06
  0.00000E+00   1.53917E-04   1.46091E-06
  0.00000E+00   1.55427E-04   1.46597E-06
  0.00000E+00   1.56969E-04   1.47129E-06
  0.00000E+00   1.58541E-04   1.47689E-06
  0.00000E+00   1.60143E-04   1.48279E-06
  0.00000E+00   1.61774E-04   1.48900E-06
  0.00000E+00   1.63434E-04   1.49553E-06
  0.00000E+00   1.65121E-04   1.50238E-06
  0.00000E+00   1.66835E-04   1.50954E-06
  0.00000E+00   1.68573E-04   1.51701E-06
  0.00000E+00   1.70335E-04   1.52478E-06
  0.00000E+00   1.72118E-04   1.53286E-06
  0.00000E+00   1.73923E-04   1.54123E-06
  0.00000E+00   1.75752E-04   1.54989E-06
  0.00000E+00   1.77604E-04   1.55886E-06
  0.00000E+00   1.79483E-04   1.56813E-06
  0.00000E+00   1.81389E-04   1.57773E-06
  0.00000E+00   1.83322E-04   1.58770E-06
  0.00000E+00   1.85284E-04   1.59807E-06
  0.00000E+00   1.87274E-04   1.60887E-06
  0.00000E+00   1.89292E-04   1.62016E-06
  0.00000E+00   1.91338E-04   1.63194E-06
  0.00000E+00   1.93412E-04   1.64423E-06
  0.00000E+00   1.95513E-04   1.65703E-06
  0.00000E+00   1.97642E-04   1.67034E-06
  0.00000E+00   1.99799E-04   1.68413E-06
  0.00000E+00   2.01985E-04   1.69837E-06
  0.00000E+00   2.04199E-04   1.71304E-06
  0.00000E+00   2.06444E-04   1.72809E-06
  0.00000E+00   2.08719E-04   1.74350E-06
  0.00000E+00   2.11028E-04   1.75921E-06
  0.00000E+00   2.13371E-04   1.77520E-06
  0.00000E+00   2.15749E-04   1.79142E-06
  0.00000E+00   2.18165E-04   1.80783E-06
  0.00000E+00   2.20619E-04   1.82443E-06
  0.00000E+00   2.23113E-04   1.84118E-06
  0.00000E+00   2.25646E-04   1.85810E-06
  0.00000E+00   2.28221E-04   1.87518E-06
  0.00000E+00   2.30836E-04   1.89244E-06
  0.00000E+00   2.33493E-04   1.90991E-06
  0.00000E+00   2.36190E-04   1.92760E-06
  0.00000E+00   2.38929E-04   1.94555E-06
  0.00000E+00   2.41709E-04   1.96378E-06
  0.00000E+00   2.44531E-04   1.98233E-06
  0.00000E+00   2.47394E-04   2.00123E-06
  0.00000E+00   2.50298E-04   2.02051E-06
  0.00000E+00   2.53245E-04   2.04019E-06
  0.00000E+00   2.56234E-04   2.06031E-06
  0.00000E+00   2.59266E-04   2.08089E-06
  0.00000E+00   2.62342E-04   2.10195E-06
  0.00000E+00   2.65461E-04   2.12348E-06
  0.00000E+00   2.68625E-04   2.14548E-06
  0.00000E+00   2.71834E-04   2.16794E-06
  0.00000E+00   2.75088E-04   2.19085E-06
  0.00000E+00   2.78389E-04   2.21419E-06
  0.00000E+00   2.81737E-04   2.23794E-06
  0.00000E+00   2.85132E-04   2.26210E-06
  0.00000E+00   2.88576E-04   2.28664E-06
  0.00000E+00   2.92069E-04   2.31157E-06
  0.00000E+00   2.95611E-04   2.33687E-06
  0.00000E+00   2.99204E-04   2.36255E-06
  0.00000E+00   3.02847E-04   2.38859E-06
  0.00000E+00   3.06541E-04   2.41501E-06
  0.00000E+00   3.10287E-04   2.44182E-06
  0.00000E+00   3.14087E-04   2.46903E-06
  0.00000E+00   3.17942E-04   2.49667E-06
  0.00000E+00   3.21855E-04   2.52474E-06
  0.00000E+00   3.25828E-04   2.55329E-06
  0.00000E+00   3.29861E-04   2.58232E-06
  0.00000E+00   3.33956E-04   2.61186E-06
  0.00000E+00   3.38114E-04   2.64191E-06
  0.00000E+00   3.42334E-04   2.67249E-06
  0.00000E+00   3.46615E-04   2.70362E-06
  0.00000E+00   3.50956E-04   2.73530E-06
  0.00000E+00   3.55358E-04   2.76754E-06
  0.00000E+00   3.59821E-04   2.80037E-06
  0.00000E+00   3.64346E-04   2.83378E-06
  0.00000E+00   3.68935E-04   2.86777E-06
  0.00000E+00   3.73589E-04   2.90236E-06
  0.00000E+00   3.78310E-04   2.93753E-06
  0.00000E+00   3.83101E-04   2.97328E-06
  0.00000E+00   3.87962E-04   3.00960E-06
  0.00000E+00   3.92895E-04   3.04650E-06
  0.00000E+00   3.97900E-04   3.08398E-06
  0.00000E+00   4.02977E-04   3.12204E-06
  0.00000E+00   4.08129E-04   3.16070E-06
  0.00000E+00   4.13355E-04   3.19996E-06
  0.00000E+00   4.18656E-04   3.23982E-06
  0.00000E+00   4.24033E-04   3.28029E-06
  0.00000E+00   4.29489E-04   3.32137E-06
  0.00000E+00   4.35023E-04   3.36306E-06
  0.00000E+00   4.40637E-04   3.40536E-06
  0.00000E+00   4.46333E-04   3.44826E-06
  0.00000E+00   4.52112E-04   3.49176E-06
  0.00000E+00   4.57974E-04   3.53586E-06
  0.00000E+00   4.63921E-04   3.58054E-06
  0.00000E+00   4.69953E-04   3.62582E-06
  0.00000E+00   4.76072E-04   3.67167E-06
  0.00000E+00   4.82278E-04   3.71809E-06
  0.00000E+00   4.88574E-04   3.76507E-06
  0.00000E+00   4.94961E-04   3.81261E-06
  0.00000E+00   5.01442E-04   3.86069E-06
  0.00000E+00   5.08017E-04   3.90932E-06
  0.00000E+00   5.14689E-04   3.95848E-06
  0.00000E+00   5.21461E-04   4.00819E-06
  0.00000E+00   5.28332E-04   4.05845E-06
  0.00000E+00   5.35305E-04   4.10925E-06
  0.00000E+00   5.42382E-04   4.16061E-06
  0.00000E+00   5.49563E-04   4.21252E-06
  0.00000E+00   5.56850E-04   4.26498E-06
  0.00000E+00   5.64244E-04   4.31801E-06
  0.00000E+00   5.71748E-04   4.37159E-06
  0.00000E+00   5.79362E-04   4.42574E-06
  0.00000E+00   5.87088E-04   4.48044E-06
  0.00000E+00   5.94928E-04   4.53571E-06
  0.00000E+00   6.02883E-04   4.59155E-06
  0.00000E+00   6.10955E-04   4.64797E-06
  0.00000E+00   6.19146E-04   4.70497E-06
  0.00000E+00   6.27457E-04   4.76258E-06
  0.00000E+00   6.35890E-04   4.82080E-06
  0.00000E+00   6.44447E-04   4.87965E-06
  0.00000E+00   6.53129E-04   4.93916E-06
  0.00000E+00   6.61939E-04   4.99935E-06
  0.00000E+00   6.70878E-04   5.06025E-06
  0.00000E+00   6.79949E-04   5.12189E-06
  0.00000E+00   6.89153E-04   5.18431E-06
  0.00000E+00   6.98492E-04   5.24755E-06
  0.00000E+00   7.07968E-04   5.31165E-06
  0.00000E+00   7.17583E-04   5.37665E-06
  0.00000E+00   7.27338E-04   5.44259E-06
  0.00000E+00   7.37236E-04   5.50951E-06
  0.00000E+00   7.47278E-04   5.57743E-06
  0.00000E+00   7.57467E-04   5.64640E-06
  0.00000E+00   7.67804E-04   5.71644E-06
  0.00000E+00   7.78293E-04   5.78759E-06
  0.00000E+00   7.88935E-04   5.85989E-06
  0.00000E+00   7.99732E-04   5.93336E-06
  0.00000E+00   8.10687E-04   6.00805E-06
  0.00000E+00   8.21803E-04   6.08397E-06
  0.00000E+00   8.33081E-04   6.16116E-06
  0.00000E+00   8.44525E-04   6.23964E-06
  0.00000E+00   8.56136E-04   6.31944E-06
  0.00000E+00   8.67919E-04   6.40059E-06
  0.00000E+00   8.79874E-04   6.48313E-06
  0.00000E+00   8.92006E-04   6.56710E-06
  0.00000E+00   9.04315E-04   6.65256E-06
  0.00000E+00   9.16805E-04   6.73956E-06
  0.00000E+00   9.29479E-04   6.82814E-06
  0.00000E+00   9.42338E-04   6.91835E-06
  0.00000E+00   9.55386E-04   7.01026E-06
  0.00000E+00   9.68625E-04   7.10390E-06
  0.00000E+00   9.82058E-04   7.19934E-06
  0.00000E+00   9.95687E-04   7.29664E-06
  0.00000E+00   1.00951E-03   7.39587E-06
  0.00000E+00   1.02354E-03   7.49710E-06
  0.00000E+00   1.03778E-03   7.60039E-06
  0.00000E+00   1.05222E-03   7.70581E-06
  0.00000E+00   1.06687E-03   7.81343E-06
  0.00000E+00   1.08174E-03   7.92330E-06
  0.00000E+00   1.09682E-03   8.03548E-06
  0.00000E+00   1.11213E-03   8.15004E-06
  0.00000E+00   1.12766E-03   8.26704E-06
  0.00000E+00   1.14341E-03   8.38654E-06
  0.00000E+00   1.15940E-03   8.50864E-06
  0.00000E+00   1.17562E-03   8.63339E-06
  0.00000E+00   1.19208E-03   8.76088E-06
  0.00000E+00   1.20879E-03   8.89117E-06
  0.00000E+00   1.22574E-03   9.02432E-06
  0.00000E+00   1.24294E-03   9.16042E-06
  0.00000E+00   1.26039E-03   9.29951E-06
  0.00000E+00   1.27811E-03   9.44167E-06
  0.00000E+00   1.29608E-03   9.58697E-06
  0.00000E+00   1.31432E-03   9.73550E-06
  0.00000E+00   1.33283E-03   9.88732E-06
  0.00000E+00   1.35161E-03   1.00425E-05
  0.00000E+00   1.37067E-03   1.02011E-05
  0.00000E+00   1.39000E-03   1.03632E-05
  0.00000E+00   1.40963E-03   1.05289E-05
  0.00000E+00   1.42954E-03   1.06981E-05
  0.00000E+00   1.44974E-03   1.08710E-05
  0.00000E+00   1.47025E-03   1.10476E-05
  0.00000E+00   1.49106E-03   1.12279E-05
  0.00000E+00   1.51217E-03   1.14121E-05
  0.00000E+00   1.53359E-03   1.16000E-05
  0.00000E+00   1.55533E-03   1.17919E-05
  0.00000E+00   1.57739E-03   1.19877E-05
  0.00000E+00   1.59977E-03   1.21874E-05
  0.00000E+00   1.62248E-03   1.23910E-05
  0.00000E+00   1.64553E-03   1.25987E-05
  0.00000E+00   1.66892E-03   1.28103E-05
  0.00000E+00   1.69265E-03   1.30259E-05
  0.00000E+00   1.71674E-03   1.32456E-05
  0.00000E+00   1.74117E-03   1.34694E-05
  0.00000E+00   1.76596E-03   1.36972E-05
  0.00000E+00   1.79112E-03   1.39291E-05
  0.00000E+00   1.81665E-03   1.41650E-05
  0.00000E+00   1.84256E-03   1.44049E-05
  0.00000E+00   1.86884E-03   1.46488E-05
  0.00000E+00   1.89552E-03   1.48967E-05
  0.00000E+00   1.92259E-03   1.51485E-05
  0.00000E+00   1.95006E-03   1.54042E-05
  0.00000E+00   1.97793E-03   1.56638E-05
  0.00000E+00   2.00621E-03   1.59272E-05
  0.00000E+00   2.03491E-03   1.61943E-05
  0.00000E+00   2.06403E-03   1.64651E-05
  0.00000E+00   2.09359E-03   1.67395E-05
  0.00000E+00   2.12358E-03   1.70174E-05
  0.00000E+00   2.15401E-03   1.72987E-05
  0.00000E+00   2.18490E-03   1.75833E-05
  0.00000E+00   2.21624E-03   1.78712E-05
  0.00000E+00   2.24804E-03   1.81622E-05
  0.00000E+00   2.28032E-03   1.84563E-05
  0.00000E+00   2.31306E-03   1.87533E-05
  0.00000E+00   2.34629E-03   1.90531E-05
  0.00000E+00   2.38001E-03   1.93556E-05
  0.00000E+00   2.41424E-03   1.96607E-05
  0.00000E+00   2.44897E-03   1.99682E-05
  0.00000E+00   2.48421E-03   2.02779E-05
  0.00000E+00   2.51998E-03   2.05899E-05
  0.00000E+00   2.55628E-03   2.09039E-05
  0.00000E+00   2.59312E-03   2.12198E-05
  0.00000E+00   2.63050E-03   2.15376E-05
  0.00000E+00   2.66843E-03   2.18569E-05
  0.00000E+00   2.70693E-03   2.21778E-05
  0.00000E+00   2.74600E-03   2.25000E-05
  0.00000E+00   2.78566E-03   2.28233E-05
  0.00000E+00   2.82590E-03   2.31477E-05
  0.00000E+00   2.86674E-03   2.34730E-05
  0.00000E+00   2.90820E-03   2.37990E-05
  0.00000E+00   2.95026E-03   2.41257E-05
  0.00000E+00   2.99295E-03   2.44528E-05
  0.00000E+00   3.03627E-03   2.47803E-05
  0.00000E+00   3.08024E-03   2.51080E-05
  0.00000E+00   3.12486E-03   2.54357E-05
  0.00000E+00   3.17014E-03   2.57633E-05
  0.00000E+00   3.21610E-03   2.60906E-05
  0.00000E+00   3.26275E-03   2.64176E-05
  0.00000E+00   3.31010E-03   2.67442E-05
  0.00000E+00   3.35815E-03   2.70702E-05
  0.00000E+00   3.40691E-03   2.73956E-05
  0.00000E+00   3.45640E-03   2.77204E-05
  0.00000E+00   3.50662E-03   2.80443E-05
  0.00000E+00   3.55759E-03   2.83673E-05
  0.00000E+00   3.60932E-03   2.86893E-05
  0.00000E+00   3.66183E-03   2.90104E-05
  0.00000E+00   3.71512E-03   2.93304E-05
  0.00000E+00   3.76921E-03   2.96494E-05
  0.00000E+00   3.82411E-03   2.99673E-05
  0.00000E+00   3.87982E-03   3.02843E-05
  0.00000E+00   3.93637E-03   3.06004E-05
  0.00000E+00   3.99375E-03   3.09156E-05
  0.00000E+00   4.05199E-03   3.12299E-05
  0.00000E+00   4.11109E-03   3.15434E-05
  0.00000E+00   4.17109E-03   3.18563E-05
  0.00000E+00   4.23198E-03   3.21687E-05
  0.00000E+00   4.29378E-03   3.24808E-05
  0.00000E+00   4.35651E-03   3.27927E-05
  0.00000E+00   4.42017E-03   3.31048E-05
  0.00000E+00   4.48477E-03   3.34174E-05
  0.00000E+00   4.55034E-03   3.37306E-05
  0.00000E+00   4.61688E-03   3.40447E-05
  0.00000E+00   4.68442E-03   3.43601E-05
  0.00000E+00   4.75296E-03   3.46772E-05
  0.00000E+00   4.82254E-03   3.49962E-05
  0.00000E+00   4.89315E-03   3.53177E-05
  0.00000E+00   4.96482E-03   3.56421E-05
  0.00000E+00   5.03755E-03   3.59699E-05
  0.00000E+00   5.11137E-03   3.63017E-05
  0.00000E+00   5.18628E-03   3.66380E-05
  0.00000E+00   5.26231E-03   3.69793E-05
  0.00000E+00   5.33947E-03   3.73263E-05
  0.00000E+00   5.41778E-03   3.76794E-05
  0.00000E+00   5.49726E-03   3.80394E-05
  0.00000E+00   5.57793E-03   3.84069E-05
  0.00000E+00   5.65980E-03   3.87828E-05
  0.00000E+00   5.74288E-03   3.91676E-05
  0.00000E+00   5.82721E-03   3.95623E-05
  0.00000E+00   5.91278E-03   3.99676E-05
  0.00000E+00   5.99962E-03   4.03843E-05
  0.00000E+00   6.08774E-03   4.08131E-05
  0.00000E+00   6.17718E-03   4.12550E-05
  0.00000E+00   6.26794E-03   4.17107E-05
  0.00000E+00   6.36006E-03   4.21810E-05
  0.00000E+00   6.45354E-03   4.26670E-05
  0.00000E+00   6.54841E-03   4.31695E-05
  0.00000E+00   6.64468E-03   4.36895E-05
  0.00000E+00   6.74237E-03   4.42280E-05
  0.00000E+00   6.84151E-03   4.47858E-05
  0.00000E+00   6.94211E-03   4.53639E-05
  0.00000E+00   7.04419E-03   4.59631E-05
  0.00000E+00   7.14778E-03   4.65843E-05
  0.00000E+00   7.25290E-03   4.72285E-05
  0.00000E+00   7.35957E-03   4.78965E-05
  0.00000E+00   7.46782E-03   4.85893E-05
  0.00000E+00   7.57765E-03   4.93078E-05
  0.00000E+00   7.68911E-03   5.00529E-05
  0.00000E+00   7.80219E-03   5.08255E-05
  0.00000E+00   7.91694E-03   5.16264E-05
  0.00000E+00   8.03336E-03   5.24563E-05
  0.00000E+00   8.15150E-03   5.33159E-05
  0.00000E+00   8.27136E-03   5.42058E-05
  0.00000E+00   8.39298E-03   5.51269E-05
  0.00000E+00   8.51639E-03   5.60798E-05
  0.00000E+00   8.64159E-03   5.70650E-05
  0.00000E+00   8.76863E-03   5.80834E-05
  0.00000E+00   8.89751E-03   5.91352E-05
  0.00000E+00   9.02827E-03   6.02212E-05
  0.00000E+00   9.16093E-03   6.13415E-05
  0.00000E+00   9.29551E-03   6.24964E-05
  0.00000E+00   9.43206E-03   6.36863E-05
  0.00000E+00   9.57058E-03   6.49114E-05
  0.00000E+00   9.71112E-03   6.61717E-05
  0.00000E+00   9.85369E-03   6.74676E-05
  0.00000E+00   9.99833E-03   6.87992E-05
  0.00000E+00   1.01451E-02   7.01664E-05
  0.00000E+00   1.02939E-02   7.15693E-05
  0.00000E+00   1.04449E-02   7.30077E-05
  0.00000E+00   1.05980E-02   7.44815E-05
  0.00000E+00   1.07534E-02   7.59902E-05
  0.00000E+00   1.09110E-02   7.75335E-05
  0.00000E+00   1.10708E-02   7.91112E-05
  0.00000E+00   1.12330E-02   8.07229E-05
  0.00000E+00   1.13975E-02   8.23682E-05
  0.00000E+00   1.15643E-02   8.40467E-05
  0.00000E+00   1.17335E-02   8.57580E-05
  0.00000E+00   1.19051E-02   8.75015E-05
  0.00000E+00   1.20792E-02   8.92765E-05
  0.00000E+00   1.22558E-02   9.10824E-05
  0.00000E+00   1.24349E-02   9.29184E-05
  0.00000E+00   1.26165E-02   9.47839E-05
  0.00000E+00   1.28007E-02   9.66783E-05
  0.00000E+00   1.29875E-02   9.86008E-05
  0.00000E+00   1.31770E-02   1.00551E-04
  0.00000E+00   1.33691E-02   1.02528E-04
  0.00000E+00   1.35640E-02   1.04532E-04
  0.00000E+00   1.37616E-02   1.06561E-04
  0.00000E+00   1.39620E-02   1.08615E-04
  0.00000E+00   1.41653E-02   1.10693E-04
  0.00000E+00   1.43714E-02   1.12795E-04
  0.00000E+00   1.45804E-02   1.14920E-04
  0.00000E+00   1.47924E-02   1.17067E-04
  0.00000E+00   1.50073E-02   1.19237E-04
  0.00000E+00   1.52253E-02   1.21428E-04
  0.00000E+00   1.54464E-02   1.23641E-04
  0.00000E+00   1.56705E-02   1.25875E-04
  0.00000E+00   1.58978E-02   1.28130E-04
  0.00000E+00   1.61283E-02   1.30406E-04
  0.00000E+00   1.63620E-02   1.32701E-04
  0.00000E+00   1.65990E-02   1.35018E-04
  0.00000E+00   1.68393E-02   1.37354E-04
  0.00000E+00   1.70830E-02   1.39711E-04
  0.00000E+00   1.73301E-02   1.42088E-04
  0.00000E+00   1.75806E-02   1.44486E-04
  0.00000E+00   1.78346E-02   1.46906E-04
  0.00000E+00   1.80922E-02   1.49347E-04
  0.00000E+00   1.83534E-02   1.51809E-04
  0.00000E+00   1.86183E-02   1.54294E-04
  0.00000E+00   1.88868E-02   1.56801E-04
  0.00000E+00   1.91590E-02   1.59331E-04
  0.00000E+00   1.94351E-02   1.61885E-04
  0.00000E+00   1.97150E-02   1.64462E-04
  0.00000E+00   1.99988E-02   1.67065E-04
  0.00000E+00   2.02865E-02   1.69693E-04
  0.00000E+00   2.05783E-02   1.72346E-04
  0.00000E+00   2.08741E-02   1.75026E-04
  0.00000E+00   2.11740E-02   1.77732E-04
  0.00000E+00   2.14781E-02   1.80466E-04
  0.00000E+00   2.17864E-02   1.83226E-04
  0.00000E+00   2.20989E-02   1.86014E-04
  0.00000E+00   2.24158E-02   1.88830E-04
  0.00000E+00   2.27370E-02   1.91674E-04
  0.00000E+00   2.30627E-02   1.94545E-04
  0.00000E+00   2.33929E-02   1.97444E-04
  0.00000E+00   2.37277E-02   2.00370E-04
  0.00000E+00   2.40671E-02   2.03323E-04
  0.00000E+00   2.44112E-02   2.06302E-04
  0.00000E+00   2.47599E-02   2.09306E-04
  0.00000E+00   2.51135E-02   2.12334E-04
  0.00000E+00   2.54719E-02   2.15385E-04
  0.00000E+00   2.58352E-02   2.18458E-04
  0.00000E+00   2.62035E-02   2.21552E-04
  0.00000E+00   2.65768E-02   2.24664E-04
  0.00000E+00   2.69553E-02   2.27794E-04
  0.00000E+00   2.73388E-02   2.30939E-04
  0.00000E+00   2.77276E-02   2.34096E-04
  0.00000E+00   2.81217E-02   2.37265E-04
  0.00000E+00   2.85211E-02   2.40441E-04
  0.00000E+00   2.89258E-02   2.43624E-04
  0.00000E+00   2.93360E-02   2.46810E-04
  0.00000E+00   2.97518E-02   2.49997E-04
  0.00000E+00   3.01731E-02   2.53182E-04
  0.00000E+00   3.06000E-02   2.56363E-04
  0.00000E+00   3.10327E-02   2.59538E-04
  0.00000E+00   3.14711E-02   2.62703E-04
  0.00000E+00   3.19154E-02   2.65857E-04
  0.00000E+00   3.23655E-02   2.68996E-04
  0.00000E+00   3.28216E-02   2.72119E-04
  0.00000E+00   3.32837E-02   2.75224E-04
  0.00000E+00   3.37518E-02   2.78309E-04
  0.00000E+00   3.42261E-02   2.81372E-04
  0.00000E+00   3.47065E-02   2.84413E-04
  0.00000E+00   3.51933E-02   2.87430E-04
  0.00000E+00   3.56864E-02   2.90423E-04
  0.00000E+00   3.61858E-02   2.93392E-04
  0.00000E+00   3.66917E-02   2.96337E-04
  0.00000E+00   3.72041E-02   2.99259E-04
  0.00000E+00   3.77231E-02   3.02158E-04
  0.00000E+00   3.82488E-02   3.05035E-04
  0.00000E+00   3.87811E-02   3.07894E-04
  0.00000E+00   3.93202E-02   3.10736E-04
  0.00000E+00   3.98662E-02   3.13565E-04
  0.00000E+00   4.04192E-02   3.16383E-04
  0.00000E+00   4.09791E-02   3.19195E-04
  0.00000E+00   4.15461E-02   3.22005E-04
  0.00000E+00   4.21203E-02   3.24817E-04
  0.00000E+00   4.27017E-02   3.27636E-04
  0.00000E+00   4.32904E-02   3.30469E-04
  0.00000E+00   4.38864E-02   3.33319E-04
  0.00000E+00   4.44900E-02   3.36195E-04
  0.00000E+00   4.51011E-02   3.39102E-04
  0.00000E+00   4.57199E-02   3.42047E-04
  0.00000E+00   4.63465E-02   3.45037E-04
  0.00000E+00   4.69809E-02   3.48080E-04
  0.00000E+00   4.76232E-02   3.51182E-04
  0.00000E+00   4.82736E-02   3.54351E-04
  0.00000E+00   4.89321E-02   3.57594E-04
  0.00000E+00   4.95989E-02   3.60918E-04
  0.00000E+00   5.02740E-02   3.64332E-04
  0.00000E+00   5.09577E-02   3.67844E-04
  0.00000E+00   5.16499E-02   3.71460E-04
  0.00000E+00   5.23509E-02   3.75188E-04
  0.00000E+00   5.30607E-02   3.79036E-04
  0.00000E+00   5.37796E-02   3.83011E-04
  0.00000E+00   5.45075E-02   3.87121E-04
  0.00000E+00   5.52446E-02   3.91372E-04
  0.00000E+00   5.59912E-02   3.95771E-04
  0.00000E+00   5.67472E-02   4.00326E-04
  0.00000E+00   5.75130E-02   4.05043E-04
  0.00000E+00   5.82886E-02   4.09930E-04
  0.00000E+00   5.90741E-02   4.14993E-04
  0.00000E+00   5.98699E-02   4.20240E-04
  0.00000E+00   6.06759E-02   4.25677E-04
  0.00000E+00   6.14924E-02   4.31310E-04
  0.00000E+00   6.23195E-02   4.37147E-04
  0.00000E+00   6.31574E-02   4.43194E-04
  0.00000E+00   6.40062E-02   4.49457E-04
  0.00000E+00   6.48662E-02   4.55943E-04
  0.00000E+00   6.57376E-02   4.62660E-04
  0.00000E+00   6.66204E-02   4.69614E-04
  0.00000E+00   6.75149E-02   4.76811E-04
  0.00000E+00   6.84213E-02   4.84258E-04
  0.00000E+00   6.93398E-02   4.91962E-04
  0.00000E+00   7.02705E-02   4.99927E-04
  0.00000E+00   7.12136E-02   5.08158E-04
  0.00000E+00   7.21693E-02   5.16662E-04
  0.00000E+00   7.31378E-02   5.25442E-04
  0.00000E+00   7.41194E-02   5.34502E-04
  0.00000E+00   7.51141E-02   5.43844E-04
  0.00000E+00   7.61222E-02   5.53472E-04
  0.00000E+00   7.71439E-02   5.63386E-04
  0.00000E+00   7.81793E-02   5.73586E-04
  0.00000E+00   7.92287E-02   5.84070E-04
  0.00000E+00   8.02922E-02   5.94833E-04
  0.00000E+00   8.13700E-02   6.05872E-04
  0.00000E+00   8.24624E-02   6.17180E-04
  0.00000E+00   8.35695E-02   6.28749E-04
  0.00000E+00   8.46915E-02   6.40570E-04
  0.00000E+00   8.58286E-02   6.52629E-04
  0.00000E+00   8.69809E-02   6.64915E-04
  0.00000E+00   8.81487E-02   6.77411E-04
  0.00000E+00   8.93322E-02   6.90100E-04
  0.00000E+00   9.05315E-02   7.02962E-04
  0.00000E+00   9.17469E-02   7.15976E-04
  0.00000E+00   9.29784E-02   7.29119E-04
  0.00000E+00   9.42264E-02   7.42368E-04
  0.00000E+00   9.54910E-02   7.55697E-04
  0.00000E+00   9.67724E-02   7.69080E-04
  0.00000E+00   9.80708E-02   7.82489E-04
  0.00000E+00   9.93864E-02   7.95896E-04
  0.00000E+00   1.00719E-01   8.09273E-04
  0.00000E+00   1.02070E-01   8.22590E-04
  0.00000E+00   1.03438E-01   8.35818E-04
  0.00000E+00   1.04825E-01   8.48928E-04
  0.00000E+00   1.06230E-01   8.61893E-04
  0.00000E+00   1.07653E-01   8.74687E-04
  0.00000E+00   1.09095E-01   8.87283E-04
  0.00000E+00   1.10555E-01   8.99659E-04
  0.00000E+00   1.12035E-01   9.11792E-04
  0.00000E+00   1.13535E-01   9.23663E-04
  0.00000E+00   1.15054E-01   9.35255E-04
  0.00000E+00   1.16592E-01   9.46552E-04
  0.00000E+00   1.18151E-01   9.57543E-04
  0.00000E+00   1.19731E-01   9.68219E-04
  0.00000E+00   1.21331E-01   9.78573E-04
  0.00000E+00   1.22952E-01   9.88604E-04
  0.00000E+00   1.24594E-01   9.98311E-04
  0.00000E+00   1.26258E-01   1.00770E-03
  0.00000E+00   1.27943E-01   1.01677E-03
  0.00000E+00   1.29651E-01   1.02553E-03
  0.00000E+00   1.31380E-01   1.03400E-03
  0.00000E+00   1.33133E-01   1.04218E-03
  0.00000E+00   1.34908E-01   1.05010E-03
  0.00000E+00   1.36707E-01   1.05776E-03
  0.00000E+00   1.38529E-01   1.06518E-03
  0.00000E+00   1.40375E-01   1.07237E-03
  0.00000E+00   1.42245E-01   1.07937E-03
  0.00000E+00   1.44140E-01   1.08618E-03
  0.00000E+00   1.46060E-01   1.09281E-03
  0.00000E+00   1.48004E-01   1.09930E-03
  0.00000E+00   1.49974E-01   1.10564E-03
  0.00000E+00   1.51970E-01   1.11187E-03
  0.00000E+00   1.53992E-01   1.11798E-03
  0.00000E+00   1.56040E-01   1.12399E-03
  0.00000E+00   1.58115E-01   1.12992E-03
  0.00000E+00   1.60217E-01   1.13578E-03
  0.00000E+00   1.62346E-01   1.14157E-03
  0.00000E+00   1.64502E-01   1.14731E-03
  0.00000E+00   1.66686E-01   1.15301E-03
  0.00000E+00   1.68899E-01   1.15867E-03
  0.00000E+00   1.71139E-01   1.16430E-03
  0.00000E+00   1.73408E-01   1.16992E-03
  0.00000E+00   1.75706E-01   1.17554E-03
  0.00000E+00   1.78033E-01   1.18118E-03
  0.00000E+00   1.80389E-01   1.18684E-03
  0.00000E+00   1.82775E-01   1.19255E-03
  0.00000E+00   1.85190E-01   1.19833E-03
  0.00000E+00   1.87635E-01   1.20419E-03
  0.00000E+00   1.90109E-01   1.21017E-03
  0.00000E+00   1.92614E-01   1.21629E-03
  0.00000E+00   1.95149E-01   1.22258E-03
  0.00000E+00   1.97714E-01   1.22906E-03
  0.00000E+00   2.00310E-01   1.23578E-03
  0.00000E+00   2.02936E-01   1.24276E-03
  0.00000E+00   2.05594E-01   1.25005E-03
  0.00000E+00   2.08282E-01   1.25768E-03
  0.00000E+00   2.11001E-01   1.26570E-03
  0.00000E+00   2.13751E-01   1.27413E-03
  0.00000E+00   2.16532E-01   1.28302E-03
  0.00000E+00   2.19345E-01   1.29242E-03
  0.00000E+00   2.22190E-01   1.30236E-03
  0.00000E+00   2.25067E-01   1.31290E-03
  0.00000E+00   2.27976E-01   1.32406E-03
  0.00000E+00   2.30918E-01   1.33589E-03
  0.00000E+00   2.33892E-01   1.34844E-03
  0.00000E+00   2.36899E-01   1.36173E-03
  0.00000E+00   2.39940E-01   1.37581E-03
  0.00000E+00   2.43014E-01   1.39071E-03
  0.00000E+00   2.46123E-01   1.40646E-03
  0.00000E+00   2.49266E-01   1.42308E-03
  0.00000E+00   2.52444E-01   1.44061E-03
  0.00000E+00   2.55657E-01   1.45906E-03
  0.00000E+00   2.58906E-01   1.47844E-03
  0.00000E+00   2.62192E-01   1.49877E-03
  0.00000E+00   2.65514E-01   1.52006E-03
  0.00000E+00   2.68874E-01   1.54229E-03
  0.00000E+00   2.72272E-01   1.56546E-03
  0.00000E+00   2.75709E-01   1.58956E-03
  0.00000E+00   2.79185E-01   1.61456E-03
  0.00000E+00   2.82700E-01   1.64046E-03
  0.00000E+00   2.86257E-01   1.66722E-03
  0.00000E+00   2.89854E-01   1.69481E-03
  0.00000E+00   2.93494E-01   1.72320E-03
  0.00000E+00   2.97175E-01   1.75234E-03
  0.00000E+00   3.00901E-01   1.78220E-03
