  0.00000E+00  -1.71809E-04  -1.43808E-06
  0.00000E+00  -1.90638E-04  -9.53506E-06
  0.00000E+00  -1.62251E-04  -1.46287E-05
  0.00000E+00  -1.21443E-04  -1.39309E-05
  0.00000E+00  -7.59430E-05  -1.09704E-05
  0.00000E+00  -3.49149E-05  -8.12824E-06
  0.00000E+00  -3.52169E-06  -6.13634E-06
  0.00000E+00   1.74256E-05  -4.72535E-06
  0.00000E+00   2.91915E-05  -3.57556E-06
  0.00000E+00   3.40358E-05  -2.59489E-06
  0.00000E+00   3.45590E-05  -1.80485E-06
  0.00000E+00   3.31257E-05  -1.21547E-06
  0.00000E+00   3.15234E-05  -7.83791E-07
  0.00000E+00   3.08693E-05  -4.32674E-07
  0.00000E+00   3.17165E-05  -8.88758E-08
  0.00000E+00   3.42243E-05   2.92029E-07
  0.00000E+00   3.83204E-05   7.22760E-07
  0.00000E+00   4.38544E-05   1.19536E-06
  0.00000E+00   5.06900E-05   1.69722E-06
  0.00000E+00   5.87824E-05   2.22514E-06
  0.00000E+00   6.81975E-05   2.78859E-06
  0.00000E+00   7.91253E-05   3.40689E-06
  0.00000E+00   9.18716E-05   4.10226E-06
  0.00000E+00   1.06843E-04   4.89552E-06
  0.00000E+00   1.24497E-04   5.80400E-06
  0.00000E+00   1.45385E-04   6.84204E-06
  0.00000E+00   1.70118E-04   8.02230E-06
  0.00000E+00   1.99363E-04   9.37284E-06
  0.00000E+00   2.33953E-04   1.09060E-05
  0.00000E+00   2.74812E-04   1.26534E-05
  0.00000E+00   3.23128E-04   1.46445E-05
  0.00000E+00   3.80262E-04   1.69289E-05
  0.00000E+00   4.47885E-04   1.95440E-05
  0.00000E+00   5.28082E-04   2.25315E-05
  0.00000E+00   6.23189E-04   2.59838E-05
  0.00000E+00   7.36052E-04   2.99686E-05
  0.00000E+00   8.70072E-04   3.45809E-05
  0.00000E+00   1.02922E-03   3.99452E-05
  0.00000E+00   1.21818E-03   4.62180E-05
  0.00000E+00   1.44248E-03   5.35679E-05
  0.00000E+00   1.70869E-03   6.21985E-05
  0.00000E+00   2.02458E-03   7.23390E-05
  0.00000E+00   2.39936E-03   8.42485E-05
  0.00000E+00   2.84395E-03   9.82150E-05
  0.00000E+00   3.37128E-03   1.14552E-04
  0.00000E+00   3.99665E-03   1.33614E-04
  0.00000E+00   4.73811E-03   1.55796E-04
  0.00000E+00   5.61696E-03   1.81544E-04
  0.00000E+00   6.65824E-03   2.11368E-04
  0.00000E+00   7.89132E-03   2.45851E-04
  0.00000E+00   9.35066E-03   2.85661E-04
  0.00000E+00   1.10766E-02   3.31563E-04
  0.00000E+00   1.31161E-02   3.84434E-04
  0.00000E+00   1.55242E-02   4.45287E-04
  0.00000E+00   1.83646E-02   5.15288E-04
  0.00000E+00   2.17113E-02   5.95791E-04
  0.00000E+00   2.56501E-02   6.88373E-04
  0.00000E+00   3.02800E-02   7.94879E-04
  0.00000E+00   3.57149E-02   9.17467E-04
  0.00000E+00   4.20859E-02   1.05866E-03
  0.00000E+00   4.95428E-02   1.22139E-03
  0.00000E+00   5.82569E-02   1.40908E-03
  0.00000E+00   6.84228E-02   1.62568E-03
  0.00000E+00   8.02614E-02   1.87577E-03
  0.00000E+00   9.40223E-02   2.16459E-03
  0.00000E+00   1.09987E-01   2.49808E-03
  0.00000E+00   1.28471E-01   2.88301E-03
  0.00000E+00   1.49828E-01   3.32712E-03
  0.00000E+00   1.74455E-01   3.83937E-03
  0.00000E+00   2.02789E-01   4.43011E-03
  0.00000E+00   2.35317E-01   5.11122E-03
  0.00000E+00   2.72573E-01   5.89631E-03
  0.00000E+00   3.15144E-01   6.80081E-03
  0.00000E+00   3.63672E-01   7.84202E-03
  0.00000E+00   4.18851E-01   9.03893E-03
  0.00000E+00   4.81432E-01   1.04119E-02
  0.00000E+00   5.52221E-01   1.19821E-02
  0.00000E+00   6.32086E-01   1.37713E-02
  0.00000E+00   7.21951E-01   1.58012E-02
  0.00000E+00   8.22801E-01   1.80941E-02
  0.00000E+00   9.35679E-01   2.06727E-02
  0.00000E+00   1.06169E+00   2.35609E-02
  0.00000E+00   1.20200E+00   2.67846E-02
  0.00000E+00   1.35780E+00   3.03712E-02
  0.00000E+00   1.53034E+00   3.43480E-02
  0.00000E+00   1.72082E+00   3.87382E-02
  0.00000E+00   1.93040E+00   4.35517E-02
  0.00000E+00   2.16004E+00   4.87698E-02
  0.00000E+00   2.41031E+00   5.43165E-02
  0.00000E+00   2.68097E+00   6.00070E-02
  0.00000E+00   2.97016E+00   6.54587E-02
  0.00000E+00   3.27298E+00   6.99559E-02
  0.00000E+00   3.57903E+00   7.22961E-02
  0.00000E+00   3.86892E+00   7.08398E-02
  0.00000E+00   4.11350E+00   6.43406E-02
  0.00000E+00   4.28811E+00   5.23778E-02
  0.00000E+00   4.39050E+00   3.69449E-02
  0.00000E+00   4.45102E+00   2.85555E-02
  0.00000E+00   4.50828E+00   2.94973E-02
  0.00000E+00   4.58564E+00   3.25513E-02
  0.00000E+00   4.66316E+00   3.14925E-02
  0.00000E+00   4.73313E+00   3.17241E-02
  0.00000E+00   4.80376E+00   3.29175E-02
  0.00000E+00   4.87122E+00   3.38923E-02
  0.00000E+00   4.92514E+00   3.46975E-02
  0.00000E+00   4.97162E+00   3.85089E-02
  0.00000E+00   5.00766E+00   4.95008E-02
  0.00000E+00   5.01702E+00   7.40485E-02
  0.00000E+00   4.99859E+00   1.12429E-01
  0.00000E+00   4.97123E+00   1.52781E-01
  0.00000E+00   4.96112E+00   1.76569E-01
  0.00000E+00   4.97538E+00   1.78784E-01
  0.00000E+00   4.98813E+00   1.66137E-01
  0.00000E+00   4.98899E+00   1.43310E-01
  0.00000E+00   4.99580E+00   1.14686E-01
  0.00000E+00   4.99558E+00   8.53472E-02
  0.00000E+00   4.95938E+00   7.06641E-02
  0.00000E+00   4.87570E+00   6.15727E-02
  0.00000E+00   4.77529E+00   5.47195E-02
  0.00000E+00   4.70287E+00   6.89680E-02
  0.00000E+00   4.70058E+00   1.05802E-01
  0.00000E+00   4.77205E+00   1.48680E-01
  0.00000E+00   4.88434E+00   1.92617E-01
  0.00000E+00   4.99540E+00   2.43609E-01
  0.00000E+00   5.08388E+00   2.90079E-01
  0.00000E+00   5.14648E+00   3.12223E-01
  0.00000E+00   5.20375E+00   3.02791E-01
  0.00000E+00   5.28438E+00   2.76975E-01
  0.00000E+00   5.40004E+00   2.46542E-01
  0.00000E+00   5.55238E+00   2.08540E-01
  0.00000E+00   5.73885E+00   1.57377E-01
  0.00000E+00   5.94616E+00   1.01573E-01
  0.00000E+00   6.16710E+00   4.89436E-02
  0.00000E+00   6.40209E+00  -2.78831E-03
  0.00000E+00   6.64030E+00  -4.98206E-02
  0.00000E+00   6.86959E+00  -8.41601E-02
  0.00000E+00   7.09594E+00  -1.01741E-01
  0.00000E+00   7.31793E+00  -1.04082E-01
  0.00000E+00   7.52671E+00  -9.77828E-02
  0.00000E+00   7.71164E+00  -9.10650E-02
  0.00000E+00   7.87626E+00  -8.47457E-02
  0.00000E+00   8.02762E+00  -7.87968E-02
  0.00000E+00   8.18128E+00  -7.23286E-02
  0.00000E+00   8.34447E+00  -6.27022E-02
  0.00000E+00   8.50921E+00  -5.07117E-02
  0.00000E+00   8.66261E+00  -3.61446E-02
  0.00000E+00   8.80641E+00  -1.96861E-02
  0.00000E+00   8.96125E+00  -6.30393E-03
  0.00000E+00   9.13234E+00  -9.01353E-03
  0.00000E+00   9.31019E+00  -4.16925E-02
  0.00000E+00   9.48287E+00  -9.30516E-02
  0.00000E+00   9.63166E+00  -1.42165E-01
  0.00000E+00   9.72454E+00  -1.74446E-01
  0.00000E+00   9.74307E+00  -1.88404E-01
  0.00000E+00   9.73864E+00  -1.80230E-01
  0.00000E+00   9.73880E+00  -1.54058E-01
  0.00000E+00   9.73192E+00  -1.20383E-01
  0.00000E+00   9.71691E+00  -9.84571E-02
  0.00000E+00   9.72798E+00  -8.51705E-02
  0.00000E+00   9.76563E+00  -6.04081E-02
  0.00000E+00   9.81486E+00  -6.41262E-03
  0.00000E+00   9.88523E+00   6.01916E-02
  0.00000E+00   9.96851E+00   1.18884E-01
  0.00000E+00   1.00517E+01   1.62248E-01
  0.00000E+00   1.01242E+01   1.90151E-01
  0.00000E+00   1.01608E+01   2.10158E-01
  0.00000E+00   1.01905E+01   2.34221E-01
  0.00000E+00   1.03005E+01   2.63070E-01
  0.00000E+00   1.04425E+01   2.97588E-01
  0.00000E+00   1.05058E+01   3.19769E-01
  0.00000E+00   1.04491E+01   3.12959E-01
  0.00000E+00   1.03147E+01   2.97425E-01
  0.00000E+00   1.02374E+01   2.78833E-01
  0.00000E+00   1.02724E+01   2.61623E-01
  0.00000E+00   1.03880E+01   2.45615E-01
  0.00000E+00   1.05137E+01   2.32243E-01
  0.00000E+00   1.05816E+01   2.35231E-01
  0.00000E+00   1.06414E+01   2.60677E-01
  0.00000E+00   1.07451E+01   3.04612E-01
  0.00000E+00   1.08873E+01   3.46514E-01
  0.00000E+00   1.10079E+01   3.88062E-01
  0.00000E+00   1.10409E+01   4.23883E-01
  0.00000E+00   1.09800E+01   4.43338E-01
  0.00000E+00   1.09084E+01   4.63548E-01
  0.00000E+00   1.08834E+01   4.81718E-01
  0.00000E+00   1.08860E+01   4.87557E-01
  0.00000E+00   1.09194E+01   4.77634E-01
  0.00000E+00   1.09391E+01   4.66211E-01
  0.00000E+00   1.09231E+01   4.74019E-01
  0.00000E+00   1.08653E+01   4.82361E-01
  0.00000E+00   1.07981E+01   4.68736E-01
  0.00000E+00   1.07725E+01   4.36237E-01
  0.00000E+00   1.08131E+01   3.97544E-01
  0.00000E+00   1.08983E+01   3.62136E-01
  0.00000E+00   1.10163E+01   3.10658E-01
  0.00000E+00   1.11107E+01   2.30586E-01
  0.00000E+00   1.10878E+01   1.50319E-01
  0.00000E+00   1.09817E+01   9.57721E-02
  0.00000E+00   1.08955E+01   5.37707E-02
  0.00000E+00   1.08359E+01   2.63613E-02
  0.00000E+00   1.08629E+01   1.48209E-02
  0.00000E+00   1.09943E+01  -8.13319E-03
  0.00000E+00   1.11453E+01  -4.07747E-02
  0.00000E+00   1.11988E+01  -6.65613E-02
  0.00000E+00   1.11840E+01  -7.98486E-02
  0.00000E+00   1.12872E+01  -8.97329E-02
  0.00000E+00   1.14813E+01  -1.00357E-01
  0.00000E+00   1.16620E+01  -1.15529E-01
  0.00000E+00   1.17868E+01  -1.31858E-01
  0.00000E+00   1.18989E+01  -1.66091E-01
  0.00000E+00   1.19982E+01  -2.30705E-01
  0.00000E+00   1.21200E+01  -2.83644E-01
  0.00000E+00   1.21911E+01  -3.03452E-01
  0.00000E+00   1.22108E+01  -3.22672E-01
  0.00000E+00   1.22851E+01  -3.67754E-01
  0.00000E+00   1.24225E+01  -4.28446E-01
  0.00000E+00   1.26179E+01  -4.84307E-01
  0.00000E+00   1.27673E+01  -5.19301E-01
  0.00000E+00   1.28804E+01  -5.36155E-01
  0.00000E+00   1.29853E+01  -5.25995E-01
  0.00000E+00   1.30435E+01  -4.93283E-01
  0.00000E+00   1.30984E+01  -4.55319E-01
  0.00000E+00   1.31314E+01  -4.15289E-01
  0.00000E+00   1.30844E+01  -3.73334E-01
  0.00000E+00   1.29414E+01  -3.34543E-01
  0.00000E+00   1.27683E+01  -3.14267E-01
  0.00000E+00   1.27253E+01  -3.10592E-01
  0.00000E+00   1.28388E+01  -3.09227E-01
  0.00000E+00   1.29497E+01  -3.09070E-01
  0.00000E+00   1.29321E+01  -3.01523E-01
  0.00000E+00   1.29634E+01  -2.83824E-01
  0.00000E+00   1.30721E+01  -2.44213E-01
  0.00000E+00   1.31902E+01  -2.02782E-01
  0.00000E+00   1.32639E+01  -1.55423E-01
  0.00000E+00   1.31722E+01  -9.87721E-02
  0.00000E+00   1.30412E+01  -2.71753E-02
  0.00000E+00   1.29852E+01   4.63344E-02
  0.00000E+00   1.30191E+01   8.68773E-02
  0.00000E+00   1.30947E+01   8.48700E-02
  0.00000E+00   1.32714E+01   6.76508E-02
  0.00000E+00   1.34214E+01   7.74375E-02
  0.00000E+00   1.34072E+01   1.04730E-01
  0.00000E+00   1.33037E+01   1.42257E-01
  0.00000E+00   1.31730E+01   1.82323E-01
  0.00000E+00   1.31612E+01   2.04669E-01
  0.00000E+00   1.34282E+01   2.07811E-01
  0.00000E+00   1.37902E+01   2.15521E-01
  0.00000E+00   1.39259E+01   2.52661E-01
  0.00000E+00   1.37504E+01   3.15472E-01
  0.00000E+00   1.35189E+01   4.15922E-01
  0.00000E+00   1.34800E+01   5.14796E-01
  0.00000E+00   1.36315E+01   5.73298E-01
  0.00000E+00   1.37886E+01   6.03685E-01
  0.00000E+00   1.39321E+01   6.47212E-01
  0.00000E+00   1.41564E+01   6.95595E-01
  0.00000E+00   1.43124E+01   7.09812E-01
  0.00000E+00   1.42286E+01   7.16783E-01
  0.00000E+00   1.39176E+01   7.16175E-01
  0.00000E+00   1.36016E+01   7.19445E-01
  0.00000E+00   1.34523E+01   7.17973E-01
  0.00000E+00   1.33706E+01   6.95912E-01
  0.00000E+00   1.33577E+01   6.71798E-01
  0.00000E+00   1.34811E+01   6.59767E-01
  0.00000E+00   1.36547E+01   6.40333E-01
  0.00000E+00   1.38054E+01   5.85773E-01
  0.00000E+00   1.39226E+01   5.05215E-01
  0.00000E+00   1.39075E+01   4.39038E-01
  0.00000E+00   1.38801E+01   4.12857E-01
  0.00000E+00   1.39309E+01   3.78500E-01
  0.00000E+00   1.39840E+01   3.39318E-01
  0.00000E+00   1.40401E+01   3.05588E-01
  0.00000E+00   1.40580E+01   2.74956E-01
  0.00000E+00   1.40867E+01   2.38454E-01
  0.00000E+00   1.40995E+01   1.81032E-01
  0.00000E+00   1.40638E+01   1.24070E-01
  0.00000E+00   1.40708E+01   8.42414E-02
  0.00000E+00   1.41450E+01   7.56227E-02
  0.00000E+00   1.42457E+01   9.79473E-02
  0.00000E+00   1.42656E+01   1.07534E-01
  0.00000E+00   1.43141E+01   1.00977E-01
  0.00000E+00   1.44527E+01   1.05713E-01
  0.00000E+00   1.45766E+01   1.05669E-01
  0.00000E+00   1.45365E+01   7.89498E-02
  0.00000E+00   1.42819E+01   4.44346E-02
  0.00000E+00   1.39863E+01   2.06607E-02
  0.00000E+00   1.38047E+01   4.06460E-03
  0.00000E+00   1.38971E+01  -3.67564E-02
  0.00000E+00   1.39520E+01  -9.79176E-02
  0.00000E+00   1.39131E+01  -1.56604E-01
  0.00000E+00   1.39890E+01  -2.00779E-01
  0.00000E+00   1.41481E+01  -2.20808E-01
  0.00000E+00   1.43747E+01  -2.28488E-01
  0.00000E+00   1.45606E+01  -2.36597E-01
  0.00000E+00   1.47458E+01  -2.65324E-01
  0.00000E+00   1.50127E+01  -3.10148E-01
  0.00000E+00   1.53458E+01  -3.40987E-01
  0.00000E+00   1.55778E+01  -3.43259E-01
  0.00000E+00   1.55601E+01  -3.34179E-01
  0.00000E+00   1.54542E+01  -3.13663E-01
  0.00000E+00   1.52885E+01  -2.91241E-01
  0.00000E+00   1.51962E+01  -2.74047E-01
  0.00000E+00   1.51183E+01  -2.80722E-01
  0.00000E+00   1.50143E+01  -2.93248E-01
  0.00000E+00   1.50179E+01  -2.57435E-01
  0.00000E+00   1.50357E+01  -2.02891E-01
  0.00000E+00   1.50317E+01  -1.73937E-01
  0.00000E+00   1.50213E+01  -2.09503E-01
  0.00000E+00   1.49898E+01  -2.77636E-01
  0.00000E+00   1.49789E+01  -3.14946E-01
  0.00000E+00   1.51333E+01  -3.18308E-01
  0.00000E+00   1.54514E+01  -3.22718E-01
  0.00000E+00   1.57098E+01  -3.18168E-01
  0.00000E+00   1.59038E+01  -3.01038E-01
  0.00000E+00   1.60641E+01  -2.85750E-01
  0.00000E+00   1.61210E+01  -2.70457E-01
  0.00000E+00   1.60812E+01  -2.62830E-01
  0.00000E+00   1.59268E+01  -2.51108E-01
  0.00000E+00   1.58249E+01  -2.30893E-01
  0.00000E+00   1.58852E+01  -2.08856E-01
  0.00000E+00   1.60666E+01  -1.87137E-01
  0.00000E+00   1.62547E+01  -1.40003E-01
  0.00000E+00   1.62562E+01  -7.77472E-02
  0.00000E+00   1.62319E+01  -5.64312E-02
  0.00000E+00   1.63001E+01  -6.51547E-02
  0.00000E+00   1.64739E+01  -1.01016E-01
  0.00000E+00   1.65841E+01  -1.45058E-01
  0.00000E+00   1.65227E+01  -1.56533E-01
  0.00000E+00   1.63969E+01  -1.48161E-01
  0.00000E+00   1.63277E+01  -1.26597E-01
  0.00000E+00   1.62995E+01  -8.26823E-02
  0.00000E+00   1.62511E+01  -7.81544E-02
  0.00000E+00   1.62227E+01  -8.44928E-02
  0.00000E+00   1.60756E+01  -9.09975E-02
  0.00000E+00   1.58731E+01  -1.04250E-01
  0.00000E+00   1.57424E+01  -1.23096E-01
  0.00000E+00   1.57207E+01  -1.32589E-01
  0.00000E+00   1.56371E+01  -1.49448E-01
  0.00000E+00   1.54102E+01  -1.57490E-01
  0.00000E+00   1.52307E+01  -1.37102E-01
  0.00000E+00   1.52153E+01  -1.27225E-01
  0.00000E+00   1.53076E+01  -1.13095E-01
  0.00000E+00   1.54121E+01  -7.37756E-02
  0.00000E+00   1.54283E+01  -4.19198E-02
  0.00000E+00   1.52551E+01  -5.07391E-02
  0.00000E+00   1.49682E+01  -7.80544E-02
  0.00000E+00   1.48217E+01  -6.42654E-02
  0.00000E+00   1.48890E+01  -2.27470E-02
  0.00000E+00   1.50429E+01   1.56424E-02
  0.00000E+00   1.51487E+01   4.54143E-02
  0.00000E+00   1.51708E+01   8.73377E-02
  0.00000E+00   1.52039E+01   1.25917E-01
  0.00000E+00   1.52877E+01   1.59689E-01
  0.00000E+00   1.52754E+01   1.66429E-01
  0.00000E+00   1.52763E+01   1.26289E-01
  0.00000E+00   1.54763E+01   5.60794E-02
  0.00000E+00   1.57407E+01  -1.46143E-02
  0.00000E+00   1.58865E+01  -6.14681E-02
  0.00000E+00   1.57418E+01  -9.16328E-02
  0.00000E+00   1.55602E+01  -1.20006E-01
  0.00000E+00   1.55552E+01  -1.45414E-01
  0.00000E+00   1.56673E+01  -1.70796E-01
  0.00000E+00   1.58663E+01  -1.87432E-01
  0.00000E+00   1.60905E+01  -2.00896E-01
  0.00000E+00   1.61977E+01  -1.97423E-01
  0.00000E+00   1.62106E+01  -1.96947E-01
  0.00000E+00   1.62414E+01  -2.16850E-01
  0.00000E+00   1.62397E+01  -2.37072E-01
  0.00000E+00   1.62514E+01  -2.36736E-01
  0.00000E+00   1.63892E+01  -2.08269E-01
  0.00000E+00   1.66322E+01  -1.64987E-01
  0.00000E+00   1.69334E+01  -1.23393E-01
  0.00000E+00   1.71178E+01  -1.14338E-01
  0.00000E+00   1.70848E+01  -1.32261E-01
  0.00000E+00   1.70283E+01  -1.72264E-01
  0.00000E+00   1.71576E+01  -2.24314E-01
  0.00000E+00   1.74731E+01  -2.51289E-01
  0.00000E+00   1.77339E+01  -2.46648E-01
  0.00000E+00   1.78712E+01  -2.27622E-01
  0.00000E+00   1.79763E+01  -2.38648E-01
  0.00000E+00   1.82144E+01  -2.42876E-01
  0.00000E+00   1.84654E+01  -2.29272E-01
  0.00000E+00   1.85109E+01  -1.99613E-01
  0.00000E+00   1.84405E+01  -1.42263E-01
  0.00000E+00   1.84493E+01  -6.56758E-02
  0.00000E+00   1.85730E+01  -8.40438E-04
  0.00000E+00   1.86348E+01   4.13524E-02
  0.00000E+00   1.85911E+01   8.11987E-02
  0.00000E+00   1.85107E+01   1.32737E-01
  0.00000E+00   1.83788E+01   1.70020E-01
  0.00000E+00   1.83257E+01   2.03390E-01
  0.00000E+00   1.83511E+01   2.36061E-01
  0.00000E+00   1.82051E+01   2.39917E-01
  0.00000E+00   1.79000E+01   2.24382E-01
  0.00000E+00   1.76910E+01   2.33119E-01
  0.00000E+00   1.76687E+01   2.37194E-01
  0.00000E+00   1.76670E+01   2.48412E-01
  0.00000E+00   1.75119E+01   2.57524E-01
  0.00000E+00   1.73428E+01   2.44617E-01
  0.00000E+00   1.74362E+01   2.48696E-01
  0.00000E+00   1.76356E+01   2.69394E-01
  0.00000E+00   1.77333E+01   2.93192E-01
  0.00000E+00   1.76391E+01   3.21260E-01
  0.00000E+00   1.75158E+01   3.56846E-01
  0.00000E+00   1.75629E+01   3.79918E-01
  0.00000E+00   1.77479E+01   3.64790E-01
  0.00000E+00   1.78513E+01   3.41018E-01
  0.00000E+00   1.76853E+01   3.44526E-01
  0.00000E+00   1.74004E+01   3.67530E-01
  0.00000E+00   1.72572E+01   3.78669E-01
  0.00000E+00   1.72527E+01   3.65192E-01
  0.00000E+00   1.72638E+01   3.55305E-01
  0.00000E+00   1.72620E+01   3.43607E-01
  0.00000E+00   1.72934E+01   3.48472E-01
  0.00000E+00   1.73897E+01   3.92386E-01
  0.00000E+00   1.75375E+01   4.43704E-01
  0.00000E+00   1.76365E+01   4.82228E-01
  0.00000E+00   1.76341E+01   5.09200E-01
  0.00000E+00   1.76436E+01   5.23632E-01
  0.00000E+00   1.78040E+01   5.10111E-01
  0.00000E+00   1.80467E+01   4.74641E-01
  0.00000E+00   1.82246E+01   4.34430E-01
  0.00000E+00   1.81361E+01   3.90074E-01
  0.00000E+00   1.79996E+01   3.65399E-01
  0.00000E+00   1.79055E+01   3.52331E-01
  0.00000E+00   1.78289E+01   3.58735E-01
  0.00000E+00   1.77312E+01   3.73078E-01
  0.00000E+00   1.77102E+01   3.81691E-01
  0.00000E+00   1.76821E+01   3.90098E-01
  0.00000E+00   1.76238E+01   3.92207E-01
  0.00000E+00   1.77191E+01   4.00143E-01
  0.00000E+00   1.77394E+01   4.02777E-01
  0.00000E+00   1.76362E+01   3.86276E-01
  0.00000E+00   1.75058E+01   3.82046E-01
  0.00000E+00   1.73550E+01   3.78636E-01
  0.00000E+00   1.72872E+01   3.58978E-01
  0.00000E+00   1.73175E+01   3.02773E-01
  0.00000E+00   1.73028E+01   2.32452E-01
  0.00000E+00   1.73004E+01   1.76229E-01
  0.00000E+00   1.72669E+01   1.45194E-01
  0.00000E+00   1.72749E+01   1.41852E-01
  0.00000E+00   1.73019E+01   1.56542E-01
  0.00000E+00   1.73791E+01   1.70737E-01
  0.00000E+00   1.74573E+01   1.76459E-01
  0.00000E+00   1.75836E+01   2.01936E-01
  0.00000E+00   1.76901E+01   2.30744E-01
  0.00000E+00   1.75995E+01   2.35702E-01
  0.00000E+00   1.73894E+01   2.25164E-01
  0.00000E+00   1.73815E+01   2.18839E-01
  0.00000E+00   1.75989E+01   2.33747E-01
  0.00000E+00   1.78761E+01   2.37393E-01
  0.00000E+00   1.80376E+01   2.18612E-01
  0.00000E+00   1.80673E+01   1.70071E-01
  0.00000E+00   1.81271E+01   9.62409E-02
  0.00000E+00   1.82844E+01   2.63723E-02
  0.00000E+00   1.85106E+01  -4.14554E-03
  0.00000E+00   1.87735E+01  -1.10857E-02
  0.00000E+00   1.89479E+01  -7.41794E-03
  0.00000E+00   1.90442E+01   2.42768E-02
  0.00000E+00   1.91590E+01   4.82032E-02
  0.00000E+00   1.93055E+01   5.13463E-02
  0.00000E+00   1.94681E+01   5.07751E-02
  0.00000E+00   1.97218E+01   5.53826E-02
  0.00000E+00   2.00201E+01   8.97455E-02
  0.00000E+00   2.01715E+01   1.77777E-01
  0.00000E+00   2.01146E+01   2.84603E-01
  0.00000E+00   2.00069E+01   4.09579E-01
  0.00000E+00   1.98661E+01   5.00971E-01
  0.00000E+00   1.97564E+01   5.61375E-01
  0.00000E+00   1.98229E+01   6.02392E-01
  0.00000E+00   1.99756E+01   6.47884E-01
  0.00000E+00   2.00037E+01   6.52870E-01
  0.00000E+00   1.98457E+01   6.36095E-01
  0.00000E+00   1.96003E+01   6.48493E-01
  0.00000E+00   1.92932E+01   6.92080E-01
  0.00000E+00   1.90023E+01   7.23948E-01
  0.00000E+00   1.88445E+01   7.18017E-01
  0.00000E+00   1.87251E+01   6.87245E-01
  0.00000E+00   1.86204E+01   6.51958E-01
  0.00000E+00   1.85651E+01   5.99511E-01
  0.00000E+00   1.85130E+01   5.23023E-01
  0.00000E+00   1.84229E+01   4.25892E-01
  0.00000E+00   1.82588E+01   3.75078E-01
  0.00000E+00   1.80586E+01   3.55945E-01
  0.00000E+00   1.78222E+01   3.44062E-01
  0.00000E+00   1.77488E+01   3.44754E-01
  0.00000E+00   1.79222E+01   3.61905E-01
  0.00000E+00   1.81820E+01   4.03903E-01
  0.00000E+00   1.83077E+01   3.96036E-01
  0.00000E+00   1.82329E+01   3.54438E-01
  0.00000E+00   1.80690E+01   3.43144E-01
  0.00000E+00   1.80324E+01   3.35467E-01
  0.00000E+00   1.80884E+01   3.36723E-01
  0.00000E+00   1.81108E+01   3.31001E-01
  0.00000E+00   1.81671E+01   3.18654E-01
  0.00000E+00   1.83303E+01   2.83675E-01
  0.00000E+00   1.86573E+01   2.40820E-01
  0.00000E+00   1.88855E+01   2.03419E-01
  0.00000E+00   1.88186E+01   1.95638E-01
  0.00000E+00   1.85667E+01   1.63052E-01
  0.00000E+00   1.83107E+01   1.08883E-01
  0.00000E+00   1.82540E+01   8.43032E-02
  0.00000E+00   1.83422E+01   1.09516E-01
  0.00000E+00   1.83933E+01   1.67919E-01
  0.00000E+00   1.82712E+01   2.01665E-01
  0.00000E+00   1.80405E+01   2.03449E-01
  0.00000E+00   1.79118E+01   2.00713E-01
  0.00000E+00   1.78387E+01   2.14887E-01
  0.00000E+00   1.77554E+01   2.13146E-01
  0.00000E+00   1.77121E+01   1.83203E-01
  0.00000E+00   1.77789E+01   1.37803E-01
  0.00000E+00   1.79765E+01   7.91619E-02
  0.00000E+00   1.81564E+01   2.19162E-02
  0.00000E+00   1.81702E+01  -2.03997E-02
  0.00000E+00   1.80867E+01  -5.18002E-02
  0.00000E+00   1.80999E+01  -6.03255E-02
  0.00000E+00   1.82694E+01  -4.25650E-02
  0.00000E+00   1.84620E+01  -2.98550E-02
  0.00000E+00   1.85307E+01  -3.59214E-02
  0.00000E+00   1.85697E+01  -7.53533E-02
  0.00000E+00   1.86761E+01  -1.48284E-01
  0.00000E+00   1.89280E+01  -2.14892E-01
  0.00000E+00   1.92289E+01  -2.64497E-01
  0.00000E+00   1.93720E+01  -3.08481E-01
  0.00000E+00   1.93442E+01  -3.45174E-01
  0.00000E+00   1.94264E+01  -3.73088E-01
  0.00000E+00   1.96725E+01  -4.00172E-01
  0.00000E+00   1.98523E+01  -4.19476E-01
  0.00000E+00   1.98688E+01  -4.15331E-01
  0.00000E+00   1.98862E+01  -4.22336E-01
  0.00000E+00   1.99802E+01  -4.53662E-01
  0.00000E+00   2.01142E+01  -5.01834E-01
  0.00000E+00   2.01654E+01  -5.59289E-01
  0.00000E+00   2.01872E+01  -6.21121E-01
  0.00000E+00   2.02419E+01  -6.50685E-01
  0.00000E+00   2.03713E+01  -6.52639E-01
  0.00000E+00   2.05606E+01  -6.67549E-01
  0.00000E+00   2.05983E+01  -7.12346E-01
  0.00000E+00   2.04725E+01  -7.77352E-01
  0.00000E+00   2.03695E+01  -8.23026E-01
  0.00000E+00   2.03710E+01  -8.53415E-01
  0.00000E+00   2.04631E+01  -8.85699E-01
  0.00000E+00   2.04549E+01  -9.46962E-01
  0.00000E+00   2.03557E+01  -9.93318E-01
  0.00000E+00   2.03075E+01  -9.82145E-01
  0.00000E+00   2.04435E+01  -9.71012E-01
  0.00000E+00   2.07386E+01  -9.75016E-01
  0.00000E+00   2.08935E+01  -9.88672E-01
  0.00000E+00   2.09060E+01  -9.63434E-01
  0.00000E+00   2.08720E+01  -9.12090E-01
  0.00000E+00   2.08895E+01  -8.22668E-01
  0.00000E+00   2.09518E+01  -7.17262E-01
  0.00000E+00   2.07897E+01  -6.64471E-01
  0.00000E+00   2.04067E+01  -6.30857E-01
  0.00000E+00   1.99585E+01  -5.71140E-01
  0.00000E+00   1.96545E+01  -5.08209E-01
  0.00000E+00   1.94704E+01  -4.56055E-01
  0.00000E+00   1.92351E+01  -4.18035E-01
  0.00000E+00   1.89378E+01  -3.38392E-01
  0.00000E+00   1.85440E+01  -2.76716E-01
  0.00000E+00   1.82797E+01  -2.45390E-01
  0.00000E+00   1.81787E+01  -2.40616E-01
  0.00000E+00   1.80023E+01  -2.49267E-01
  0.00000E+00   1.78766E+01  -2.58691E-01
  0.00000E+00   1.79733E+01  -2.60077E-01
  0.00000E+00   1.81615E+01  -2.46013E-01
  0.00000E+00   1.81653E+01  -2.52425E-01
  0.00000E+00   1.78643E+01  -3.37418E-01
  0.00000E+00   1.75678E+01  -4.71173E-01
  0.00000E+00   1.75495E+01  -5.52653E-01
  0.00000E+00   1.77857E+01  -5.98785E-01
  0.00000E+00   1.79847E+01  -6.31180E-01
  0.00000E+00   1.78086E+01  -6.65240E-01
  0.00000E+00   1.75847E+01  -6.93069E-01
  0.00000E+00   1.77285E+01  -6.82219E-01
  0.00000E+00   1.80332E+01  -6.28535E-01
  0.00000E+00   1.81312E+01  -5.63178E-01
  0.00000E+00   1.80202E+01  -5.41849E-01
  0.00000E+00   1.80014E+01  -5.37475E-01
  0.00000E+00   1.81992E+01  -5.01717E-01
  0.00000E+00   1.84445E+01  -4.36062E-01
  0.00000E+00   1.84394E+01  -3.63685E-01
  0.00000E+00   1.82759E+01  -3.22354E-01
  0.00000E+00   1.83013E+01  -3.07885E-01
  0.00000E+00   1.85512E+01  -2.88547E-01
  0.00000E+00   1.88350E+01  -2.43289E-01
  0.00000E+00   1.89412E+01  -2.01727E-01
  0.00000E+00   1.88661E+01  -2.00444E-01
  0.00000E+00   1.88320E+01  -1.93793E-01
  0.00000E+00   1.89155E+01  -1.49979E-01
  0.00000E+00   1.90389E+01  -9.27467E-02
  0.00000E+00   1.89830E+01  -5.44794E-02
  0.00000E+00   1.88739E+01  -3.25235E-02
  0.00000E+00   1.89468E+01   9.88566E-03
  0.00000E+00   1.92119E+01   8.23644E-02
  0.00000E+00   1.94554E+01   1.35985E-01
  0.00000E+00   1.94002E+01   1.63055E-01
  0.00000E+00   1.90478E+01   1.54681E-01
  0.00000E+00   1.88798E+01   1.08569E-01
  0.00000E+00   1.89420E+01   5.17342E-02
  0.00000E+00   1.89103E+01  -1.12340E-02
  0.00000E+00   1.87323E+01  -1.17081E-01
  0.00000E+00   1.85453E+01  -2.19188E-01
  0.00000E+00   1.84570E+01  -3.02653E-01
  0.00000E+00   1.83773E+01  -3.74404E-01
  0.00000E+00   1.82082E+01  -4.02920E-01
  0.00000E+00   1.80353E+01  -4.05702E-01
  0.00000E+00   1.81114E+01  -4.01672E-01
  0.00000E+00   1.84724E+01  -4.08825E-01
  0.00000E+00   1.89321E+01  -4.50962E-01
  0.00000E+00   1.92139E+01  -5.45511E-01
  0.00000E+00   1.91507E+01  -6.47247E-01
  0.00000E+00   1.88768E+01  -7.19489E-01
  0.00000E+00   1.86578E+01  -7.86104E-01
  0.00000E+00   1.86112E+01  -8.58886E-01
  0.00000E+00   1.86635E+01  -9.23780E-01
  0.00000E+00   1.87850E+01  -9.76997E-01
  0.00000E+00   1.89116E+01  -1.03461E+00
  0.00000E+00   1.90733E+01  -1.09134E+00
  0.00000E+00   1.92281E+01  -1.17155E+00
  0.00000E+00   1.92123E+01  -1.25126E+00
  0.00000E+00   1.90934E+01  -1.28861E+00
  0.00000E+00   1.91142E+01  -1.27440E+00
  0.00000E+00   1.92920E+01  -1.25220E+00
  0.00000E+00   1.94675E+01  -1.24745E+00
  0.00000E+00   1.94785E+01  -1.23261E+00
  0.00000E+00   1.93812E+01  -1.21075E+00
  0.00000E+00   1.93886E+01  -1.17923E+00
  0.00000E+00   1.95593E+01  -1.15639E+00
  0.00000E+00   1.97998E+01  -1.14774E+00
  0.00000E+00   1.98622E+01  -1.15403E+00
  0.00000E+00   1.96924E+01  -1.18070E+00
  0.00000E+00   1.96185E+01  -1.21641E+00
  0.00000E+00   1.97959E+01  -1.23709E+00
  0.00000E+00   2.00504E+01  -1.25267E+00
  0.00000E+00   2.01550E+01  -1.24416E+00
  0.00000E+00   2.01947E+01  -1.23678E+00
  0.00000E+00   2.03541E+01  -1.24162E+00
  0.00000E+00   2.06911E+01  -1.23928E+00
  0.00000E+00   2.10530E+01  -1.26717E+00
  0.00000E+00   2.11745E+01  -1.34704E+00
  0.00000E+00   2.10124E+01  -1.42221E+00
  0.00000E+00   2.08732E+01  -1.45653E+00
  0.00000E+00   2.09617E+01  -1.48296E+00
  0.00000E+00   2.11602E+01  -1.52154E+00
  0.00000E+00   2.12630E+01  -1.58578E+00
  0.00000E+00   2.12913E+01  -1.66999E+00
  0.00000E+00   2.14169E+01  -1.72742E+00
  0.00000E+00   2.17007E+01  -1.77403E+00
  0.00000E+00   2.18131E+01  -1.82618E+00
  0.00000E+00   2.16120E+01  -1.88418E+00
  0.00000E+00   2.13589E+01  -1.88469E+00
  0.00000E+00   2.13448E+01  -1.84178E+00
  0.00000E+00   2.15760E+01  -1.81595E+00
  0.00000E+00   2.17689E+01  -1.85646E+00
  0.00000E+00   2.17583E+01  -1.91977E+00
  0.00000E+00   2.14925E+01  -1.94764E+00
  0.00000E+00   2.11584E+01  -1.92570E+00
  0.00000E+00   2.09101E+01  -1.86462E+00
  0.00000E+00   2.06743E+01  -1.82298E+00
  0.00000E+00   2.04023E+01  -1.78860E+00
  0.00000E+00   2.03362E+01  -1.74112E+00
  0.00000E+00   2.04481E+01  -1.68321E+00
  0.00000E+00   2.04711E+01  -1.63943E+00
  0.00000E+00   2.03112E+01  -1.56611E+00
  0.00000E+00   2.00685E+01  -1.48825E+00
  0.00000E+00   1.99919E+01  -1.43932E+00
  0.00000E+00   2.01885E+01  -1.36636E+00
  0.00000E+00   2.05317E+01  -1.23440E+00
  0.00000E+00   2.08467E+01  -1.08332E+00
  0.00000E+00   2.09091E+01  -9.39188E-01
  0.00000E+00   2.07910E+01  -8.40379E-01
  0.00000E+00   2.07498E+01  -7.77556E-01
  0.00000E+00   2.08362E+01  -7.14827E-01
  0.00000E+00   2.09764E+01  -6.95896E-01
  0.00000E+00   2.09815E+01  -7.14461E-01
  0.00000E+00   2.08301E+01  -7.38364E-01
  0.00000E+00   2.06732E+01  -7.46975E-01
  0.00000E+00   2.05626E+01  -7.23251E-01
  0.00000E+00   2.05001E+01  -6.75899E-01
  0.00000E+00   2.03864E+01  -6.41471E-01
  0.00000E+00   2.02223E+01  -6.33576E-01
  0.00000E+00   2.01049E+01  -5.95842E-01
  0.00000E+00   2.00943E+01  -5.44782E-01
  0.00000E+00   2.00913E+01  -4.73488E-01
  0.00000E+00   2.00287E+01  -4.42791E-01
  0.00000E+00   1.98927E+01  -5.01140E-01
  0.00000E+00   1.97952E+01  -5.95101E-01
  0.00000E+00   1.98973E+01  -6.68063E-01
  0.00000E+00   1.99677E+01  -7.06705E-01
  0.00000E+00   1.98252E+01  -7.14239E-01
  0.00000E+00   1.96370E+01  -7.01962E-01
  0.00000E+00   1.95695E+01  -6.78304E-01
  0.00000E+00   1.97308E+01  -6.34642E-01
  0.00000E+00   1.98764E+01  -5.54532E-01
  0.00000E+00   1.99056E+01  -4.50379E-01
  0.00000E+00   1.99445E+01  -3.76944E-01
  0.00000E+00   2.00976E+01  -3.39239E-01
  0.00000E+00   2.03003E+01  -3.05134E-01
  0.00000E+00   2.03253E+01  -2.61670E-01
  0.00000E+00   2.01325E+01  -2.14388E-01
  0.00000E+00   1.98522E+01  -1.81716E-01
  0.00000E+00   1.97122E+01  -1.49883E-01
  0.00000E+00   1.98527E+01  -1.10429E-01
  0.00000E+00   2.01140E+01  -7.90000E-02
  0.00000E+00   2.03024E+01  -9.77432E-02
  0.00000E+00   2.03057E+01  -1.16766E-01
  0.00000E+00   2.02949E+01  -1.02723E-01
  0.00000E+00   2.03639E+01  -1.03461E-01
  0.00000E+00   2.03437E+01  -9.48950E-02
  0.00000E+00   2.01513E+01  -4.48505E-02
  0.00000E+00   1.99869E+01  -1.28478E-02
  0.00000E+00   2.00121E+01   4.37337E-02
  0.00000E+00   2.02635E+01   1.14003E-01
  0.00000E+00   2.04552E+01   1.62663E-01
  0.00000E+00   2.03877E+01   1.60685E-01
  0.00000E+00   2.01932E+01   1.36004E-01
  0.00000E+00   1.99807E+01   1.06809E-01
  0.00000E+00   1.98338E+01   5.51952E-02
  0.00000E+00   1.97436E+01   1.63267E-02
  0.00000E+00   1.96911E+01  -9.12253E-03
  0.00000E+00   1.96101E+01  -3.69310E-02
  0.00000E+00   1.95800E+01  -6.47210E-02
  0.00000E+00   1.96818E+01  -7.01385E-02
  0.00000E+00   1.98626E+01  -6.30193E-02
  0.00000E+00   2.00129E+01  -6.65707E-02
  0.00000E+00   2.00784E+01  -7.44421E-02
  0.00000E+00   2.01226E+01  -5.89532E-02
  0.00000E+00   2.01632E+01  -4.04044E-02
  0.00000E+00   2.01189E+01   2.22518E-03
  0.00000E+00   2.00404E+01   4.59725E-02
  0.00000E+00   1.99991E+01   7.52396E-02
  0.00000E+00   2.00664E+01   9.31469E-02
  0.00000E+00   2.02692E+01   6.90838E-02
  0.00000E+00   2.04018E+01  -2.30436E-03
  0.00000E+00   2.03943E+01  -5.48629E-02
  0.00000E+00   2.02632E+01  -9.15888E-02
  0.00000E+00   2.01484E+01  -1.12006E-01
  0.00000E+00   2.00252E+01  -1.29198E-01
  0.00000E+00   1.98774E+01  -1.37141E-01
  0.00000E+00   1.99079E+01  -1.54669E-01
  0.00000E+00   1.99949E+01  -1.56692E-01
  0.00000E+00   1.99993E+01  -1.62203E-01
  0.00000E+00   1.98984E+01  -1.90996E-01
  0.00000E+00   1.96756E+01  -2.46709E-01
  0.00000E+00   1.95057E+01  -3.22353E-01
  0.00000E+00   1.95555E+01  -4.36797E-01
  0.00000E+00   1.97358E+01  -5.80052E-01
  0.00000E+00   1.98017E+01  -6.99339E-01
  0.00000E+00   1.97042E+01  -7.59334E-01
  0.00000E+00   1.97068E+01  -7.68357E-01
  0.00000E+00   1.98207E+01  -7.67089E-01
  0.00000E+00   1.98885E+01  -7.58575E-01
  0.00000E+00   1.99323E+01  -7.65039E-01
  0.00000E+00   1.99484E+01  -7.76672E-01
  0.00000E+00   1.99507E+01  -7.43336E-01
  0.00000E+00   1.99915E+01  -6.86059E-01
  0.00000E+00   1.98520E+01  -6.61017E-01
  0.00000E+00   1.96328E+01  -6.56729E-01
  0.00000E+00   1.94474E+01  -6.54351E-01
  0.00000E+00   1.94348E+01  -6.35671E-01
  0.00000E+00   1.95876E+01  -5.96668E-01
  0.00000E+00   1.95969E+01  -5.71596E-01
  0.00000E+00   1.94959E+01  -6.06606E-01
  0.00000E+00   1.95001E+01  -6.50094E-01
  0.00000E+00   1.97712E+01  -6.71615E-01
  0.00000E+00   2.00524E+01  -6.55986E-01
  0.00000E+00   2.00786E+01  -6.10004E-01
  0.00000E+00   1.99567E+01  -5.49928E-01
  0.00000E+00   1.98969E+01  -5.12353E-01
  0.00000E+00   2.00146E+01  -4.71102E-01
  0.00000E+00   2.02618E+01  -4.24480E-01
  0.00000E+00   2.04031E+01  -3.90423E-01
  0.00000E+00   2.03616E+01  -3.86988E-01
  0.00000E+00   2.03639E+01  -3.89852E-01
  0.00000E+00   2.05338E+01  -3.87482E-01
  0.00000E+00   2.06722E+01  -3.84410E-01
  0.00000E+00   2.05659E+01  -4.26437E-01
  0.00000E+00   2.04048E+01  -5.02337E-01
  0.00000E+00   2.03602E+01  -5.62967E-01
  0.00000E+00   2.04225E+01  -5.98912E-01
  0.00000E+00   2.04977E+01  -6.54821E-01
  0.00000E+00   2.04408E+01  -7.15228E-01
  0.00000E+00   2.04143E+01  -7.98279E-01
  0.00000E+00   2.05137E+01  -8.64465E-01
  0.00000E+00   2.07679E+01  -8.92281E-01
  0.00000E+00   2.09396E+01  -9.06865E-01
  0.00000E+00   2.08559E+01  -9.19039E-01
  0.00000E+00   2.05826E+01  -9.08176E-01
  0.00000E+00   2.04492E+01  -8.35141E-01
  0.00000E+00   2.05861E+01  -7.32612E-01
  0.00000E+00   2.06329E+01  -6.25721E-01
  0.00000E+00   2.05278E+01  -5.21223E-01
  0.00000E+00   2.04135E+01  -3.89670E-01
  0.00000E+00   2.04061E+01  -2.69991E-01
  0.00000E+00   2.04998E+01  -1.78016E-01
  0.00000E+00   2.04907E+01  -8.20253E-02
  0.00000E+00   2.02092E+01  -9.52206E-03
  0.00000E+00   1.99048E+01   1.91676E-02
  0.00000E+00   1.98858E+01   4.71531E-03
  0.00000E+00   2.01158E+01  -2.18139E-02
