  0.00000E+00   9.81807E-05   8.07001E-06
  0.00000E+00   9.90263E-05   1.19825E-05
  0.00000E+00   9.65178E-05   1.04824E-05
  0.00000E+00   1.00208E-04   8.79377E-06
  0.00000E+00   1.10213E-04   7.78269E-06
  0.00000E+00   1.26758E-04   7.61197E-06
  0.00000E+00   1.50440E-04   8.21909E-06
  0.00000E+00   1.82730E-04   9.60423E-06
  0.00000E+00   2.25862E-04   1.18895E-05
  0.00000E+00   2.82913E-04   1.52446E-05
  0.00000E+00   3.57708E-04   1.99087E-05
  0.00000E+00   4.55724E-04   2.61806E-05
  0.00000E+00   5.84060E-04   3.43799E-05
  0.00000E+00   7.51972E-04   4.49730E-05
  0.00000E+00   9.71645E-04   5.86070E-05
  0.00000E+00   1.26035E-03   7.60075E-05
  0.00000E+00   1.64023E-03   9.81702E-05
  0.00000E+00   2.14176E-03   1.26471E-04
  0.00000E+00   2.80521E-03   1.62586E-04
  0.00000E+00   3.68579E-03   2.08656E-04
  0.00000E+00   4.85655E-03   2.67676E-04
  0.00000E+00   6.41707E-03   3.43204E-04
  0.00000E+00   8.50118E-03   4.40000E-04
  0.00000E+00   1.12887E-02   5.64218E-04
  0.00000E+00   1.50225E-02   7.23537E-04
  0.00000E+00   2.00281E-02   9.27801E-04
  0.00000E+00   2.67414E-02   1.18935E-03
  0.00000E+00   3.57432E-02   1.52338E-03
  0.00000E+00   4.78035E-02   1.94800E-03
  0.00000E+00   6.39337E-02   2.48458E-03
  0.00000E+00   8.54493E-02   3.15690E-03
  0.00000E+00   1.14038E-01   3.99019E-03
  0.00000E+00   1.51826E-01   5.00852E-03
  0.00000E+00   2.01442E-01   6.23185E-03
  0.00000E+00   2.66038E-01   7.67113E-03
  0.00000E+00   3.49276E-01   9.32231E-03
  0.00000E+00   4.55233E-01   1.11599E-02
  0.00000E+00   5.88207E-01   1.31314E-02
  0.00000E+00   7.52432E-01   1.51548E-02
  0.00000E+00   9.51731E-01   1.71220E-02
  0.00000E+00   1.18918E+00   1.89094E-02
  0.00000E+00   1.46685E+00   2.03980E-02
  0.00000E+00   1.78573E+00   2.15027E-02
  0.00000E+00   2.14589E+00   2.22135E-02
  0.00000E+00   2.54674E+00   2.26456E-02
  0.00000E+00   2.98767E+00   2.30872E-02
  0.00000E+00   3.46862E+00   2.40180E-02
  0.00000E+00   3.99053E+00   2.60394E-02
  0.00000E+00   4.55543E+00   2.96598E-02
  0.00000E+00   5.16587E+00   3.49520E-02
  0.00000E+00   5.82380E+00   4.12077E-02
  0.00000E+00   6.52891E+00   4.67563E-02
  0.00000E+00   7.27648E+00   4.89948E-02
  0.00000E+00   8.05443E+00   4.46589E-02
  0.00000E+00   8.84218E+00   3.05452E-02
  0.00000E+00   9.61973E+00   3.82209E-03
  0.00000E+00   1.03870E+01  -3.83632E-02
  0.00000E+00   1.11597E+01  -9.39084E-02
  0.00000E+00   1.19424E+01  -1.40635E-01
  0.00000E+00   1.27405E+01  -1.55753E-01
  0.00000E+00   1.35840E+01  -1.44196E-01
  0.00000E+00   1.45184E+01  -1.10253E-01
  0.00000E+00   1.56258E+01  -9.22232E-02
  0.00000E+00   1.69471E+01  -9.11852E-02
  0.00000E+00   1.84898E+01  -7.54436E-02
  0.00000E+00   2.03199E+01  -8.62284E-02
  0.00000E+00   2.24885E+01  -7.96249E-02
  0.00000E+00   2.49382E+01  -2.75918E-03
  0.00000E+00   2.74320E+01   1.86643E-02
  0.00000E+00   2.98312E+01   1.23404E-02
  0.00000E+00   3.22672E+01  -5.10501E-02
  0.00000E+00   3.47021E+01  -2.04839E-01
  0.00000E+00   3.67015E+01  -3.48345E-01
  0.00000E+00   3.83050E+01  -5.33963E-01
  0.00000E+00   4.00560E+01  -8.18182E-01
  0.00000E+00   4.18266E+01  -1.04840E+00
  0.00000E+00   4.35266E+01  -1.05659E+00
  0.00000E+00   4.48062E+01  -8.64438E-01
  0.00000E+00   4.56404E+01  -4.65744E-01
  0.00000E+00   4.65682E+01   2.32951E-02
  0.00000E+00   4.73363E+01   2.93686E-01
  0.00000E+00   4.72342E+01   4.69868E-01
  0.00000E+00   4.58302E+01   6.83045E-01
  0.00000E+00   4.30987E+01   7.14643E-01
  0.00000E+00   3.91890E+01   6.04306E-01
  0.00000E+00   3.69145E+01   3.69643E-01
  0.00000E+00   3.66186E+01  -3.54451E-03
  0.00000E+00   3.73983E+01  -2.85806E-01
  0.00000E+00   3.86194E+01  -5.06285E-01
  0.00000E+00   3.96044E+01  -6.50679E-01
  0.00000E+00   4.02805E+01  -7.23998E-01
  0.00000E+00   4.06724E+01  -7.96074E-01
  0.00000E+00   4.10005E+01  -8.50658E-01
  0.00000E+00   4.15017E+01  -9.40827E-01
  0.00000E+00   4.21983E+01  -1.08802E+00
  0.00000E+00   4.32784E+01  -1.20196E+00
  0.00000E+00   4.46365E+01  -1.28615E+00
  0.00000E+00   4.60652E+01  -1.31579E+00
  0.00000E+00   4.73635E+01  -1.12867E+00
  0.00000E+00   4.84766E+01  -9.73976E-01
  0.00000E+00   4.90337E+01  -8.57255E-01
  0.00000E+00   4.91841E+01  -7.18932E-01
  0.00000E+00   4.94511E+01  -7.18515E-01
  0.00000E+00   5.03162E+01  -8.67948E-01
  0.00000E+00   5.21283E+01  -1.12022E+00
  0.00000E+00   5.48069E+01  -1.27981E+00
  0.00000E+00   5.78802E+01  -1.28101E+00
  0.00000E+00   6.05127E+01  -1.23420E+00
  0.00000E+00   6.27945E+01  -1.28206E+00
  0.00000E+00   6.48375E+01  -1.33290E+00
  0.00000E+00   6.67450E+01  -1.28809E+00
  0.00000E+00   6.82748E+01  -1.05196E+00
  0.00000E+00   6.96442E+01  -6.39349E-01
  0.00000E+00   7.12767E+01  -2.66982E-01
  0.00000E+00   7.31664E+01   4.78645E-02
  0.00000E+00   7.50689E+01   2.41784E-01
  0.00000E+00   7.64913E+01   1.67779E-01
  0.00000E+00   7.75998E+01   4.92308E-02
  0.00000E+00   7.86028E+01  -2.16947E-01
  0.00000E+00   7.99596E+01  -4.09769E-01
  0.00000E+00   8.14325E+01  -5.55645E-01
  0.00000E+00   8.31001E+01  -7.50887E-01
  0.00000E+00   8.47529E+01  -8.35497E-01
  0.00000E+00   8.59659E+01  -7.90977E-01
  0.00000E+00   8.63006E+01  -6.39768E-01
  0.00000E+00   8.58558E+01  -4.85994E-01
  0.00000E+00   8.53591E+01  -5.30207E-01
  0.00000E+00   8.53378E+01  -6.53245E-01
  0.00000E+00   8.54561E+01  -7.26489E-01
  0.00000E+00   8.55762E+01  -7.54808E-01
  0.00000E+00   8.59904E+01  -7.32575E-01
  0.00000E+00   8.43048E+01  -5.99380E-01
  0.00000E+00   7.91163E+01  -5.92084E-01
  0.00000E+00   7.20474E+01  -3.79206E-01
  0.00000E+00   6.68636E+01  -2.99781E-01
  0.00000E+00   6.52064E+01  -3.99344E-03
  0.00000E+00   6.51202E+01   2.41519E-01
  0.00000E+00   6.50390E+01   4.07803E-01
  0.00000E+00   6.41733E+01   4.10371E-01
  0.00000E+00   6.28950E+01   3.85579E-01
  0.00000E+00   6.15005E+01   5.86141E-01
  0.00000E+00   5.99197E+01   6.67134E-01
  0.00000E+00   5.84299E+01   6.77150E-01
  0.00000E+00   5.68485E+01   6.98479E-01
  0.00000E+00   5.49155E+01   7.26754E-01
  0.00000E+00   5.35494E+01   6.94437E-01
  0.00000E+00   5.34189E+01   6.73470E-01
  0.00000E+00   5.45312E+01   5.79624E-01
  0.00000E+00   5.56810E+01   4.62551E-01
  0.00000E+00   5.58971E+01   3.92859E-01
  0.00000E+00   5.57037E+01   3.07280E-01
  0.00000E+00   5.60023E+01   1.37453E-01
  0.00000E+00   5.72603E+01   2.20526E-02
  0.00000E+00   5.96894E+01  -1.59110E-01
  0.00000E+00   6.32085E+01  -3.48050E-01
  0.00000E+00   6.71504E+01  -5.44598E-01
  0.00000E+00   7.10947E+01  -7.36819E-01
  0.00000E+00   7.47377E+01  -9.44944E-01
  0.00000E+00   7.76201E+01  -1.14825E+00
  0.00000E+00   7.97953E+01  -1.22856E+00
  0.00000E+00   8.11981E+01  -1.19149E+00
  0.00000E+00   8.17301E+01  -1.02254E+00
  0.00000E+00   8.14231E+01  -6.90326E-01
  0.00000E+00   8.06031E+01  -4.52129E-01
  0.00000E+00   8.00616E+01  -4.29449E-01
  0.00000E+00   8.01109E+01  -4.69354E-01
  0.00000E+00   7.95964E+01  -3.30819E-01
  0.00000E+00   7.76319E+01  -1.01811E-01
  0.00000E+00   7.43184E+01   1.03489E-01
  0.00000E+00   7.13396E+01   2.61017E-01
  0.00000E+00   7.01231E+01   3.80896E-01
  0.00000E+00   7.13816E+01   3.18928E-01
  0.00000E+00   7.40808E+01   2.43081E-01
  0.00000E+00   7.63788E+01   3.09033E-01
  0.00000E+00   7.72426E+01   3.36230E-01
  0.00000E+00   7.70792E+01   2.68868E-01
  0.00000E+00   7.70897E+01   2.52213E-01
  0.00000E+00   7.77941E+01   3.44950E-01
  0.00000E+00   7.93813E+01   2.54154E-01
  0.00000E+00   8.17798E+01  -4.02016E-02
  0.00000E+00   8.49374E+01  -2.73924E-01
  0.00000E+00   8.78584E+01  -3.15021E-01
  0.00000E+00   8.98399E+01  -3.97786E-01
  0.00000E+00   9.06359E+01  -6.17865E-01
  0.00000E+00   9.06496E+01  -6.61414E-01
  0.00000E+00   9.02061E+01  -4.75268E-01
  0.00000E+00   8.93339E+01  -3.39278E-01
  0.00000E+00   8.75450E+01  -3.24696E-01
  0.00000E+00   8.55751E+01  -2.83982E-01
  0.00000E+00   8.46843E+01  -3.73167E-01
  0.00000E+00   8.53344E+01  -6.00675E-01
  0.00000E+00   8.62208E+01  -8.42434E-01
  0.00000E+00   8.62862E+01  -9.89121E-01
  0.00000E+00   8.54250E+01  -1.11171E+00
  0.00000E+00   8.43585E+01  -1.12319E+00
  0.00000E+00   8.28387E+01  -1.23104E+00
  0.00000E+00   8.19381E+01  -1.41883E+00
  0.00000E+00   8.17339E+01  -1.48816E+00
  0.00000E+00   8.23872E+01  -1.55055E+00
  0.00000E+00   8.36513E+01  -1.74609E+00
  0.00000E+00   8.49413E+01  -1.87958E+00
  0.00000E+00   8.61117E+01  -1.71023E+00
  0.00000E+00   8.66666E+01  -1.40319E+00
  0.00000E+00   8.67926E+01  -1.10892E+00
  0.00000E+00   8.61747E+01  -7.17721E-01
  0.00000E+00   8.41053E+01  -3.56653E-01
  0.00000E+00   8.17381E+01  -8.44748E-02
  0.00000E+00   7.96588E+01   2.02260E-01
  0.00000E+00   7.82344E+01   4.94486E-01
  0.00000E+00   7.75041E+01   5.13821E-01
  0.00000E+00   7.74520E+01   1.91316E-01
  0.00000E+00   7.78308E+01  -1.65656E-01
  0.00000E+00   7.85377E+01  -4.13737E-01
  0.00000E+00   7.90741E+01  -5.25797E-01
  0.00000E+00   7.93421E+01  -4.68352E-01
  0.00000E+00   7.94565E+01  -4.90052E-01
  0.00000E+00   7.92936E+01  -5.33770E-01
  0.00000E+00   7.89708E+01  -4.96090E-01
  0.00000E+00   7.89860E+01  -4.97440E-01
  0.00000E+00   7.99139E+01  -3.69192E-01
  0.00000E+00   8.18988E+01  -3.35738E-01
  0.00000E+00   8.43504E+01  -4.95806E-01
  0.00000E+00   8.70881E+01  -7.20398E-01
  0.00000E+00   8.89422E+01  -7.02160E-01
  0.00000E+00   8.94604E+01  -6.77841E-01
  0.00000E+00   8.97129E+01  -8.04579E-01
  0.00000E+00   9.03384E+01  -8.91261E-01
  0.00000E+00   9.19081E+01  -7.67557E-01
  0.00000E+00   9.50553E+01  -6.47763E-01
  0.00000E+00   9.88758E+01  -6.90114E-01
  0.00000E+00   1.02789E+02  -8.70299E-01
  0.00000E+00   1.06872E+02  -1.02130E+00
  0.00000E+00   1.11258E+02  -1.04176E+00
  0.00000E+00   1.14755E+02  -8.94004E-01
  0.00000E+00   1.15127E+02  -7.37347E-01
  0.00000E+00   1.11737E+02  -5.83038E-01
  0.00000E+00   1.07409E+02  -2.21004E-01
  0.00000E+00   1.03239E+02   7.99135E-02
  0.00000E+00   1.00197E+02   1.00307E-01
  0.00000E+00   9.90521E+01   2.80868E-01
  0.00000E+00   9.93617E+01   5.04592E-01
  0.00000E+00   9.93240E+01   5.04390E-01
  0.00000E+00   9.76839E+01   6.97715E-01
  0.00000E+00   9.46944E+01   9.14400E-01
  0.00000E+00   9.16050E+01   1.04288E+00
  0.00000E+00   8.84291E+01   7.72356E-01
  0.00000E+00   8.62617E+01   4.36770E-01
  0.00000E+00   8.50744E+01  -2.80406E-03
  0.00000E+00   8.45974E+01  -4.31436E-01
  0.00000E+00   8.46080E+01  -4.70667E-01
  0.00000E+00   8.47304E+01  -5.53262E-01
  0.00000E+00   8.42908E+01  -6.89436E-01
  0.00000E+00   8.29619E+01  -1.04139E+00
  0.00000E+00   8.12731E+01  -1.14322E+00
  0.00000E+00   8.04317E+01  -9.98442E-01
  0.00000E+00   8.07771E+01  -7.46018E-01
  0.00000E+00   8.25169E+01  -4.36701E-01
  0.00000E+00   8.46460E+01  -3.32130E-01
  0.00000E+00   8.50222E+01  -1.60192E-01
  0.00000E+00   8.39338E+01   1.02022E-01
  0.00000E+00   8.25027E+01  -1.32726E-03
  0.00000E+00   8.08037E+01   5.90420E-02
  0.00000E+00   8.07923E+01   1.24828E-01
  0.00000E+00   8.25494E+01   2.83896E-01
  0.00000E+00   8.36298E+01   1.86071E-01
  0.00000E+00   8.30081E+01   2.21416E-01
  0.00000E+00   8.11441E+01   4.23434E-01
  0.00000E+00   7.94674E+01   7.25675E-01
  0.00000E+00   7.79097E+01   8.68994E-01
  0.00000E+00   7.80658E+01   5.16665E-01
  0.00000E+00   7.91257E+01   1.34326E-01
  0.00000E+00   7.98123E+01   3.77567E-04
  0.00000E+00   8.00223E+01   1.27910E-01
  0.00000E+00   7.96542E+01   1.12310E-01
  0.00000E+00   7.91745E+01   5.01448E-02
  0.00000E+00   7.88461E+01   1.79302E-01
  0.00000E+00   7.88698E+01   4.32089E-01
  0.00000E+00   7.94898E+01   5.27973E-01
  0.00000E+00   8.09398E+01   5.15983E-01
  0.00000E+00   8.32825E+01   5.90264E-01
  0.00000E+00   8.62318E+01   4.62142E-01
  0.00000E+00   8.84003E+01   2.35754E-01
  0.00000E+00   8.95325E+01   1.00733E-01
  0.00000E+00   9.03671E+01  -1.91224E-01
  0.00000E+00   9.05919E+01  -4.57564E-01
  0.00000E+00   8.99004E+01  -8.98033E-01
  0.00000E+00   8.80344E+01  -1.07083E+00
  0.00000E+00   8.60091E+01  -1.12450E+00
  0.00000E+00   8.48720E+01  -1.34234E+00
  0.00000E+00   8.45491E+01  -1.51222E+00
  0.00000E+00   8.47946E+01  -1.57718E+00
  0.00000E+00   8.55721E+01  -1.48990E+00
  0.00000E+00   8.70660E+01  -1.46893E+00
  0.00000E+00   8.94980E+01  -1.64287E+00
  0.00000E+00   9.23085E+01  -1.92045E+00
  0.00000E+00   9.54664E+01  -2.02437E+00
  0.00000E+00   9.94793E+01  -2.33589E+00
  0.00000E+00   1.04573E+02  -2.60542E+00
  0.00000E+00   1.09686E+02  -2.71864E+00
  0.00000E+00   1.13777E+02  -2.68268E+00
  0.00000E+00   1.15526E+02  -2.70751E+00
  0.00000E+00   1.15868E+02  -2.79827E+00
  0.00000E+00   1.16579E+02  -2.75674E+00
  0.00000E+00   1.19092E+02  -2.60967E+00
  0.00000E+00   1.23044E+02  -2.33452E+00
  0.00000E+00   1.26387E+02  -2.06769E+00
  0.00000E+00   1.26954E+02  -1.91648E+00
  0.00000E+00   1.22603E+02  -1.71244E+00
  0.00000E+00   1.15074E+02  -1.36372E+00
  0.00000E+00   1.07843E+02  -1.17872E+00
  0.00000E+00   1.02867E+02  -9.52361E-01
  0.00000E+00   1.00370E+02  -7.43697E-01
  0.00000E+00   1.00781E+02  -5.20868E-01
  0.00000E+00   1.02415E+02  -3.09206E-01
  0.00000E+00   1.03105E+02  -5.06828E-02
  0.00000E+00   1.01154E+02  -1.25798E-01
  0.00000E+00   9.83132E+01  -3.79247E-01
  0.00000E+00   9.56281E+01  -4.79693E-01
  0.00000E+00   9.42808E+01  -3.41316E-01
  0.00000E+00   9.64915E+01  -2.43680E-01
  0.00000E+00   1.00419E+02   3.25950E-02
  0.00000E+00   1.04750E+02   5.00100E-01
  0.00000E+00   1.07755E+02   1.14149E+00
  0.00000E+00   1.10467E+02   1.77969E+00
  0.00000E+00   1.12672E+02   2.06363E+00
  0.00000E+00   1.13206E+02   2.15641E+00
  0.00000E+00   1.13024E+02   2.36133E+00
  0.00000E+00   1.12329E+02   2.68848E+00
  0.00000E+00   1.11200E+02   3.30140E+00
  0.00000E+00   1.08163E+02   3.65735E+00
  0.00000E+00   1.04355E+02   4.02602E+00
  0.00000E+00   1.01736E+02   4.28560E+00
  0.00000E+00   1.00762E+02   4.20700E+00
  0.00000E+00   1.01177E+02   3.85318E+00
  0.00000E+00   1.01439E+02   3.60458E+00
  0.00000E+00   1.01035E+02   3.51943E+00
  0.00000E+00   1.00419E+02   3.14323E+00
  0.00000E+00   9.99973E+01   2.71925E+00
  0.00000E+00   9.92413E+01   2.29025E+00
  0.00000E+00   9.87858E+01   1.71694E+00
  0.00000E+00   9.88249E+01   1.13749E+00
  0.00000E+00   9.82579E+01   7.48156E-01
  0.00000E+00   9.74255E+01   3.39849E-01
  0.00000E+00   9.71282E+01   7.08500E-02
  0.00000E+00   9.64767E+01  -4.26662E-02
  0.00000E+00   9.58059E+01  -6.51165E-02
  0.00000E+00   9.56191E+01  -1.42217E-01
  0.00000E+00   9.59806E+01  -1.29239E-01
  0.00000E+00   9.67197E+01  -8.71783E-02
  0.00000E+00   9.76031E+01  -1.72918E-01
  0.00000E+00   9.78971E+01  -3.98879E-01
  0.00000E+00   9.78855E+01  -6.28083E-01
  0.00000E+00   9.80070E+01  -8.74453E-01
  0.00000E+00   9.80213E+01  -1.13128E+00
  0.00000E+00   9.75756E+01  -1.38960E+00
  0.00000E+00   9.72841E+01  -1.76766E+00
  0.00000E+00   9.68119E+01  -2.01342E+00
  0.00000E+00   9.55402E+01  -1.96648E+00
  0.00000E+00   9.26048E+01  -1.62505E+00
  0.00000E+00   8.84727E+01  -1.06968E+00
  0.00000E+00   8.49082E+01  -5.40898E-01
  0.00000E+00   8.34328E+01  -2.24737E-01
  0.00000E+00   8.37913E+01   3.51923E-01
  0.00000E+00   8.43354E+01   8.57759E-01
  0.00000E+00   8.51715E+01   9.01631E-01
  0.00000E+00   8.70375E+01   8.64193E-01
  0.00000E+00   8.99871E+01   1.05614E+00
  0.00000E+00   9.26951E+01   9.11916E-01
  0.00000E+00   9.47695E+01   8.49597E-01
  0.00000E+00   9.67118E+01   3.95420E-01
  0.00000E+00   9.94190E+01  -7.91385E-02
  0.00000E+00   1.01440E+02  -4.68489E-01
  0.00000E+00   1.02156E+02  -7.13594E-01
  0.00000E+00   9.99162E+01  -6.14098E-01
  0.00000E+00   9.53423E+01  -3.67118E-01
  0.00000E+00   9.15570E+01  -8.65425E-02
  0.00000E+00   8.95275E+01   3.48721E-01
  0.00000E+00   8.89808E+01   8.53554E-01
  0.00000E+00   9.00519E+01   1.01005E+00
  0.00000E+00   9.18382E+01   1.09401E+00
  0.00000E+00   9.29172E+01   1.21749E+00
  0.00000E+00   9.27631E+01   1.19943E+00
  0.00000E+00   9.29564E+01   1.42339E+00
  0.00000E+00   9.39296E+01   1.69462E+00
  0.00000E+00   9.55379E+01   1.88264E+00
  0.00000E+00   9.72060E+01   2.13339E+00
  0.00000E+00   9.74250E+01   2.30983E+00
  0.00000E+00   9.63881E+01   2.32624E+00
  0.00000E+00   9.45355E+01   2.23656E+00
  0.00000E+00   9.25469E+01   2.06168E+00
  0.00000E+00   9.16980E+01   1.72070E+00
  0.00000E+00   9.25865E+01   1.67950E+00
  0.00000E+00   9.53050E+01   1.78353E+00
  0.00000E+00   9.84060E+01   1.69433E+00
  0.00000E+00   1.00050E+02   1.44184E+00
  0.00000E+00   1.00328E+02   1.23894E+00
  0.00000E+00   1.00024E+02   1.21140E+00
  0.00000E+00   1.00087E+02   1.21653E+00
  0.00000E+00   1.01519E+02   1.33679E+00
  0.00000E+00   1.05056E+02   1.58434E+00
  0.00000E+00   1.09134E+02   1.75733E+00
  0.00000E+00   1.09562E+02   1.66497E+00
  0.00000E+00   1.05165E+02   1.12935E+00
  0.00000E+00   9.96882E+01   5.50030E-01
  0.00000E+00   9.50478E+01  -1.54728E-01
  0.00000E+00   9.17995E+01  -5.93970E-01
  0.00000E+00   9.05268E+01  -6.63061E-01
  0.00000E+00   9.11566E+01  -6.77573E-01
  0.00000E+00   9.25098E+01  -6.64293E-01
  0.00000E+00   9.33955E+01  -6.29398E-01
  0.00000E+00   9.29997E+01  -4.32185E-01
  0.00000E+00   9.20141E+01  -9.42695E-02
  0.00000E+00   9.09743E+01   2.36938E-01
  0.00000E+00   9.09206E+01   1.80150E-01
  0.00000E+00   9.21874E+01  -7.51075E-02
  0.00000E+00   9.39831E+01  -5.13151E-01
  0.00000E+00   9.45190E+01  -9.08237E-01
  0.00000E+00   9.24393E+01  -1.10147E+00
  0.00000E+00   8.88705E+01  -1.26096E+00
  0.00000E+00   8.44946E+01  -1.05612E+00
  0.00000E+00   8.17698E+01  -9.84340E-01
  0.00000E+00   8.07019E+01  -6.23532E-01
  0.00000E+00   7.93235E+01  -2.49453E-01
  0.00000E+00   7.78449E+01   1.36033E-01
  0.00000E+00   7.70474E+01   4.71640E-01
  0.00000E+00   7.73306E+01   5.37418E-01
  0.00000E+00   7.75650E+01   4.11236E-01
  0.00000E+00   7.77760E+01   5.23039E-01
  0.00000E+00   7.79917E+01   5.03967E-01
  0.00000E+00   7.82149E+01   6.17289E-01
  0.00000E+00   7.93434E+01   6.92747E-01
  0.00000E+00   8.13304E+01   7.41144E-01
  0.00000E+00   8.32760E+01   8.02811E-01
  0.00000E+00   8.40466E+01   9.07528E-01
  0.00000E+00   8.34976E+01   1.21435E+00
  0.00000E+00   8.22946E+01   1.56631E+00
  0.00000E+00   8.10371E+01   1.91786E+00
  0.00000E+00   8.03196E+01   2.08596E+00
  0.00000E+00   8.05621E+01   2.28334E+00
  0.00000E+00   8.19812E+01   2.49242E+00
  0.00000E+00   8.39049E+01   2.42294E+00
  0.00000E+00   8.56879E+01   2.25015E+00
  0.00000E+00   8.74548E+01   2.05763E+00
  0.00000E+00   8.95575E+01   1.88957E+00
  0.00000E+00   9.19656E+01   1.85833E+00
  0.00000E+00   9.45585E+01   1.98257E+00
  0.00000E+00   9.72093E+01   1.97210E+00
  0.00000E+00   9.98902E+01   1.64181E+00
  0.00000E+00   1.01398E+02   1.33224E+00
  0.00000E+00   1.00036E+02   1.42344E+00
  0.00000E+00   9.82077E+01   1.85197E+00
  0.00000E+00   9.81703E+01   2.16158E+00
  0.00000E+00   9.96218E+01   2.33927E+00
  0.00000E+00   1.01449E+02   2.48637E+00
  0.00000E+00   1.02520E+02   2.34319E+00
  0.00000E+00   1.03233E+02   2.33257E+00
  0.00000E+00   1.02928E+02   1.90231E+00
  0.00000E+00   1.02657E+02   1.64507E+00
  0.00000E+00   1.02770E+02   1.66073E+00
  0.00000E+00   1.02883E+02   1.79153E+00
  0.00000E+00   1.02833E+02   1.98998E+00
  0.00000E+00   1.02622E+02   2.11625E+00
  0.00000E+00   1.01828E+02   1.71536E+00
  0.00000E+00   1.00986E+02   1.22675E+00
  0.00000E+00   9.99118E+01   9.59297E-01
  0.00000E+00   9.88694E+01   7.30252E-01
  0.00000E+00   9.79937E+01   3.92378E-01
  0.00000E+00   9.64832E+01   2.48504E-01
  0.00000E+00   9.48740E+01   2.58834E-01
  0.00000E+00   9.45537E+01   3.86545E-01
  0.00000E+00   9.56391E+01   5.11101E-01
  0.00000E+00   9.66395E+01   8.10619E-01
  0.00000E+00   9.70500E+01   1.21505E+00
  0.00000E+00   9.64256E+01   1.31148E+00
  0.00000E+00   9.41066E+01   1.16139E+00
  0.00000E+00   9.05918E+01   1.06346E+00
  0.00000E+00   8.67380E+01   9.34915E-01
  0.00000E+00   8.42534E+01   7.99628E-01
  0.00000E+00   8.35831E+01   6.89697E-01
  0.00000E+00   8.49319E+01   4.62473E-01
  0.00000E+00   8.65751E+01   1.43802E-01
  0.00000E+00   8.69475E+01  -2.63698E-03
  0.00000E+00   8.64595E+01  -1.25773E-02
  0.00000E+00   8.57063E+01   1.72644E-01
  0.00000E+00   8.57212E+01   3.38164E-01
  0.00000E+00   8.66590E+01   5.70875E-01
  0.00000E+00   8.76014E+01   8.41488E-01
  0.00000E+00   8.76495E+01   1.23000E+00
  0.00000E+00   8.67693E+01   1.50580E+00
  0.00000E+00   8.55561E+01   1.74591E+00
  0.00000E+00   8.43130E+01   1.79783E+00
  0.00000E+00   8.42289E+01   1.87166E+00
  0.00000E+00   8.46833E+01   1.93122E+00
  0.00000E+00   8.51640E+01   1.64209E+00
  0.00000E+00   8.50670E+01   1.16971E+00
  0.00000E+00   8.43739E+01   8.42487E-01
  0.00000E+00   8.30406E+01   4.22456E-01
  0.00000E+00   8.06453E+01   9.88322E-02
  0.00000E+00   7.88311E+01   7.59071E-02
  0.00000E+00   7.76604E+01  -7.83340E-02
  0.00000E+00   7.68003E+01  -2.57340E-01
  0.00000E+00   7.60075E+01  -6.59016E-01
  0.00000E+00   7.51839E+01  -8.80672E-01
  0.00000E+00   7.41635E+01  -1.18565E+00
  0.00000E+00   7.33065E+01  -1.69496E+00
  0.00000E+00   7.22763E+01  -1.81884E+00
  0.00000E+00   7.14999E+01  -1.73358E+00
  0.00000E+00   7.18431E+01  -1.60714E+00
  0.00000E+00   7.33571E+01  -1.52420E+00
  0.00000E+00   7.50754E+01  -1.48907E+00
  0.00000E+00   7.64708E+01  -1.63486E+00
  0.00000E+00   7.75056E+01  -1.75968E+00
  0.00000E+00   7.92046E+01  -1.81477E+00
  0.00000E+00   8.20360E+01  -1.92220E+00
  0.00000E+00   8.54508E+01  -1.97453E+00
  0.00000E+00   8.79914E+01  -1.81630E+00
  0.00000E+00   8.85082E+01  -1.64615E+00
  0.00000E+00   8.76811E+01  -1.50840E+00
  0.00000E+00   8.77987E+01  -1.40991E+00
  0.00000E+00   8.94074E+01  -1.28080E+00
  0.00000E+00   9.17909E+01  -1.06061E+00
  0.00000E+00   9.34088E+01  -7.61801E-01
  0.00000E+00   9.29166E+01  -4.85079E-01
  0.00000E+00   9.10679E+01  -5.61020E-01
  0.00000E+00   8.97072E+01  -6.37779E-01
  0.00000E+00   9.05724E+01  -5.48133E-01
  0.00000E+00   9.36187E+01  -6.74920E-01
  0.00000E+00   9.66777E+01  -9.07735E-01
  0.00000E+00   9.75057E+01  -1.03826E+00
  0.00000E+00   9.58530E+01  -9.05470E-01
  0.00000E+00   9.27986E+01  -9.34290E-01
  0.00000E+00   8.96104E+01  -1.02578E+00
  0.00000E+00   8.81562E+01  -9.84132E-01
  0.00000E+00   8.99079E+01  -8.26995E-01
  0.00000E+00   9.30099E+01  -6.75228E-01
  0.00000E+00   9.52799E+01  -7.04751E-01
  0.00000E+00   9.61122E+01  -6.45447E-01
  0.00000E+00   9.53530E+01  -8.11966E-01
  0.00000E+00   9.32337E+01  -1.00179E+00
  0.00000E+00   9.07711E+01  -1.17429E+00
  0.00000E+00   8.88804E+01  -1.24244E+00
  0.00000E+00   8.79223E+01  -1.46659E+00
  0.00000E+00   8.73238E+01  -1.67322E+00
  0.00000E+00   8.73002E+01  -1.69619E+00
  0.00000E+00   8.87485E+01  -1.80832E+00
  0.00000E+00   9.01293E+01  -1.92380E+00
  0.00000E+00   9.13204E+01  -2.01776E+00
  0.00000E+00   9.20073E+01  -2.02420E+00
  0.00000E+00   9.26601E+01  -1.86191E+00
  0.00000E+00   9.26507E+01  -1.55471E+00
  0.00000E+00   9.21393E+01  -1.14427E+00
  0.00000E+00   9.06527E+01  -8.17279E-01
  0.00000E+00   8.82438E+01  -4.80485E-01
  0.00000E+00   8.59288E+01  -1.15278E-01
  0.00000E+00   8.39316E+01   2.31317E-01
  0.00000E+00   8.21787E+01   3.71996E-01
  0.00000E+00   8.16997E+01   3.75059E-01
  0.00000E+00   8.26450E+01   3.74557E-01
  0.00000E+00   8.45177E+01   4.93992E-01
  0.00000E+00   8.73531E+01   4.01428E-01
  0.00000E+00   9.00951E+01  -4.96586E-02
  0.00000E+00   9.22445E+01  -4.09174E-01
  0.00000E+00   9.34071E+01  -6.89217E-01
  0.00000E+00   9.41391E+01  -8.37988E-01
  0.00000E+00   9.41718E+01  -8.05210E-01
  0.00000E+00   9.32583E+01  -8.19624E-01
  0.00000E+00   9.17095E+01  -8.59122E-01
  0.00000E+00   9.11610E+01  -8.90082E-01
  0.00000E+00   9.17829E+01  -1.01822E+00
  0.00000E+00   9.32958E+01  -1.31865E+00
  0.00000E+00   9.53436E+01  -1.38257E+00
  0.00000E+00   9.74852E+01  -1.43477E+00
  0.00000E+00   9.94954E+01  -1.51528E+00
  0.00000E+00   1.00706E+02  -1.71929E+00
  0.00000E+00   1.00572E+02  -1.79779E+00
  0.00000E+00   9.91747E+01  -1.87709E+00
  0.00000E+00   9.73034E+01  -1.74246E+00
  0.00000E+00   9.60343E+01  -1.81278E+00
  0.00000E+00   9.53787E+01  -2.12686E+00
  0.00000E+00   9.37068E+01  -2.41149E+00
  0.00000E+00   9.22715E+01  -2.47240E+00
  0.00000E+00   9.13435E+01  -2.33461E+00
  0.00000E+00   9.06618E+01  -2.24382E+00
  0.00000E+00   9.13645E+01  -2.00707E+00
  0.00000E+00   9.33960E+01  -1.74553E+00
  0.00000E+00   9.56425E+01  -1.51957E+00
  0.00000E+00   9.73016E+01  -1.42783E+00
  0.00000E+00   9.79499E+01  -1.26876E+00
  0.00000E+00   9.84043E+01  -8.48401E-01
  0.00000E+00   1.00332E+02  -4.50264E-01
  0.00000E+00   1.03736E+02  -2.69712E-01
  0.00000E+00   1.06289E+02  -4.72024E-01
  0.00000E+00   1.07339E+02  -6.11574E-01
  0.00000E+00   1.06497E+02  -9.27003E-01
  0.00000E+00   1.04031E+02  -1.04520E+00
  0.00000E+00   1.02196E+02  -8.92920E-01
  0.00000E+00   1.02105E+02  -9.03163E-01
  0.00000E+00   1.04697E+02  -1.17877E+00
  0.00000E+00   1.08146E+02  -1.26683E+00
  0.00000E+00   1.10583E+02  -1.27435E+00
  0.00000E+00   1.11994E+02  -1.41355E+00
  0.00000E+00   1.13011E+02  -1.35358E+00
  0.00000E+00   1.13870E+02  -1.38245E+00
  0.00000E+00   1.13211E+02  -1.50545E+00
  0.00000E+00   1.12164E+02  -1.76792E+00
  0.00000E+00   1.13297E+02  -2.19525E+00
  0.00000E+00   1.14678E+02  -2.43289E+00
  0.00000E+00   1.14201E+02  -2.61706E+00
  0.00000E+00   1.12724E+02  -2.75264E+00
  0.00000E+00   1.11027E+02  -2.81693E+00
  0.00000E+00   1.09024E+02  -2.80456E+00
  0.00000E+00   1.07696E+02  -2.63305E+00
  0.00000E+00   1.08000E+02  -2.72071E+00
  0.00000E+00   1.08740E+02  -2.51687E+00
  0.00000E+00   1.09437E+02  -2.22778E+00
  0.00000E+00   1.09513E+02  -2.47163E+00
  0.00000E+00   1.08472E+02  -2.69319E+00
  0.00000E+00   1.07945E+02  -2.56414E+00
  0.00000E+00   1.08691E+02  -2.18495E+00
  0.00000E+00   1.09045E+02  -1.51957E+00
  0.00000E+00   1.09075E+02  -1.12382E+00
  0.00000E+00   1.09959E+02  -1.05692E+00
  0.00000E+00   1.11747E+02  -1.21362E+00
  0.00000E+00   1.13496E+02  -1.18198E+00
  0.00000E+00   1.13399E+02  -8.98101E-01
  0.00000E+00   1.10810E+02  -7.65801E-01
  0.00000E+00   1.07355E+02  -9.54406E-01
  0.00000E+00   1.04800E+02  -1.21218E+00
  0.00000E+00   1.03758E+02  -1.47078E+00
  0.00000E+00   1.04484E+02  -1.48535E+00
  0.00000E+00   1.04618E+02  -1.16819E+00
  0.00000E+00   1.03177E+02  -8.82152E-01
  0.00000E+00   1.00368E+02  -6.57647E-01
  0.00000E+00   9.70010E+01  -4.41373E-01
  0.00000E+00   9.50281E+01  -9.92559E-02
  0.00000E+00   9.54223E+01   2.61186E-01
  0.00000E+00   9.61733E+01   1.53310E-01
  0.00000E+00   9.71487E+01   1.85940E-01
  0.00000E+00   9.89945E+01   6.22488E-01
  0.00000E+00   9.95850E+01   8.51130E-01
  0.00000E+00   9.85262E+01   1.01923E+00
  0.00000E+00   9.65303E+01   1.25010E+00
  0.00000E+00   9.36345E+01   1.48449E+00
  0.00000E+00   9.13538E+01   1.61854E+00
  0.00000E+00   9.00309E+01   1.84629E+00
  0.00000E+00   9.06372E+01   1.98439E+00
  0.00000E+00   9.24051E+01   2.14812E+00
  0.00000E+00   9.50049E+01   2.39339E+00
  0.00000E+00   9.76267E+01   2.33314E+00
  0.00000E+00   9.80403E+01   2.20327E+00
  0.00000E+00   9.61851E+01   2.13503E+00
  0.00000E+00   9.31693E+01   2.24820E+00
  0.00000E+00   9.10357E+01   2.24518E+00
  0.00000E+00   9.12362E+01   2.07358E+00
  0.00000E+00   9.31582E+01   1.70208E+00
  0.00000E+00   9.58549E+01   1.18136E+00
  0.00000E+00   9.59663E+01   8.07107E-01
  0.00000E+00   9.11728E+01   4.49767E-01
  0.00000E+00   8.38194E+01   2.18019E-01
  0.00000E+00   7.80457E+01   4.03023E-01
  0.00000E+00   7.57694E+01   5.78813E-01
  0.00000E+00   7.64909E+01   1.00464E+00
  0.00000E+00   7.94561E+01   1.41906E+00
  0.00000E+00   8.20040E+01   1.53119E+00
  0.00000E+00   8.27440E+01   1.48726E+00
  0.00000E+00   8.12814E+01   1.57823E+00
  0.00000E+00   7.96140E+01   1.77530E+00
  0.00000E+00   7.96704E+01   1.76797E+00
  0.00000E+00   8.16986E+01   2.03747E+00
  0.00000E+00   8.36378E+01   2.26468E+00
  0.00000E+00   8.49940E+01   2.50234E+00
  0.00000E+00   8.62255E+01   2.83668E+00
  0.00000E+00   8.69726E+01   3.08565E+00
  0.00000E+00   8.73743E+01   3.38072E+00
  0.00000E+00   8.70982E+01   3.35165E+00
  0.00000E+00   8.71248E+01   3.24919E+00
  0.00000E+00   8.84692E+01   3.21795E+00
  0.00000E+00   9.21075E+01   3.12613E+00
  0.00000E+00   9.68538E+01   3.16660E+00
  0.00000E+00   1.00606E+02   3.27796E+00
  0.00000E+00   1.03059E+02   3.34140E+00
  0.00000E+00   1.04316E+02   3.21144E+00
  0.00000E+00   1.04267E+02   2.96071E+00
  0.00000E+00   1.02779E+02   2.45757E+00
  0.00000E+00   1.01310E+02   2.07925E+00
  0.00000E+00   1.00596E+02   1.83674E+00
  0.00000E+00   1.01893E+02   1.73183E+00
  0.00000E+00   1.04691E+02   1.67667E+00
  0.00000E+00   1.06792E+02   1.71972E+00
  0.00000E+00   1.06538E+02   1.61775E+00
  0.00000E+00   1.03799E+02   1.47828E+00
  0.00000E+00   1.00615E+02   1.15688E+00
  0.00000E+00   9.79368E+01   8.14045E-01
  0.00000E+00   9.61799E+01   9.23819E-01
  0.00000E+00   9.60443E+01   1.19088E+00
  0.00000E+00   9.75416E+01   1.31586E+00
  0.00000E+00   9.93336E+01   1.20909E+00
  0.00000E+00   1.00205E+02   1.10262E+00
  0.00000E+00   1.01023E+02   1.20997E+00
  0.00000E+00   1.02632E+02   1.28118E+00
  0.00000E+00   1.03997E+02   1.24333E+00
  0.00000E+00   1.04890E+02   1.15819E+00
  0.00000E+00   1.05675E+02   9.42832E-01
  0.00000E+00   1.06893E+02   9.38324E-01
  0.00000E+00   1.09155E+02   1.00101E+00
  0.00000E+00   1.12481E+02   8.61988E-01
  0.00000E+00   1.15323E+02   6.72701E-01
  0.00000E+00   1.17244E+02   6.16444E-01
  0.00000E+00   1.17949E+02   8.02770E-01
  0.00000E+00   1.16737E+02   8.36414E-01
  0.00000E+00   1.14349E+02   6.28659E-01
  0.00000E+00   1.11567E+02   3.72413E-01
  0.00000E+00   1.08854E+02   1.12806E-01
  0.00000E+00   1.04430E+02  -9.61576E-02
  0.00000E+00   9.83524E+01  -1.81351E-01
  0.00000E+00   9.25710E+01  -3.21561E-02
  0.00000E+00   8.94448E+01   3.24892E-01
  0.00000E+00   8.83756E+01   7.22582E-01
  0.00000E+00   8.87361E+01   8.31770E-01
  0.00000E+00   8.86685E+01   7.91652E-01
  0.00000E+00   8.67454E+01   7.05432E-01
  0.00000E+00   8.28108E+01   5.60789E-01
  0.00000E+00   7.84712E+01   5.33647E-02
  0.00000E+00   7.59779E+01  -5.45329E-01
  0.00000E+00   7.58949E+01  -5.22784E-01
  0.00000E+00   7.79931E+01   3.62270E-02
  0.00000E+00   8.02848E+01   4.40298E-01
  0.00000E+00   8.05022E+01   6.92062E-01
  0.00000E+00   7.84436E+01   6.64195E-01
  0.00000E+00   7.69981E+01   6.12907E-01
  0.00000E+00   7.71084E+01   6.30577E-01
  0.00000E+00   7.78571E+01   6.71867E-01
  0.00000E+00   7.88004E+01   8.12439E-01
  0.00000E+00   7.92654E+01   1.02888E+00
  0.00000E+00   7.98292E+01   1.14941E+00
  0.00000E+00   8.08510E+01   1.29615E+00
  0.00000E+00   8.14601E+01   1.33027E+00
  0.00000E+00   8.19794E+01   1.26555E+00
  0.00000E+00   8.27680E+01   1.17867E+00
  0.00000E+00   8.33660E+01   1.10251E+00
  0.00000E+00   8.37204E+01   1.11379E+00
  0.00000E+00   8.42212E+01   1.15302E+00
  0.00000E+00   8.51631E+01   1.35955E+00
  0.00000E+00   8.65967E+01   1.39700E+00
  0.00000E+00   8.76674E+01   1.34426E+00
  0.00000E+00   8.82906E+01   1.13723E+00
  0.00000E+00   8.90109E+01   7.81383E-01
  0.00000E+00   8.95773E+01   6.60671E-01
  0.00000E+00   8.99218E+01   7.83728E-01
  0.00000E+00   8.97694E+01   9.85230E-01
  0.00000E+00   8.96011E+01   9.73125E-01
  0.00000E+00   9.01900E+01   5.90600E-01
  0.00000E+00   9.21290E+01   1.91670E-01
  0.00000E+00   9.50377E+01  -2.03645E-01
  0.00000E+00   9.76763E+01  -5.69957E-01
  0.00000E+00   9.83967E+01  -8.65361E-01
  0.00000E+00   9.70440E+01  -8.80639E-01
  0.00000E+00   9.48498E+01  -9.32859E-01
  0.00000E+00   9.40499E+01  -1.07776E+00
  0.00000E+00   9.48956E+01  -1.21451E+00
  0.00000E+00   9.68309E+01  -1.20634E+00
  0.00000E+00   9.90295E+01  -1.34560E+00
  0.00000E+00   1.01058E+02  -1.58737E+00
  0.00000E+00   1.01678E+02  -1.57482E+00
  0.00000E+00   9.95015E+01  -1.40152E+00
  0.00000E+00   9.49891E+01  -1.53197E+00
  0.00000E+00   9.01533E+01  -1.60268E+00
  0.00000E+00   8.65206E+01  -1.58582E+00
  0.00000E+00   8.46809E+01  -1.66951E+00
  0.00000E+00   8.44250E+01  -1.82747E+00
  0.00000E+00   8.46494E+01  -2.10562E+00
  0.00000E+00   8.36666E+01  -2.31586E+00
  0.00000E+00   8.20719E+01  -2.74217E+00
  0.00000E+00   8.04063E+01  -3.01016E+00
  0.00000E+00   7.88540E+01  -3.04901E+00
  0.00000E+00   7.78329E+01  -3.07871E+00
  0.00000E+00   7.82442E+01  -3.00364E+00
  0.00000E+00   8.05044E+01  -2.72670E+00
  0.00000E+00   8.30712E+01  -2.20198E+00
  0.00000E+00   8.54321E+01  -1.82295E+00
  0.00000E+00   8.66685E+01  -1.66034E+00
  0.00000E+00   8.71854E+01  -1.78239E+00
  0.00000E+00   8.64579E+01  -1.84677E+00
  0.00000E+00   8.52356E+01  -1.71356E+00
  0.00000E+00   8.46762E+01  -1.63595E+00
  0.00000E+00   8.51902E+01  -1.65526E+00
  0.00000E+00   8.65600E+01  -1.67112E+00
  0.00000E+00   8.73190E+01  -1.60603E+00
  0.00000E+00   8.71284E+01  -1.50578E+00
  0.00000E+00   8.65126E+01  -1.34720E+00
  0.00000E+00   8.64367E+01  -1.18121E+00
  0.00000E+00   8.79737E+01  -1.06235E+00
  0.00000E+00   9.01205E+01  -9.85361E-01
  0.00000E+00   9.18274E+01  -8.80387E-01
  0.00000E+00   9.19350E+01  -8.52240E-01
  0.00000E+00   9.10791E+01  -8.65231E-01
  0.00000E+00   9.04923E+01  -6.09057E-01
  0.00000E+00   9.04129E+01  -1.42283E-01
  0.00000E+00   8.99782E+01   2.74994E-01
  0.00000E+00   8.95609E+01   3.61684E-01
