  0.00000E+00  -1.59599E-03  -6.42627E-05
  0.00000E+00  -3.80281E-04  -9.12651E-05
  0.00000E+00   1.78342E-03  -1.27652E-04
  0.00000E+00   3.21427E-03  -1.65285E-04
  0.00000E+00   4.31820E-03  -1.88459E-04
  0.00000E+00   5.39179E-03  -1.85688E-04
  0.00000E+00   6.55594E-03  -1.61855E-04
  0.00000E+00   7.89617E-03  -1.23734E-04
  0.00000E+00   9.47733E-03  -7.68798E-05
  0.00000E+00   1.13532E-02  -2.31683E-05
  0.00000E+00   1.35781E-02   3.82689E-05
  0.00000E+00   1.62130E-02   1.10229E-04
  0.00000E+00   1.93432E-02   1.95405E-04
  0.00000E+00   2.30524E-02   2.97941E-04
  0.00000E+00   2.74311E-02   4.22042E-04
  0.00000E+00   3.25992E-02   5.71115E-04
  0.00000E+00   3.86782E-02   7.49793E-04
  0.00000E+00   4.58100E-02   9.62411E-04
  0.00000E+00   5.41624E-02   1.21135E-03
  0.00000E+00   6.39037E-02   1.49965E-03
  0.00000E+00   7.52557E-02   1.82727E-03
  0.00000E+00   8.84326E-02   2.19339E-03
  0.00000E+00   1.03687E-01   2.59626E-03
  0.00000E+00   1.21300E-01   3.03104E-03
  0.00000E+00   1.41563E-01   3.49185E-03
  0.00000E+00   1.64792E-01   3.97029E-03
  0.00000E+00   1.91325E-01   4.45622E-03
  0.00000E+00   2.21505E-01   4.93498E-03
  0.00000E+00   2.55691E-01   5.38812E-03
  0.00000E+00   2.94244E-01   5.79285E-03
  0.00000E+00   3.37523E-01   6.11948E-03
  0.00000E+00   3.85902E-01   6.33010E-03
  0.00000E+00   4.39725E-01   6.38193E-03
  0.00000E+00   4.99346E-01   6.22512E-03
  0.00000E+00   5.65105E-01   5.80371E-03
  0.00000E+00   6.37358E-01   5.05533E-03
  0.00000E+00   7.16483E-01   3.91123E-03
  0.00000E+00   8.02893E-01   2.29722E-03
  0.00000E+00   8.97051E-01   1.36649E-04
  0.00000E+00   9.99469E-01  -2.64353E-03
  0.00000E+00   1.11073E+00  -6.10465E-03
  0.00000E+00   1.23149E+00  -1.02870E-02
  0.00000E+00   1.36247E+00  -1.51987E-02
  0.00000E+00   1.50447E+00  -2.08026E-02
  0.00000E+00   1.65835E+00  -2.70040E-02
  0.00000E+00   1.82500E+00  -3.36381E-02
  0.00000E+00   2.00540E+00  -4.04652E-02
  0.00000E+00   2.20057E+00  -4.71732E-02
  0.00000E+00   2.41165E+00  -5.33899E-02
  0.00000E+00   2.63985E+00  -5.87044E-02
  0.00000E+00   2.88649E+00  -6.26985E-02
  0.00000E+00   3.15293E+00  -6.49801E-02
  0.00000E+00   3.44047E+00  -6.52071E-02
  0.00000E+00   3.75018E+00  -6.30985E-02
  0.00000E+00   4.08270E+00  -5.84361E-02
  0.00000E+00   4.43807E+00  -5.10844E-02
  0.00000E+00   4.81574E+00  -4.10509E-02
  0.00000E+00   5.21506E+00  -2.85209E-02
  0.00000E+00   5.63610E+00  -1.38632E-02
  0.00000E+00   6.08060E+00   2.33452E-03
  0.00000E+00   6.55200E+00   1.90900E-02
  0.00000E+00   7.05498E+00   3.50507E-02
  0.00000E+00   7.59302E+00   4.94519E-02
  0.00000E+00   8.16273E+00   6.26461E-02
  0.00000E+00   8.75432E+00   7.34541E-02
  0.00000E+00   9.35456E+00   8.02265E-02
  0.00000E+00   9.94702E+00   8.28518E-02
  0.00000E+00   1.05136E+01   8.27261E-02
  0.00000E+00   1.10340E+01   8.21971E-02
  0.00000E+00   1.14896E+01   8.57341E-02
  0.00000E+00   1.18649E+01   9.53960E-02
  0.00000E+00   1.21507E+01   9.94815E-02
  0.00000E+00   1.23564E+01   9.11141E-02
  0.00000E+00   1.25183E+01   8.35230E-02
  0.00000E+00   1.26957E+01   6.31057E-02
  0.00000E+00   1.29158E+01   1.96282E-02
  0.00000E+00   1.31842E+01  -3.48333E-02
  0.00000E+00   1.35174E+01  -1.06425E-01
  0.00000E+00   1.38723E+01  -1.80134E-01
  0.00000E+00   1.41694E+01  -2.53411E-01
  0.00000E+00   1.44072E+01  -3.38891E-01
  0.00000E+00   1.46570E+01  -4.19105E-01
  0.00000E+00   1.49736E+01  -4.75889E-01
  0.00000E+00   1.53393E+01  -4.92755E-01
  0.00000E+00   1.56880E+01  -4.68696E-01
  0.00000E+00   1.59701E+01  -4.12505E-01
  0.00000E+00   1.62167E+01  -3.22703E-01
  0.00000E+00   1.64619E+01  -1.92340E-01
  0.00000E+00   1.68200E+01  -6.77025E-02
  0.00000E+00   1.73465E+01   4.92204E-02
  0.00000E+00   1.79792E+01   1.61146E-01
  0.00000E+00   1.86791E+01   2.44972E-01
  0.00000E+00   1.94653E+01   3.41572E-01
  0.00000E+00   2.02590E+01   4.59567E-01
  0.00000E+00   2.10603E+01   5.92867E-01
  0.00000E+00   2.18581E+01   6.88673E-01
  0.00000E+00   2.26279E+01   7.14944E-01
  0.00000E+00   2.33988E+01   6.86777E-01
  0.00000E+00   2.41339E+01   6.22518E-01
  0.00000E+00   2.48009E+01   5.26075E-01
  0.00000E+00   2.53997E+01   4.46234E-01
  0.00000E+00   2.58851E+01   3.71359E-01
  0.00000E+00   2.62517E+01   2.52684E-01
  0.00000E+00   2.65499E+01   1.12329E-01
  0.00000E+00   2.68105E+01  -8.60994E-03
  0.00000E+00   2.70209E+01  -1.18478E-01
  0.00000E+00   2.70992E+01  -2.10896E-01
  0.00000E+00   2.70738E+01  -2.61446E-01
  0.00000E+00   2.70244E+01  -3.04791E-01
  0.00000E+00   2.70544E+01  -3.53205E-01
  0.00000E+00   2.72033E+01  -4.18531E-01
  0.00000E+00   2.74140E+01  -5.08031E-01
  0.00000E+00   2.76574E+01  -6.02181E-01
  0.00000E+00   2.78792E+01  -6.80065E-01
  0.00000E+00   2.80395E+01  -7.05008E-01
  0.00000E+00   2.81477E+01  -7.04985E-01
  0.00000E+00   2.81776E+01  -6.81047E-01
  0.00000E+00   2.81933E+01  -6.26574E-01
  0.00000E+00   2.83155E+01  -5.73359E-01
  0.00000E+00   2.86419E+01  -5.28339E-01
  0.00000E+00   2.92454E+01  -4.95102E-01
  0.00000E+00   3.00968E+01  -4.70351E-01
  0.00000E+00   3.10993E+01  -4.26435E-01
  0.00000E+00   3.22214E+01  -3.40014E-01
  0.00000E+00   3.34193E+01  -2.27086E-01
  0.00000E+00   3.45619E+01  -1.07902E-01
  0.00000E+00   3.56571E+01   6.97683E-03
  0.00000E+00   3.67615E+01   1.32853E-01
  0.00000E+00   3.78255E+01   2.65886E-01
  0.00000E+00   3.86952E+01   3.84079E-01
  0.00000E+00   3.92935E+01   4.47864E-01
  0.00000E+00   3.95946E+01   4.47702E-01
  0.00000E+00   3.97055E+01   4.22060E-01
  0.00000E+00   3.97202E+01   4.08583E-01
  0.00000E+00   3.95378E+01   4.17435E-01
  0.00000E+00   3.91238E+01   4.62378E-01
  0.00000E+00   3.87449E+01   5.45158E-01
  0.00000E+00   3.86321E+01   6.48512E-01
  0.00000E+00   3.88366E+01   7.52270E-01
  0.00000E+00   3.90095E+01   8.21597E-01
  0.00000E+00   3.87680E+01   8.35183E-01
  0.00000E+00   3.81576E+01   7.47239E-01
  0.00000E+00   3.75866E+01   5.87657E-01
  0.00000E+00   3.72739E+01   4.68670E-01
  0.00000E+00   3.70706E+01   4.49300E-01
  0.00000E+00   3.67803E+01   4.36165E-01
  0.00000E+00   3.62878E+01   3.78809E-01
  0.00000E+00   3.54341E+01   2.82691E-01
  0.00000E+00   3.43618E+01   1.35024E-01
  0.00000E+00   3.33975E+01  -4.46442E-02
  0.00000E+00   3.25884E+01  -2.15779E-01
  0.00000E+00   3.18458E+01  -3.46051E-01
  0.00000E+00   3.11789E+01  -3.86396E-01
  0.00000E+00   3.05078E+01  -2.81739E-01
  0.00000E+00   2.98673E+01  -9.45663E-02
  0.00000E+00   2.93961E+01   6.21155E-02
  0.00000E+00   2.91989E+01   1.55796E-01
  0.00000E+00   2.92024E+01   2.29983E-01
  0.00000E+00   2.93269E+01   2.91248E-01
  0.00000E+00   2.95234E+01   3.01293E-01
  0.00000E+00   2.97732E+01   2.99696E-01
  0.00000E+00   3.01267E+01   3.53297E-01
  0.00000E+00   3.07094E+01   4.39760E-01
  0.00000E+00   3.14899E+01   5.49869E-01
  0.00000E+00   3.23376E+01   6.87684E-01
  0.00000E+00   3.32159E+01   8.16840E-01
  0.00000E+00   3.40865E+01   8.98672E-01
  0.00000E+00   3.49394E+01   9.46867E-01
  0.00000E+00   3.57949E+01   1.01068E+00
  0.00000E+00   3.65693E+01   1.07890E+00
  0.00000E+00   3.73008E+01   1.13852E+00
  0.00000E+00   3.81012E+01   1.18410E+00
  0.00000E+00   3.90046E+01   1.23292E+00
  0.00000E+00   4.00160E+01   1.27515E+00
  0.00000E+00   4.11335E+01   1.31722E+00
  0.00000E+00   4.23132E+01   1.36601E+00
  0.00000E+00   4.34962E+01   1.43285E+00
  0.00000E+00   4.46629E+01   1.46361E+00
  0.00000E+00   4.58306E+01   1.48181E+00
  0.00000E+00   4.70455E+01   1.48046E+00
  0.00000E+00   4.83009E+01   1.44878E+00
  0.00000E+00   4.95570E+01   1.43824E+00
  0.00000E+00   5.06834E+01   1.48251E+00
  0.00000E+00   5.14881E+01   1.51682E+00
  0.00000E+00   5.19081E+01   1.51462E+00
  0.00000E+00   5.20242E+01   1.51045E+00
  0.00000E+00   5.21411E+01   1.52507E+00
  0.00000E+00   5.23580E+01   1.53729E+00
  0.00000E+00   5.27216E+01   1.48534E+00
  0.00000E+00   5.32889E+01   1.40761E+00
  0.00000E+00   5.39112E+01   1.34203E+00
  0.00000E+00   5.42994E+01   1.27721E+00
  0.00000E+00   5.43664E+01   1.19703E+00
  0.00000E+00   5.41796E+01   1.09736E+00
  0.00000E+00   5.35261E+01   1.05113E+00
  0.00000E+00   5.23172E+01   1.03139E+00
  0.00000E+00   5.07425E+01   9.30472E-01
  0.00000E+00   4.90377E+01   7.31693E-01
  0.00000E+00   4.74751E+01   5.19179E-01
  0.00000E+00   4.62693E+01   3.15358E-01
  0.00000E+00   4.54292E+01   1.30474E-01
  0.00000E+00   4.50645E+01  -5.87700E-02
  0.00000E+00   4.47488E+01  -2.78385E-01
  0.00000E+00   4.40129E+01  -5.60624E-01
  0.00000E+00   4.29616E+01  -8.44025E-01
  0.00000E+00   4.18902E+01  -1.11362E+00
  0.00000E+00   4.09763E+01  -1.35647E+00
  0.00000E+00   4.04943E+01  -1.63703E+00
  0.00000E+00   4.06289E+01  -1.91817E+00
  0.00000E+00   4.08769E+01  -2.18026E+00
  0.00000E+00   4.08531E+01  -2.40348E+00
  0.00000E+00   4.05366E+01  -2.52035E+00
  0.00000E+00   4.02466E+01  -2.46510E+00
  0.00000E+00   4.01134E+01  -2.32721E+00
  0.00000E+00   4.03202E+01  -2.18877E+00
  0.00000E+00   4.08635E+01  -2.04047E+00
  0.00000E+00   4.16891E+01  -1.83458E+00
  0.00000E+00   4.26138E+01  -1.56062E+00
  0.00000E+00   4.35957E+01  -1.30088E+00
  0.00000E+00   4.47695E+01  -1.11266E+00
  0.00000E+00   4.60834E+01  -9.56266E-01
  0.00000E+00   4.73547E+01  -8.03268E-01
  0.00000E+00   4.85018E+01  -6.29411E-01
  0.00000E+00   4.93459E+01  -4.05852E-01
  0.00000E+00   4.98491E+01  -1.25629E-01
  0.00000E+00   5.01140E+01   1.57747E-01
  0.00000E+00   5.02613E+01   4.15438E-01
  0.00000E+00   5.04389E+01   6.69406E-01
  0.00000E+00   5.06092E+01   8.70772E-01
  0.00000E+00   5.05623E+01   1.03493E+00
  0.00000E+00   5.03286E+01   1.13216E+00
  0.00000E+00   5.00746E+01   1.10786E+00
  0.00000E+00   4.98412E+01   1.04303E+00
  0.00000E+00   4.96917E+01   9.59114E-01
  0.00000E+00   4.95926E+01   8.68553E-01
  0.00000E+00   4.93092E+01   7.32083E-01
  0.00000E+00   4.85084E+01   5.68375E-01
  0.00000E+00   4.72736E+01   4.64635E-01
  0.00000E+00   4.60354E+01   4.18188E-01
  0.00000E+00   4.51365E+01   4.88142E-01
  0.00000E+00   4.46523E+01   6.50198E-01
  0.00000E+00   4.45207E+01   8.62437E-01
  0.00000E+00   4.46059E+01   1.04652E+00
  0.00000E+00   4.49665E+01   1.20981E+00
  0.00000E+00   4.55928E+01   1.33455E+00
  0.00000E+00   4.63935E+01   1.37951E+00
  0.00000E+00   4.71855E+01   1.28652E+00
  0.00000E+00   4.78702E+01   1.04278E+00
  0.00000E+00   4.85541E+01   7.63831E-01
  0.00000E+00   4.93473E+01   4.54152E-01
  0.00000E+00   5.03354E+01   1.09226E-01
  0.00000E+00   5.15005E+01  -1.84367E-01
  0.00000E+00   5.28105E+01  -3.79438E-01
  0.00000E+00   5.42294E+01  -5.23466E-01
  0.00000E+00   5.56375E+01  -6.48139E-01
  0.00000E+00   5.69870E+01  -8.12090E-01
  0.00000E+00   5.82155E+01  -9.86545E-01
  0.00000E+00   5.92959E+01  -1.15935E+00
  0.00000E+00   6.02988E+01  -1.25058E+00
  0.00000E+00   6.12799E+01  -1.29908E+00
  0.00000E+00   6.22152E+01  -1.33594E+00
  0.00000E+00   6.31255E+01  -1.32978E+00
  0.00000E+00   6.38401E+01  -1.34902E+00
  0.00000E+00   6.40866E+01  -1.41030E+00
  0.00000E+00   6.37534E+01  -1.44295E+00
  0.00000E+00   6.28998E+01  -1.41855E+00
  0.00000E+00   6.18756E+01  -1.38713E+00
  0.00000E+00   6.10765E+01  -1.35270E+00
  0.00000E+00   6.07065E+01  -1.37537E+00
  0.00000E+00   6.04246E+01  -1.48754E+00
  0.00000E+00   5.99270E+01  -1.64163E+00
  0.00000E+00   5.93598E+01  -1.77453E+00
  0.00000E+00   5.88226E+01  -1.86150E+00
  0.00000E+00   5.84555E+01  -1.89290E+00
  0.00000E+00   5.79729E+01  -1.87597E+00
  0.00000E+00   5.73358E+01  -1.85924E+00
  0.00000E+00   5.65764E+01  -1.76571E+00
  0.00000E+00   5.58945E+01  -1.54166E+00
  0.00000E+00   5.54904E+01  -1.23849E+00
  0.00000E+00   5.54226E+01  -9.40609E-01
  0.00000E+00   5.56202E+01  -6.57183E-01
  0.00000E+00   5.57002E+01  -4.67772E-01
  0.00000E+00   5.53995E+01  -3.04242E-01
  0.00000E+00   5.46869E+01  -2.11057E-01
  0.00000E+00   5.38872E+01  -2.03411E-01
  0.00000E+00   5.33009E+01  -1.94828E-01
  0.00000E+00   5.30608E+01  -1.53143E-01
  0.00000E+00   5.29562E+01  -1.12785E-01
  0.00000E+00   5.25514E+01  -1.43488E-01
  0.00000E+00   5.17455E+01  -2.11520E-01
  0.00000E+00   5.07417E+01  -2.59478E-01
  0.00000E+00   4.94063E+01  -3.17374E-01
  0.00000E+00   4.77600E+01  -3.60906E-01
  0.00000E+00   4.61446E+01  -3.04731E-01
  0.00000E+00   4.44769E+01  -1.56214E-01
  0.00000E+00   4.30935E+01   5.00860E-02
  0.00000E+00   4.21855E+01   2.83213E-01
  0.00000E+00   4.17233E+01   4.72452E-01
  0.00000E+00   4.13597E+01   5.46475E-01
  0.00000E+00   4.10304E+01   5.66181E-01
  0.00000E+00   4.09025E+01   6.17910E-01
  0.00000E+00   4.11973E+01   6.88386E-01
  0.00000E+00   4.18601E+01   7.45826E-01
  0.00000E+00   4.25986E+01   7.07422E-01
  0.00000E+00   4.32501E+01   6.74699E-01
  0.00000E+00   4.38769E+01   7.04709E-01
  0.00000E+00   4.44886E+01   7.00508E-01
  0.00000E+00   4.49940E+01   6.20119E-01
  0.00000E+00   4.54031E+01   4.98288E-01
  0.00000E+00   4.57870E+01   3.59404E-01
  0.00000E+00   4.61752E+01   2.02682E-01
  0.00000E+00   4.66802E+01   5.65086E-02
  0.00000E+00   4.73871E+01  -1.04302E-01
  0.00000E+00   4.82535E+01  -2.53090E-01
  0.00000E+00   4.91284E+01  -4.04571E-01
  0.00000E+00   4.99918E+01  -5.01153E-01
  0.00000E+00   5.07946E+01  -5.84242E-01
  0.00000E+00   5.15505E+01  -5.99432E-01
  0.00000E+00   5.21347E+01  -6.01977E-01
  0.00000E+00   5.23611E+01  -6.07404E-01
  0.00000E+00   5.21569E+01  -5.67559E-01
  0.00000E+00   5.15131E+01  -4.24912E-01
  0.00000E+00   5.07418E+01  -2.33664E-01
  0.00000E+00   5.01993E+01  -3.45300E-02
  0.00000E+00   5.00040E+01   2.73641E-01
  0.00000E+00   5.01419E+01   6.95743E-01
  0.00000E+00   5.03418E+01   1.09015E+00
  0.00000E+00   5.03757E+01   1.39321E+00
  0.00000E+00   5.05898E+01   1.58981E+00
  0.00000E+00   5.13326E+01   1.71730E+00
  0.00000E+00   5.22993E+01   1.78151E+00
  0.00000E+00   5.31618E+01   1.75807E+00
  0.00000E+00   5.38893E+01   1.71178E+00
  0.00000E+00   5.42997E+01   1.67122E+00
  0.00000E+00   5.44062E+01   1.56712E+00
  0.00000E+00   5.44731E+01   1.44621E+00
  0.00000E+00   5.45305E+01   1.30210E+00
  0.00000E+00   5.46588E+01   1.22916E+00
  0.00000E+00   5.50668E+01   1.35166E+00
  0.00000E+00   5.55358E+01   1.52844E+00
  0.00000E+00   5.56703E+01   1.62600E+00
  0.00000E+00   5.54023E+01   1.62935E+00
  0.00000E+00   5.49113E+01   1.61844E+00
  0.00000E+00   5.43628E+01   1.58966E+00
  0.00000E+00   5.38777E+01   1.56683E+00
  0.00000E+00   5.37088E+01   1.53168E+00
  0.00000E+00   5.38784E+01   1.51548E+00
  0.00000E+00   5.44614E+01   1.49067E+00
  0.00000E+00   5.55429E+01   1.52196E+00
  0.00000E+00   5.66345E+01   1.57092E+00
  0.00000E+00   5.73899E+01   1.60030E+00
  0.00000E+00   5.77381E+01   1.55254E+00
  0.00000E+00   5.78481E+01   1.44708E+00
  0.00000E+00   5.80054E+01   1.32765E+00
  0.00000E+00   5.82556E+01   1.24049E+00
  0.00000E+00   5.84004E+01   1.18082E+00
  0.00000E+00   5.79975E+01   1.15895E+00
  0.00000E+00   5.68071E+01   1.18197E+00
  0.00000E+00   5.51513E+01   1.17559E+00
  0.00000E+00   5.35750E+01   1.13286E+00
  0.00000E+00   5.20224E+01   1.13716E+00
  0.00000E+00   5.05100E+01   1.18070E+00
  0.00000E+00   4.89450E+01   1.26881E+00
  0.00000E+00   4.76546E+01   1.27991E+00
  0.00000E+00   4.69720E+01   1.24440E+00
  0.00000E+00   4.68117E+01   1.17556E+00
  0.00000E+00   4.70110E+01   1.11605E+00
  0.00000E+00   4.76467E+01   1.21155E+00
  0.00000E+00   4.84940E+01   1.41012E+00
  0.00000E+00   4.93973E+01   1.65106E+00
  0.00000E+00   5.02528E+01   1.87937E+00
  0.00000E+00   5.10951E+01   1.98479E+00
  0.00000E+00   5.19158E+01   2.01664E+00
  0.00000E+00   5.28490E+01   1.98586E+00
  0.00000E+00   5.37980E+01   1.96984E+00
  0.00000E+00   5.45184E+01   1.93007E+00
  0.00000E+00   5.49509E+01   1.83141E+00
  0.00000E+00   5.52442E+01   1.69278E+00
  0.00000E+00   5.55770E+01   1.58252E+00
  0.00000E+00   5.60500E+01   1.51884E+00
  0.00000E+00   5.67016E+01   1.56109E+00
  0.00000E+00   5.74809E+01   1.61817E+00
  0.00000E+00   5.80811E+01   1.58182E+00
  0.00000E+00   5.82941E+01   1.34833E+00
  0.00000E+00   5.80254E+01   9.84892E-01
  0.00000E+00   5.71990E+01   6.58311E-01
  0.00000E+00   5.60168E+01   3.92710E-01
  0.00000E+00   5.46936E+01   1.94444E-01
  0.00000E+00   5.34674E+01   1.37230E-01
  0.00000E+00   5.27100E+01   1.67512E-01
  0.00000E+00   5.26812E+01   1.96913E-01
  0.00000E+00   5.29878E+01   1.95379E-01
  0.00000E+00   5.34608E+01   1.69785E-01
  0.00000E+00   5.38578E+01   1.50288E-01
  0.00000E+00   5.37980E+01   7.93371E-02
  0.00000E+00   5.32164E+01  -7.37682E-03
  0.00000E+00   5.24289E+01  -1.46187E-01
  0.00000E+00   5.18027E+01  -2.84624E-01
  0.00000E+00   5.12313E+01  -3.86379E-01
  0.00000E+00   5.09419E+01  -4.32005E-01
  0.00000E+00   5.09932E+01  -3.90399E-01
  0.00000E+00   5.13895E+01  -3.50956E-01
  0.00000E+00   5.19328E+01  -1.95858E-01
  0.00000E+00   5.24497E+01   9.10873E-03
  0.00000E+00   5.29652E+01   1.88225E-01
  0.00000E+00   5.35317E+01   3.73732E-01
  0.00000E+00   5.41339E+01   5.21466E-01
  0.00000E+00   5.46760E+01   6.55035E-01
  0.00000E+00   5.50514E+01   7.30151E-01
  0.00000E+00   5.52363E+01   7.68038E-01
  0.00000E+00   5.54092E+01   7.70576E-01
  0.00000E+00   5.57348E+01   7.48188E-01
  0.00000E+00   5.61553E+01   6.95896E-01
  0.00000E+00   5.66074E+01   6.24775E-01
  0.00000E+00   5.70400E+01   6.17728E-01
  0.00000E+00   5.73193E+01   6.16174E-01
  0.00000E+00   5.75568E+01   5.84563E-01
  0.00000E+00   5.74673E+01   5.48986E-01
  0.00000E+00   5.70200E+01   4.84141E-01
  0.00000E+00   5.65947E+01   4.48402E-01
  0.00000E+00   5.65685E+01   4.81961E-01
  0.00000E+00   5.70029E+01   5.43932E-01
  0.00000E+00   5.75188E+01   6.59125E-01
  0.00000E+00   5.77866E+01   7.42587E-01
  0.00000E+00   5.78865E+01   7.85291E-01
  0.00000E+00   5.79444E+01   8.69496E-01
  0.00000E+00   5.79866E+01   9.06299E-01
  0.00000E+00   5.78760E+01   8.88082E-01
  0.00000E+00   5.76929E+01   8.47959E-01
  0.00000E+00   5.76432E+01   8.71441E-01
  0.00000E+00   5.75121E+01   9.42814E-01
  0.00000E+00   5.71853E+01   9.71007E-01
  0.00000E+00   5.69687E+01   9.87544E-01
  0.00000E+00   5.72321E+01   1.04377E+00
  0.00000E+00   5.78640E+01   1.07705E+00
  0.00000E+00   5.87045E+01   1.20050E+00
  0.00000E+00   5.96856E+01   1.31099E+00
  0.00000E+00   6.06644E+01   1.45441E+00
  0.00000E+00   6.15186E+01   1.50813E+00
  0.00000E+00   6.22328E+01   1.47763E+00
  0.00000E+00   6.27318E+01   1.41161E+00
  0.00000E+00   6.30143E+01   1.32657E+00
  0.00000E+00   6.32710E+01   1.26040E+00
  0.00000E+00   6.36811E+01   1.14047E+00
  0.00000E+00   6.42177E+01   1.00038E+00
  0.00000E+00   6.45073E+01   8.91421E-01
  0.00000E+00   6.44558E+01   7.19697E-01
  0.00000E+00   6.41657E+01   6.06786E-01
  0.00000E+00   6.40386E+01   5.31935E-01
  0.00000E+00   6.40748E+01   4.89938E-01
  0.00000E+00   6.41484E+01   4.91162E-01
  0.00000E+00   6.40060E+01   5.45001E-01
  0.00000E+00   6.35762E+01   6.20794E-01
  0.00000E+00   6.29813E+01   7.00750E-01
  0.00000E+00   6.23197E+01   7.38338E-01
  0.00000E+00   6.15862E+01   7.93615E-01
  0.00000E+00   6.10628E+01   8.10119E-01
  0.00000E+00   6.08637E+01   7.02935E-01
  0.00000E+00   6.10809E+01   5.66920E-01
  0.00000E+00   6.16803E+01   3.91071E-01
  0.00000E+00   6.22463E+01   1.78261E-01
  0.00000E+00   6.23812E+01  -2.06893E-02
  0.00000E+00   6.17980E+01  -6.78124E-02
  0.00000E+00   6.08423E+01   5.39030E-02
  0.00000E+00   6.00141E+01   1.64569E-01
  0.00000E+00   5.97698E+01   2.51608E-01
  0.00000E+00   5.99567E+01   2.66581E-01
  0.00000E+00   6.01255E+01   2.49466E-01
  0.00000E+00   6.00824E+01   2.26265E-01
  0.00000E+00   5.97100E+01   2.61737E-01
  0.00000E+00   5.93181E+01   2.71264E-01
  0.00000E+00   5.91125E+01   2.73119E-01
  0.00000E+00   5.91286E+01   2.89289E-01
  0.00000E+00   5.93414E+01   3.04879E-01
  0.00000E+00   5.97696E+01   2.82100E-01
  0.00000E+00   6.01803E+01   2.51918E-01
  0.00000E+00   6.05341E+01   2.92662E-01
  0.00000E+00   6.08399E+01   3.30498E-01
  0.00000E+00   6.10866E+01   3.45656E-01
  0.00000E+00   6.13179E+01   2.88115E-01
  0.00000E+00   6.18182E+01   2.10352E-01
  0.00000E+00   6.26737E+01   1.36136E-01
  0.00000E+00   6.36202E+01   5.56376E-02
  0.00000E+00   6.41821E+01  -1.06895E-01
  0.00000E+00   6.41818E+01  -2.82097E-01
  0.00000E+00   6.35922E+01  -3.03569E-01
  0.00000E+00   6.27055E+01  -1.96764E-01
  0.00000E+00   6.21485E+01  -2.20697E-02
  0.00000E+00   6.19631E+01   1.18951E-01
  0.00000E+00   6.17830E+01   2.12497E-01
  0.00000E+00   6.14765E+01   2.80433E-01
  0.00000E+00   6.09427E+01   4.24066E-01
  0.00000E+00   6.01042E+01   6.60494E-01
  0.00000E+00   5.92272E+01   1.03556E+00
  0.00000E+00   5.85985E+01   1.41006E+00
  0.00000E+00   5.81394E+01   1.63037E+00
  0.00000E+00   5.77399E+01   1.77624E+00
  0.00000E+00   5.71688E+01   1.84923E+00
  0.00000E+00   5.63901E+01   1.88527E+00
  0.00000E+00   5.55672E+01   1.89830E+00
  0.00000E+00   5.50802E+01   1.92919E+00
  0.00000E+00   5.50409E+01   1.89300E+00
  0.00000E+00   5.51439E+01   1.81977E+00
  0.00000E+00   5.53505E+01   1.68610E+00
  0.00000E+00   5.57257E+01   1.59115E+00
  0.00000E+00   5.60769E+01   1.56124E+00
  0.00000E+00   5.64412E+01   1.51125E+00
  0.00000E+00   5.71062E+01   1.47762E+00
  0.00000E+00   5.79484E+01   1.46244E+00
  0.00000E+00   5.90965E+01   1.38575E+00
  0.00000E+00   6.06052E+01   1.27195E+00
  0.00000E+00   6.21554E+01   1.08863E+00
  0.00000E+00   6.35645E+01   8.01914E-01
  0.00000E+00   6.46262E+01   4.75094E-01
  0.00000E+00   6.52562E+01   2.54873E-01
  0.00000E+00   6.55988E+01   1.76187E-01
  0.00000E+00   6.60206E+01   1.70858E-01
  0.00000E+00   6.63446E+01   2.74306E-01
  0.00000E+00   6.62686E+01   3.83972E-01
  0.00000E+00   6.57804E+01   4.55582E-01
  0.00000E+00   6.50358E+01   4.87761E-01
  0.00000E+00   6.42647E+01   4.93266E-01
  0.00000E+00   6.34629E+01   4.62786E-01
  0.00000E+00   6.28024E+01   4.88341E-01
  0.00000E+00   6.25845E+01   4.86789E-01
  0.00000E+00   6.31424E+01   4.53072E-01
  0.00000E+00   6.42577E+01   3.29224E-01
  0.00000E+00   6.55238E+01   2.41910E-01
  0.00000E+00   6.64594E+01   2.62788E-01
  0.00000E+00   6.68738E+01   2.98365E-01
  0.00000E+00   6.70005E+01   4.07002E-01
  0.00000E+00   6.66635E+01   5.79243E-01
  0.00000E+00   6.60348E+01   7.52743E-01
  0.00000E+00   6.55192E+01   9.18269E-01
  0.00000E+00   6.53535E+01   1.03835E+00
  0.00000E+00   6.54883E+01   1.08786E+00
  0.00000E+00   6.58028E+01   1.03179E+00
  0.00000E+00   6.62103E+01   1.02669E+00
  0.00000E+00   6.61870E+01   9.85606E-01
  0.00000E+00   6.54388E+01   8.25925E-01
  0.00000E+00   6.42073E+01   5.80310E-01
  0.00000E+00   6.30073E+01   3.56953E-01
  0.00000E+00   6.19794E+01   1.80612E-01
  0.00000E+00   6.11959E+01   3.84534E-02
  0.00000E+00   6.04764E+01   2.85556E-02
  0.00000E+00   5.96532E+01   1.47803E-01
  0.00000E+00   5.85124E+01   3.27667E-01
  0.00000E+00   5.73711E+01   5.08181E-01
  0.00000E+00   5.67364E+01   5.86698E-01
  0.00000E+00   5.68335E+01   5.80916E-01
  0.00000E+00   5.72821E+01   6.07042E-01
  0.00000E+00   5.76934E+01   6.98915E-01
  0.00000E+00   5.77920E+01   7.34007E-01
  0.00000E+00   5.78608E+01   6.85965E-01
  0.00000E+00   5.85443E+01   6.62147E-01
  0.00000E+00   5.95587E+01   7.30528E-01
  0.00000E+00   6.01832E+01   7.79315E-01
  0.00000E+00   5.99653E+01   8.29698E-01
  0.00000E+00   5.93135E+01   8.81716E-01
  0.00000E+00   5.85458E+01   8.14370E-01
  0.00000E+00   5.79831E+01   6.25344E-01
  0.00000E+00   5.77435E+01   3.51852E-01
  0.00000E+00   5.78563E+01   6.89205E-02
  0.00000E+00   5.84642E+01  -2.33353E-01
  0.00000E+00   5.92458E+01  -4.95889E-01
  0.00000E+00   5.97275E+01  -6.97292E-01
  0.00000E+00   5.96167E+01  -7.10383E-01
  0.00000E+00   5.90677E+01  -5.94958E-01
  0.00000E+00   5.81686E+01  -5.31523E-01
  0.00000E+00   5.75097E+01  -5.31530E-01
  0.00000E+00   5.76320E+01  -6.23978E-01
  0.00000E+00   5.84269E+01  -7.72790E-01
  0.00000E+00   5.92833E+01  -9.01071E-01
  0.00000E+00   5.97300E+01  -9.15839E-01
  0.00000E+00   5.99235E+01  -8.56246E-01
  0.00000E+00   6.02548E+01  -7.62611E-01
  0.00000E+00   6.10601E+01  -5.88128E-01
  0.00000E+00   6.21911E+01  -3.61527E-01
  0.00000E+00   6.34427E+01  -2.45330E-01
  0.00000E+00   6.46991E+01  -1.80780E-01
  0.00000E+00   6.59626E+01  -1.27584E-01
  0.00000E+00   6.68617E+01  -9.35159E-02
  0.00000E+00   6.73672E+01  -1.38950E-01
  0.00000E+00   6.77674E+01  -1.98276E-01
  0.00000E+00   6.81775E+01  -1.87125E-01
  0.00000E+00   6.87071E+01  -1.28838E-01
  0.00000E+00   6.95534E+01  -1.78351E-02
  0.00000E+00   7.07489E+01   1.08421E-01
  0.00000E+00   7.21578E+01   2.33373E-01
  0.00000E+00   7.38994E+01   3.81738E-01
  0.00000E+00   7.59598E+01   5.21368E-01
  0.00000E+00   7.80790E+01   5.97277E-01
  0.00000E+00   7.98120E+01   6.27724E-01
  0.00000E+00   8.05983E+01   6.05102E-01
  0.00000E+00   8.00297E+01   6.42802E-01
  0.00000E+00   7.85401E+01   7.85966E-01
  0.00000E+00   7.70913E+01   9.20398E-01
  0.00000E+00   7.65194E+01   1.08460E+00
  0.00000E+00   7.67408E+01   1.23864E+00
  0.00000E+00   7.71710E+01   1.38621E+00
  0.00000E+00   7.68975E+01   1.52796E+00
  0.00000E+00   7.58148E+01   1.50261E+00
  0.00000E+00   7.49305E+01   1.45386E+00
  0.00000E+00   7.49151E+01   1.34487E+00
  0.00000E+00   7.53877E+01   1.27120E+00
  0.00000E+00   7.56160E+01   1.19575E+00
  0.00000E+00   7.51631E+01   1.15826E+00
  0.00000E+00   7.38593E+01   1.19325E+00
  0.00000E+00   7.20390E+01   1.18958E+00
  0.00000E+00   7.03521E+01   1.10520E+00
  0.00000E+00   6.93985E+01   9.49444E-01
  0.00000E+00   6.96304E+01   8.05493E-01
  0.00000E+00   7.04918E+01   6.79853E-01
  0.00000E+00   7.11001E+01   5.70448E-01
  0.00000E+00   7.11603E+01   4.67574E-01
  0.00000E+00   7.09042E+01   3.79373E-01
  0.00000E+00   7.04894E+01   3.76555E-01
  0.00000E+00   6.99178E+01   3.92638E-01
  0.00000E+00   6.93806E+01   4.11384E-01
  0.00000E+00   6.92784E+01   3.91536E-01
  0.00000E+00   6.94422E+01   3.34620E-01
  0.00000E+00   6.96410E+01   2.25809E-01
  0.00000E+00   6.95411E+01   6.87078E-02
  0.00000E+00   6.89266E+01  -8.83490E-02
  0.00000E+00   6.78780E+01  -2.99482E-01
  0.00000E+00   6.69381E+01  -5.23375E-01
  0.00000E+00   6.67595E+01  -6.47102E-01
  0.00000E+00   6.73057E+01  -6.38056E-01
  0.00000E+00   6.82618E+01  -5.58671E-01
  0.00000E+00   6.91826E+01  -3.58224E-01
  0.00000E+00   6.97682E+01  -1.04523E-01
  0.00000E+00   6.99892E+01   1.97254E-01
  0.00000E+00   7.01455E+01   5.67121E-01
  0.00000E+00   7.04161E+01   8.49169E-01
  0.00000E+00   7.07684E+01   1.01830E+00
  0.00000E+00   7.13781E+01   1.26764E+00
  0.00000E+00   7.22236E+01   1.59732E+00
  0.00000E+00   7.31792E+01   1.77515E+00
  0.00000E+00   7.40927E+01   1.78820E+00
  0.00000E+00   7.46921E+01   1.69392E+00
  0.00000E+00   7.52484E+01   1.62994E+00
  0.00000E+00   7.57155E+01   1.57564E+00
  0.00000E+00   7.59128E+01   1.52214E+00
  0.00000E+00   7.55899E+01   1.51352E+00
  0.00000E+00   7.46712E+01   1.64420E+00
  0.00000E+00   7.38012E+01   1.78008E+00
  0.00000E+00   7.31581E+01   1.80238E+00
  0.00000E+00   7.23387E+01   1.72184E+00
  0.00000E+00   7.18080E+01   1.77157E+00
  0.00000E+00   7.17739E+01   1.92330E+00
  0.00000E+00   7.20752E+01   2.07244E+00
  0.00000E+00   7.23078E+01   2.13967E+00
  0.00000E+00   7.25195E+01   2.07773E+00
  0.00000E+00   7.28136E+01   1.92057E+00
  0.00000E+00   7.34212E+01   1.84645E+00
  0.00000E+00   7.43199E+01   1.80500E+00
  0.00000E+00   7.48108E+01   1.84409E+00
  0.00000E+00   7.48184E+01   1.82808E+00
  0.00000E+00   7.43757E+01   1.71208E+00
  0.00000E+00   7.38347E+01   1.62732E+00
  0.00000E+00   7.39679E+01   1.59645E+00
  0.00000E+00   7.46851E+01   1.66923E+00
  0.00000E+00   7.55608E+01   1.71368E+00
  0.00000E+00   7.64871E+01   1.71703E+00
  0.00000E+00   7.74966E+01   1.72127E+00
  0.00000E+00   7.87542E+01   1.74627E+00
  0.00000E+00   7.97691E+01   1.75965E+00
  0.00000E+00   8.01996E+01   1.66426E+00
  0.00000E+00   7.99871E+01   1.43379E+00
  0.00000E+00   7.94737E+01   1.12971E+00
  0.00000E+00   7.87275E+01   8.69766E-01
  0.00000E+00   7.75001E+01   6.51569E-01
  0.00000E+00   7.59830E+01   6.49587E-01
  0.00000E+00   7.51812E+01   6.35738E-01
  0.00000E+00   7.52812E+01   5.61738E-01
  0.00000E+00   7.59405E+01   6.33530E-01
  0.00000E+00   7.65277E+01   7.84436E-01
  0.00000E+00   7.65893E+01   8.61949E-01
  0.00000E+00   7.57972E+01   8.67975E-01
  0.00000E+00   7.34891E+01   7.93074E-01
  0.00000E+00   7.07828E+01   6.46858E-01
  0.00000E+00   6.96385E+01   4.74411E-01
  0.00000E+00   6.97473E+01   3.52084E-01
  0.00000E+00   7.02441E+01   3.18075E-01
  0.00000E+00   7.03523E+01   3.20281E-01
  0.00000E+00   7.01230E+01   3.98362E-01
  0.00000E+00   6.97581E+01   5.56842E-01
  0.00000E+00   6.97446E+01   7.58022E-01
  0.00000E+00   7.02395E+01   9.75669E-01
  0.00000E+00   7.13797E+01   1.18562E+00
  0.00000E+00   7.27954E+01   1.37149E+00
  0.00000E+00   7.36562E+01   1.44610E+00
  0.00000E+00   7.37427E+01   1.41063E+00
  0.00000E+00   7.33981E+01   1.24891E+00
  0.00000E+00   7.33474E+01   1.23712E+00
  0.00000E+00   7.40325E+01   1.26716E+00
  0.00000E+00   7.55715E+01   1.25008E+00
  0.00000E+00   7.72388E+01   1.23206E+00
  0.00000E+00   7.82585E+01   1.14370E+00
  0.00000E+00   7.85432E+01   1.02500E+00
  0.00000E+00   7.87066E+01   8.87551E-01
  0.00000E+00   7.92810E+01   7.92981E-01
  0.00000E+00   8.05378E+01   8.12916E-01
  0.00000E+00   8.23476E+01   9.10231E-01
  0.00000E+00   8.41293E+01   1.08042E+00
  0.00000E+00   8.57583E+01   1.19247E+00
  0.00000E+00   8.71604E+01   1.21709E+00
  0.00000E+00   8.84485E+01   1.15169E+00
  0.00000E+00   8.94389E+01   1.02306E+00
  0.00000E+00   8.95033E+01   9.24301E-01
  0.00000E+00   8.84732E+01   9.47530E-01
  0.00000E+00   8.63255E+01   9.10591E-01
  0.00000E+00   8.38042E+01   7.07318E-01
  0.00000E+00   8.11749E+01   5.04130E-01
  0.00000E+00   7.95376E+01   2.21581E-01
  0.00000E+00   7.92762E+01  -5.37103E-02
  0.00000E+00   7.97482E+01  -1.97624E-01
  0.00000E+00   7.99247E+01  -1.30063E-01
  0.00000E+00   7.89326E+01  -7.96973E-02
  0.00000E+00   7.71523E+01  -1.70879E-01
  0.00000E+00   7.57819E+01  -2.65812E-01
  0.00000E+00   7.53016E+01  -2.34218E-01
  0.00000E+00   7.58933E+01  -2.14114E-01
  0.00000E+00   7.68361E+01  -2.35795E-01
  0.00000E+00   7.78055E+01  -2.73045E-01
  0.00000E+00   7.86431E+01  -2.74278E-01
  0.00000E+00   7.91795E+01  -2.06664E-01
  0.00000E+00   7.95848E+01  -1.04971E-01
  0.00000E+00   8.00182E+01  -4.09301E-02
  0.00000E+00   7.99869E+01  -5.87358E-02
  0.00000E+00   7.91153E+01  -6.85356E-02
  0.00000E+00   7.70581E+01   6.15454E-02
  0.00000E+00   7.45118E+01   2.61846E-01
  0.00000E+00   7.22805E+01   2.37745E-01
  0.00000E+00   7.07589E+01   2.31868E-01
  0.00000E+00   7.04508E+01   3.50918E-01
  0.00000E+00   7.12333E+01   4.97101E-01
  0.00000E+00   7.26969E+01   5.76910E-01
  0.00000E+00   7.38357E+01   6.38645E-01
  0.00000E+00   7.39112E+01   5.58301E-01
  0.00000E+00   7.32232E+01   3.41589E-01
  0.00000E+00   7.22123E+01   7.34602E-02
  0.00000E+00   7.11785E+01  -1.48248E-01
  0.00000E+00   7.07982E+01  -2.37363E-01
  0.00000E+00   7.14087E+01  -3.35391E-01
  0.00000E+00   7.27631E+01  -4.52008E-01
  0.00000E+00   7.43274E+01  -5.46767E-01
  0.00000E+00   7.48431E+01  -5.23891E-01
  0.00000E+00   7.38283E+01  -3.09285E-01
  0.00000E+00   7.17391E+01  -4.52435E-02
  0.00000E+00   7.01190E+01   1.13615E-01
  0.00000E+00   6.97288E+01   2.59868E-01
  0.00000E+00   7.06508E+01   3.79727E-01
  0.00000E+00   7.23352E+01   4.27249E-01
  0.00000E+00   7.41958E+01   5.02285E-01
  0.00000E+00   7.57101E+01   4.91136E-01
  0.00000E+00   7.62219E+01   4.24318E-01
  0.00000E+00   7.56900E+01   3.79557E-01
  0.00000E+00   7.48489E+01   3.87600E-01
  0.00000E+00   7.45202E+01   3.27518E-01
  0.00000E+00   7.44705E+01   1.89036E-01
  0.00000E+00   7.44883E+01  -6.60493E-02
  0.00000E+00   7.43209E+01  -2.66460E-01
  0.00000E+00   7.38229E+01  -3.23896E-01
  0.00000E+00   7.26858E+01  -2.11263E-01
  0.00000E+00   7.10789E+01  -1.17967E-01
  0.00000E+00   6.98253E+01  -3.39125E-02
  0.00000E+00   6.96655E+01   1.02236E-02
  0.00000E+00   7.08624E+01   2.58475E-02
  0.00000E+00   7.29528E+01   6.02401E-02
  0.00000E+00   7.50824E+01   9.83264E-02
  0.00000E+00   7.69737E+01   1.55140E-01
  0.00000E+00   7.88634E+01   1.69847E-01
  0.00000E+00   8.06031E+01   1.70227E-01
  0.00000E+00   8.22649E+01   2.30111E-01
  0.00000E+00   8.42520E+01   2.76730E-01
  0.00000E+00   8.66518E+01   3.45975E-01
  0.00000E+00   8.92575E+01   4.87137E-01
  0.00000E+00   9.12225E+01   5.33104E-01
  0.00000E+00   9.19745E+01   5.32119E-01
  0.00000E+00   9.15656E+01   4.65459E-01
  0.00000E+00   9.07002E+01   3.97926E-01
  0.00000E+00   9.04616E+01   4.98558E-01
  0.00000E+00   9.16298E+01   6.26450E-01
  0.00000E+00   9.46480E+01   7.40953E-01
  0.00000E+00   9.82306E+01   9.28586E-01
  0.00000E+00   1.00266E+02   1.10330E+00
  0.00000E+00   9.92498E+01   1.35256E+00
  0.00000E+00   9.55914E+01   1.54003E+00
  0.00000E+00   9.16557E+01   1.49812E+00
  0.00000E+00   8.92893E+01   1.24146E+00
  0.00000E+00   8.95474E+01   1.14926E+00
  0.00000E+00   9.19406E+01   1.19255E+00
  0.00000E+00   9.42939E+01   1.31889E+00
  0.00000E+00   9.45148E+01   1.34224E+00
  0.00000E+00   9.19837E+01   1.42424E+00
  0.00000E+00   8.79887E+01   1.50756E+00
  0.00000E+00   8.44923E+01   1.38234E+00
  0.00000E+00   8.33187E+01   1.01233E+00
  0.00000E+00   8.41849E+01   6.38425E-01
