  0.00000E+00  -2.48383E-03   2.46191E-05
  0.00000E+00  -2.42693E-03  -3.02100E-06
  0.00000E+00  -2.20703E-03   3.61379E-05
  0.00000E+00  -1.85897E-03   1.81422E-05
  0.00000E+00  -1.42057E-03   1.98757E-05
  0.00000E+00  -1.10687E-03   3.13764E-05
  0.00000E+00  -8.30274E-04   3.95198E-05
  0.00000E+00  -7.44522E-04  -1.95203E-06
  0.00000E+00  -5.39735E-04  -1.08520E-05
  0.00000E+00  -4.03166E-04  -9.74866E-06
  0.00000E+00  -3.01712E-04   1.36746E-05
  0.00000E+00  -2.37960E-04   2.15859E-05
  0.00000E+00  -2.32750E-04   2.22550E-05
  0.00000E+00  -1.77820E-04   1.37967E-05
  0.00000E+00  -1.55212E-04   1.00455E-05
  0.00000E+00  -1.34862E-04   8.24136E-06
  0.00000E+00  -1.05238E-04   7.85587E-06
  0.00000E+00  -6.87435E-05   3.85864E-06
  0.00000E+00  -5.05212E-05   4.05808E-07
  0.00000E+00  -4.09689E-05  -1.17972E-07
  0.00000E+00  -3.78954E-05   1.31928E-06
  0.00000E+00  -3.23845E-05   2.08495E-06
  0.00000E+00  -2.91010E-05   1.61956E-06
  0.00000E+00  -2.66865E-05   9.12522E-07
  0.00000E+00  -2.56769E-05   4.74721E-07
  0.00000E+00  -2.27583E-05   3.07961E-07
  0.00000E+00  -2.31606E-05   4.40556E-07
  0.00000E+00  -1.79645E-05   2.88625E-07
  0.00000E+00  -1.44256E-05   4.40027E-07
  0.00000E+00  -1.12365E-05   3.39410E-07
  0.00000E+00  -1.04707E-05   1.08214E-07
  0.00000E+00  -8.03479E-06   2.15873E-07
  0.00000E+00  -5.76019E-06   2.95645E-07
  0.00000E+00  -4.82945E-06   3.08016E-07
  0.00000E+00  -4.70406E-06   2.84059E-07
  0.00000E+00  -4.45224E-06   1.92598E-07
  0.00000E+00  -4.42046E-06   2.55242E-07
  0.00000E+00  -3.50565E-06   3.16237E-07
  0.00000E+00  -2.91416E-06   2.75175E-07
  0.00000E+00  -2.35904E-06   1.52842E-07
  0.00000E+00  -1.86754E-06   1.55252E-07
  0.00000E+00  -1.59375E-06   1.44568E-07
  0.00000E+00  -1.72508E-06   1.44385E-07
  0.00000E+00  -1.31193E-06   1.82528E-07
  0.00000E+00  -1.25770E-06   1.67126E-07
  0.00000E+00  -1.14932E-06   1.52937E-07
  0.00000E+00  -9.43989E-07   1.23445E-07
  0.00000E+00  -8.13172E-07   6.91863E-08
  0.00000E+00  -5.97856E-07   5.91487E-08
  0.00000E+00  -5.99021E-07   2.37176E-08
  0.00000E+00  -5.67209E-07  -3.96570E-09
  0.00000E+00  -6.07255E-07  -7.67326E-09
  0.00000E+00  -4.69074E-07  -2.91513E-08
  0.00000E+00  -5.27165E-07  -4.85098E-08
  0.00000E+00  -2.88817E-07  -4.38487E-08
  0.00000E+00  -3.15443E-07  -4.44711E-08
  0.00000E+00  -2.85979E-07  -3.36523E-08
  0.00000E+00  -2.36287E-07  -3.67546E-08
  0.00000E+00  -3.57064E-07  -3.48620E-08
  0.00000E+00  -1.90643E-07  -3.85488E-08
  0.00000E+00  -1.33235E-07  -3.19252E-08
  0.00000E+00  -1.19369E-07  -2.44758E-08
  0.00000E+00  -3.41253E-08  -1.30359E-08
  0.00000E+00   1.77420E-08  -1.33268E-09
  0.00000E+00   2.54715E-08   4.02809E-09
  0.00000E+00   1.79823E-08   1.25387E-08
  0.00000E+00   5.73792E-08   1.62004E-08
  0.00000E+00   5.83355E-08   1.67212E-08
  0.00000E+00   9.34780E-08   2.09632E-08
  0.00000E+00   1.76210E-08   2.04289E-08
  0.00000E+00   2.46006E-08   2.01775E-08
  0.00000E+00   2.20008E-08   2.11366E-08
  0.00000E+00   3.93674E-08   1.62594E-08
  0.00000E+00   3.64137E-08   1.25399E-08
  0.00000E+00   3.48358E-08   7.94394E-09
  0.00000E+00   7.96914E-08   4.67432E-09
  0.00000E+00   1.01888E-07   4.01629E-09
  0.00000E+00   8.20116E-08   2.66601E-10
  0.00000E+00   6.49873E-08   7.89405E-10
  0.00000E+00   1.01594E-07  -1.83522E-09
  0.00000E+00   8.37163E-08  -4.46967E-09
  0.00000E+00   9.13411E-08  -6.48279E-09
  0.00000E+00   1.04855E-07  -8.60114E-09
  0.00000E+00   1.00478E-07  -9.20472E-09
  0.00000E+00   8.99677E-08  -1.06748E-08
  0.00000E+00   8.83266E-08  -1.25517E-08
  0.00000E+00   8.36580E-08  -1.27182E-08
  0.00000E+00   1.01379E-07  -1.13451E-08
  0.00000E+00   9.43723E-08  -1.04175E-08
  0.00000E+00   1.03687E-07  -9.33755E-09
  0.00000E+00   9.45847E-08  -8.81088E-09
  0.00000E+00   7.51010E-08  -8.14472E-09
  0.00000E+00   6.88256E-08  -6.36232E-09
  0.00000E+00   7.53183E-08  -4.96536E-09
  0.00000E+00   6.63527E-08  -3.90691E-09
  0.00000E+00   6.73912E-08  -3.04473E-09
  0.00000E+00   7.64904E-08  -1.44219E-09
  0.00000E+00   6.42344E-08  -9.00042E-10
  0.00000E+00   6.21469E-08  -6.41416E-10
  0.00000E+00   5.40629E-08   2.92402E-10
  0.00000E+00   5.13723E-08   5.57997E-10
  0.00000E+00   5.87041E-08   8.07624E-10
  0.00000E+00   4.61893E-08  -3.68735E-11
  0.00000E+00   5.72349E-08   6.52219E-10
  0.00000E+00   4.88300E-08   3.77083E-10
  0.00000E+00   5.59877E-08   2.51543E-10
  0.00000E+00   4.66326E-08   6.02403E-10
  0.00000E+00   4.43143E-08   6.38920E-10
  0.00000E+00   4.40450E-08   9.74268E-10
  0.00000E+00   4.29518E-08   7.33277E-10
  0.00000E+00   3.95967E-08   1.31005E-09
  0.00000E+00   4.20432E-08   1.31938E-09
  0.00000E+00   4.12058E-08   1.63720E-09
  0.00000E+00   4.16001E-08   1.46173E-09
  0.00000E+00   4.06569E-08   1.53366E-09
  0.00000E+00   4.58606E-08   1.22175E-09
  0.00000E+00   4.19347E-08   1.65051E-09
  0.00000E+00   4.01099E-08   1.75921E-09
  0.00000E+00   3.96376E-08   1.50965E-09
  0.00000E+00   3.85546E-08   1.39051E-09
  0.00000E+00   4.05855E-08   1.37907E-09
  0.00000E+00   4.08204E-08   1.30516E-09
  0.00000E+00   4.06259E-08   1.26447E-09
  0.00000E+00   4.12215E-08   1.38366E-09
  0.00000E+00   3.86260E-08   1.57758E-09
  0.00000E+00   3.75150E-08   1.44713E-09
  0.00000E+00   3.49815E-08   1.27742E-09
  0.00000E+00   3.45107E-08   1.40941E-09
  0.00000E+00   3.29035E-08   1.60092E-09
  0.00000E+00   3.36679E-08   1.82402E-09
  0.00000E+00   3.05975E-08   1.79914E-09
  0.00000E+00   2.88830E-08   1.57507E-09
  0.00000E+00   2.77212E-08   1.54194E-09
  0.00000E+00   2.78487E-08   1.69670E-09
  0.00000E+00   2.71842E-08   1.82260E-09
  0.00000E+00   2.85891E-08   1.94301E-09
  0.00000E+00   2.82613E-08   1.92823E-09
  0.00000E+00   2.67397E-08   1.79802E-09
  0.00000E+00   2.55776E-08   1.70290E-09
  0.00000E+00   2.60602E-08   1.46345E-09
  0.00000E+00   2.22433E-08   1.18227E-09
  0.00000E+00   2.17286E-08   1.13894E-09
  0.00000E+00   2.17281E-08   1.18713E-09
  0.00000E+00   2.26718E-08   1.26636E-09
  0.00000E+00   2.16689E-08   1.33627E-09
  0.00000E+00   2.23387E-08   1.39474E-09
  0.00000E+00   2.28536E-08   1.25347E-09
  0.00000E+00   2.17583E-08   1.24883E-09
  0.00000E+00   1.92781E-08   1.20878E-09
  0.00000E+00   2.04640E-08   1.10586E-09
  0.00000E+00   1.94372E-08   9.77236E-10
  0.00000E+00   2.05680E-08   8.73181E-10
  0.00000E+00   2.11351E-08   7.99101E-10
  0.00000E+00   2.06685E-08   9.01778E-10
  0.00000E+00   2.00499E-08   1.01185E-09
  0.00000E+00   1.98224E-08   1.03222E-09
  0.00000E+00   1.87266E-08   1.01772E-09
  0.00000E+00   1.92216E-08   8.97262E-10
  0.00000E+00   1.95973E-08   8.52139E-10
  0.00000E+00   1.97008E-08   8.20309E-10
  0.00000E+00   1.80322E-08   7.56111E-10
  0.00000E+00   1.84040E-08   7.66304E-10
  0.00000E+00   1.76118E-08   6.81811E-10
  0.00000E+00   1.84725E-08   6.36510E-10
  0.00000E+00   1.86912E-08   6.18344E-10
  0.00000E+00   1.80839E-08   6.50700E-10
  0.00000E+00   1.70674E-08   6.43105E-10
  0.00000E+00   1.61884E-08   6.06977E-10
  0.00000E+00   1.53069E-08   5.54938E-10
  0.00000E+00   1.51912E-08   5.59098E-10
  0.00000E+00   1.48749E-08   5.69642E-10
  0.00000E+00   1.45535E-08   5.92383E-10
  0.00000E+00   1.45070E-08   5.58415E-10
  0.00000E+00   1.40601E-08   4.85533E-10
  0.00000E+00   1.33501E-08   4.89455E-10
  0.00000E+00   1.24800E-08   4.92198E-10
  0.00000E+00   1.24639E-08   5.12329E-10
  0.00000E+00   1.20843E-08   4.88442E-10
  0.00000E+00   1.12968E-08   4.71975E-10
  0.00000E+00   1.09882E-08   4.32605E-10
  0.00000E+00   1.05596E-08   3.78863E-10
  0.00000E+00   9.95527E-09   3.40791E-10
  0.00000E+00   9.36721E-09   3.17368E-10
  0.00000E+00   9.31393E-09   2.72006E-10
  0.00000E+00   8.88511E-09   2.41302E-10
  0.00000E+00   9.31250E-09   1.75353E-10
  0.00000E+00   8.73464E-09   1.22039E-10
  0.00000E+00   8.24688E-09   1.12065E-10
  0.00000E+00   7.73688E-09   1.18015E-10
  0.00000E+00   7.60806E-09   1.18614E-10
  0.00000E+00   7.79737E-09   1.14650E-10
  0.00000E+00   7.83669E-09   8.60065E-11
  0.00000E+00   7.50025E-09   6.32396E-11
  0.00000E+00   7.00263E-09   5.54989E-11
  0.00000E+00   7.10748E-09   2.58638E-11
  0.00000E+00   6.82953E-09   2.04121E-11
  0.00000E+00   6.44519E-09   1.34780E-11
  0.00000E+00   6.32272E-09   3.42450E-11
  0.00000E+00   6.33671E-09   1.31075E-11
  0.00000E+00   6.19058E-09  -9.12066E-12
  0.00000E+00   6.07382E-09  -2.01837E-11
  0.00000E+00   6.07923E-09  -4.26243E-11
  0.00000E+00   6.25856E-09  -8.28709E-11
  0.00000E+00   6.32167E-09  -1.21983E-10
  0.00000E+00   6.37315E-09  -1.42246E-10
  0.00000E+00   6.23413E-09  -1.53621E-10
  0.00000E+00   6.14746E-09  -1.32247E-10
  0.00000E+00   5.89595E-09  -9.93754E-11
  0.00000E+00   5.73076E-09  -8.43137E-11
  0.00000E+00   5.85444E-09  -7.84864E-11
  0.00000E+00   6.01219E-09  -9.20709E-11
  0.00000E+00   5.76307E-09  -9.56412E-11
  0.00000E+00   5.77459E-09  -1.00237E-10
  0.00000E+00   5.67623E-09  -1.03491E-10
  0.00000E+00   5.60868E-09  -9.47780E-11
  0.00000E+00   5.45695E-09  -8.86520E-11
  0.00000E+00   5.61566E-09  -6.97473E-11
  0.00000E+00   5.57870E-09  -5.87162E-11
  0.00000E+00   5.41204E-09  -6.48113E-11
  0.00000E+00   5.33787E-09  -6.37220E-11
  0.00000E+00   5.38463E-09  -7.41142E-11
  0.00000E+00   5.44477E-09  -8.12148E-11
  0.00000E+00   5.34219E-09  -7.45639E-11
  0.00000E+00   5.30010E-09  -6.72564E-11
  0.00000E+00   5.27434E-09  -5.93135E-11
  0.00000E+00   5.23079E-09  -5.98164E-11
  0.00000E+00   5.00011E-09  -7.91804E-11
  0.00000E+00   4.94161E-09  -1.05348E-10
  0.00000E+00   5.05887E-09  -1.08221E-10
  0.00000E+00   5.05025E-09  -9.35516E-11
  0.00000E+00   4.79799E-09  -7.97596E-11
  0.00000E+00   4.69772E-09  -7.32998E-11
  0.00000E+00   4.61995E-09  -8.34912E-11
  0.00000E+00   4.58296E-09  -8.74658E-11
  0.00000E+00   4.64769E-09  -1.02062E-10
  0.00000E+00   4.61727E-09  -1.12293E-10
  0.00000E+00   4.56194E-09  -1.09023E-10
  0.00000E+00   4.46857E-09  -1.01947E-10
  0.00000E+00   4.35547E-09  -8.92295E-11
  0.00000E+00   4.24838E-09  -8.21954E-11
  0.00000E+00   4.21682E-09  -8.32983E-11
  0.00000E+00   4.17286E-09  -9.06638E-11
  0.00000E+00   4.08751E-09  -1.07502E-10
  0.00000E+00   4.05559E-09  -1.18461E-10
  0.00000E+00   4.00426E-09  -1.18392E-10
  0.00000E+00   3.85306E-09  -1.14651E-10
  0.00000E+00   3.76787E-09  -1.10149E-10
  0.00000E+00   3.73549E-09  -1.04558E-10
  0.00000E+00   3.69458E-09  -9.89535E-11
  0.00000E+00   3.65241E-09  -9.90258E-11
  0.00000E+00   3.58300E-09  -9.33662E-11
  0.00000E+00   3.50971E-09  -7.78432E-11
  0.00000E+00   3.48596E-09  -6.19561E-11
  0.00000E+00   3.48074E-09  -5.53239E-11
  0.00000E+00   3.45328E-09  -5.38709E-11
  0.00000E+00   3.42804E-09  -5.21958E-11
  0.00000E+00   3.30736E-09  -5.02325E-11
  0.00000E+00   3.15591E-09  -5.52121E-11
  0.00000E+00   3.11744E-09  -5.49808E-11
  0.00000E+00   3.14443E-09  -5.15175E-11
  0.00000E+00   3.13480E-09  -4.79045E-11
  0.00000E+00   3.07522E-09  -4.75197E-11
  0.00000E+00   2.99810E-09  -5.05663E-11
  0.00000E+00   2.94888E-09  -5.10662E-11
  0.00000E+00   2.92345E-09  -4.97683E-11
  0.00000E+00   2.91439E-09  -4.40430E-11
  0.00000E+00   2.93634E-09  -3.67262E-11
  0.00000E+00   2.93538E-09  -3.32222E-11
  0.00000E+00   2.91955E-09  -3.43481E-11
  0.00000E+00   2.88407E-09  -3.71603E-11
  0.00000E+00   2.81746E-09  -3.89101E-11
  0.00000E+00   2.79289E-09  -4.11499E-11
  0.00000E+00   2.73674E-09  -4.23355E-11
  0.00000E+00   2.73255E-09  -4.18755E-11
  0.00000E+00   2.77456E-09  -3.72354E-11
  0.00000E+00   2.76123E-09  -2.95429E-11
  0.00000E+00   2.70521E-09  -2.76855E-11
  0.00000E+00   2.69051E-09  -3.13658E-11
  0.00000E+00   2.69002E-09  -3.76683E-11
  0.00000E+00   2.68603E-09  -4.59616E-11
  0.00000E+00   2.67768E-09  -5.29855E-11
  0.00000E+00   2.64185E-09  -5.67511E-11
  0.00000E+00   2.58271E-09  -5.68217E-11
  0.00000E+00   2.53300E-09  -5.49883E-11
  0.00000E+00   2.48191E-09  -5.12748E-11
  0.00000E+00   2.45592E-09  -4.84115E-11
  0.00000E+00   2.45483E-09  -4.60219E-11
  0.00000E+00   2.43356E-09  -4.32257E-11
  0.00000E+00   2.40320E-09  -4.20869E-11
  0.00000E+00   2.38059E-09  -4.13225E-11
  0.00000E+00   2.37480E-09  -4.07028E-11
  0.00000E+00   2.35533E-09  -4.05120E-11
  0.00000E+00   2.32569E-09  -4.10471E-11
  0.00000E+00   2.28146E-09  -4.20545E-11
  0.00000E+00   2.21574E-09  -4.20051E-11
  0.00000E+00   2.17567E-09  -4.13360E-11
  0.00000E+00   2.14800E-09  -4.03823E-11
  0.00000E+00   2.13063E-09  -3.70638E-11
  0.00000E+00   2.10929E-09  -3.12384E-11
  0.00000E+00   2.09828E-09  -2.70810E-11
  0.00000E+00   2.07705E-09  -2.57838E-11
  0.00000E+00   2.05743E-09  -2.78421E-11
  0.00000E+00   2.02570E-09  -3.04588E-11
  0.00000E+00   1.98407E-09  -3.47959E-11
  0.00000E+00   1.93817E-09  -3.84540E-11
  0.00000E+00   1.90083E-09  -3.69759E-11
  0.00000E+00   1.86168E-09  -3.26850E-11
  0.00000E+00   1.81691E-09  -2.80473E-11
  0.00000E+00   1.75956E-09  -2.40515E-11
  0.00000E+00   1.70124E-09  -2.03318E-11
  0.00000E+00   1.65952E-09  -1.80783E-11
  0.00000E+00   1.64210E-09  -1.66288E-11
  0.00000E+00   1.61208E-09  -1.53276E-11
  0.00000E+00   1.57968E-09  -1.44950E-11
  0.00000E+00   1.55252E-09  -1.42182E-11
  0.00000E+00   1.52156E-09  -1.41495E-11
  0.00000E+00   1.48140E-09  -1.43911E-11
  0.00000E+00   1.44980E-09  -1.39024E-11
  0.00000E+00   1.41520E-09  -1.25637E-11
  0.00000E+00   1.37701E-09  -1.10494E-11
  0.00000E+00   1.34186E-09  -1.04426E-11
  0.00000E+00   1.30807E-09  -1.08276E-11
  0.00000E+00   1.28720E-09  -1.18118E-11
  0.00000E+00   1.26549E-09  -1.21906E-11
  0.00000E+00   1.23846E-09  -1.06592E-11
  0.00000E+00   1.21475E-09  -8.72111E-12
  0.00000E+00   1.19773E-09  -7.81979E-12
  0.00000E+00   1.16062E-09  -7.78025E-12
  0.00000E+00   1.13121E-09  -8.60323E-12
  0.00000E+00   1.10730E-09  -9.83101E-12
  0.00000E+00   1.08513E-09  -1.02988E-11
  0.00000E+00   1.05749E-09  -1.00076E-11
  0.00000E+00   1.03350E-09  -9.45802E-12
  0.00000E+00   1.01997E-09  -7.95595E-12
  0.00000E+00   1.00447E-09  -6.53707E-12
  0.00000E+00   9.92779E-10  -6.14540E-12
  0.00000E+00   9.77547E-10  -6.49534E-12
  0.00000E+00   9.64757E-10  -6.29436E-12
  0.00000E+00   9.55972E-10  -4.92834E-12
  0.00000E+00   9.45237E-10  -3.22601E-12
  0.00000E+00   9.29188E-10  -1.14660E-12
  0.00000E+00   9.20684E-10   1.00870E-12
  0.00000E+00   9.10017E-10   3.02739E-12
  0.00000E+00   9.00868E-10   4.03871E-12
  0.00000E+00   9.01853E-10   3.82294E-12
  0.00000E+00   9.03933E-10   3.30435E-12
  0.00000E+00   8.94167E-10   3.18738E-12
  0.00000E+00   8.83913E-10   3.24578E-12
  0.00000E+00   8.78679E-10   3.42976E-12
  0.00000E+00   8.72508E-10   3.84902E-12
  0.00000E+00   8.71515E-10   4.15083E-12
  0.00000E+00   8.70028E-10   4.04929E-12
  0.00000E+00   8.68128E-10   4.11590E-12
  0.00000E+00   8.63187E-10   4.45924E-12
  0.00000E+00   8.58852E-10   4.93214E-12
  0.00000E+00   8.50379E-10   5.01776E-12
  0.00000E+00   8.43157E-10   5.47093E-12
  0.00000E+00   8.40123E-10   6.54148E-12
  0.00000E+00   8.36973E-10   7.31551E-12
  0.00000E+00   8.30713E-10   7.43267E-12
  0.00000E+00   8.27025E-10   7.63157E-12
  0.00000E+00   8.17001E-10   7.88801E-12
  0.00000E+00   8.07021E-10   7.79407E-12
  0.00000E+00   7.98256E-10   7.84621E-12
  0.00000E+00   7.92215E-10   8.20736E-12
  0.00000E+00   7.85135E-10   8.41253E-12
  0.00000E+00   7.77751E-10   9.20558E-12
  0.00000E+00   7.69417E-10   1.05263E-11
  0.00000E+00   7.64281E-10   1.23083E-11
  0.00000E+00   7.59832E-10   1.42023E-11
  0.00000E+00   7.53926E-10   1.60158E-11
  0.00000E+00   7.48637E-10   1.73590E-11
  0.00000E+00   7.44078E-10   1.83986E-11
  0.00000E+00   7.39209E-10   1.92889E-11
  0.00000E+00   7.34332E-10   1.98154E-11
  0.00000E+00   7.28915E-10   2.03577E-11
  0.00000E+00   7.22279E-10   2.09044E-11
  0.00000E+00   7.11449E-10   2.12160E-11
  0.00000E+00   6.99939E-10   2.13628E-11
  0.00000E+00   6.89296E-10   2.17896E-11
  0.00000E+00   6.80653E-10   2.23918E-11
  0.00000E+00   6.74727E-10   2.27695E-11
  0.00000E+00   6.67687E-10   2.31315E-11
  0.00000E+00   6.59829E-10   2.33809E-11
  0.00000E+00   6.53595E-10   2.32992E-11
  0.00000E+00   6.47859E-10   2.28625E-11
  0.00000E+00   6.42277E-10   2.21311E-11
  0.00000E+00   6.37805E-10   2.11635E-11
  0.00000E+00   6.31722E-10   2.02761E-11
  0.00000E+00   6.21977E-10   1.97524E-11
  0.00000E+00   6.13767E-10   1.95972E-11
  0.00000E+00   6.05689E-10   1.96999E-11
  0.00000E+00   5.96120E-10   2.01003E-11
  0.00000E+00   5.86467E-10   2.04703E-11
  0.00000E+00   5.79465E-10   2.04623E-11
  0.00000E+00   5.73192E-10   1.99686E-11
  0.00000E+00   5.67884E-10   1.90540E-11
  0.00000E+00   5.61729E-10   1.80583E-11
  0.00000E+00   5.54366E-10   1.74615E-11
  0.00000E+00   5.45788E-10   1.74879E-11
  0.00000E+00   5.38727E-10   1.79472E-11
  0.00000E+00   5.31913E-10   1.85154E-11
  0.00000E+00   5.24712E-10   1.89774E-11
  0.00000E+00   5.17290E-10   1.91709E-11
  0.00000E+00   5.09260E-10   1.89166E-11
  0.00000E+00   5.01014E-10   1.82969E-11
  0.00000E+00   4.93248E-10   1.76143E-11
  0.00000E+00   4.85612E-10   1.72221E-11
  0.00000E+00   4.79159E-10   1.71188E-11
  0.00000E+00   4.75108E-10   1.71499E-11
  0.00000E+00   4.70707E-10   1.72564E-11
  0.00000E+00   4.66531E-10   1.72705E-11
  0.00000E+00   4.62866E-10   1.71880E-11
  0.00000E+00   4.57636E-10   1.71102E-11
  0.00000E+00   4.50674E-10   1.72146E-11
  0.00000E+00   4.44510E-10   1.74589E-11
  0.00000E+00   4.39329E-10   1.76561E-11
  0.00000E+00   4.34148E-10   1.76969E-11
  0.00000E+00   4.29391E-10   1.76391E-11
  0.00000E+00   4.24709E-10   1.75182E-11
  0.00000E+00   4.19352E-10   1.72703E-11
  0.00000E+00   4.14404E-10   1.69478E-11
  0.00000E+00   4.09293E-10   1.66984E-11
  0.00000E+00   4.03662E-10   1.64848E-11
  0.00000E+00   3.97371E-10   1.63546E-11
  0.00000E+00   3.91146E-10   1.63309E-11
  0.00000E+00   3.84850E-10   1.62905E-11
  0.00000E+00   3.79701E-10   1.61782E-11
  0.00000E+00   3.75421E-10   1.60076E-11
  0.00000E+00   3.71735E-10   1.57964E-11
  0.00000E+00   3.68281E-10   1.55433E-11
  0.00000E+00   3.63941E-10   1.52570E-11
  0.00000E+00   3.58433E-10   1.48993E-11
  0.00000E+00   3.52954E-10   1.45181E-11
  0.00000E+00   3.47909E-10   1.42056E-11
  0.00000E+00   3.43317E-10   1.39695E-11
  0.00000E+00   3.39424E-10   1.38078E-11
  0.00000E+00   3.36053E-10   1.37161E-11
  0.00000E+00   3.32928E-10   1.36623E-11
  0.00000E+00   3.30241E-10   1.35895E-11
  0.00000E+00   3.27255E-10   1.34903E-11
  0.00000E+00   3.23511E-10   1.33520E-11
  0.00000E+00   3.19747E-10   1.31884E-11
  0.00000E+00   3.16410E-10   1.30373E-11
  0.00000E+00   3.13331E-10   1.28605E-11
  0.00000E+00   3.10252E-10   1.26773E-11
  0.00000E+00   3.06928E-10   1.25458E-11
  0.00000E+00   3.02982E-10   1.24974E-11
  0.00000E+00   2.98596E-10   1.24744E-11
  0.00000E+00   2.94796E-10   1.24718E-11
  0.00000E+00   2.91561E-10   1.24985E-11
  0.00000E+00   2.88830E-10   1.25347E-11
  0.00000E+00   2.86203E-10   1.25506E-11
  0.00000E+00   2.83387E-10   1.25220E-11
  0.00000E+00   2.80582E-10   1.24617E-11
  0.00000E+00   2.77945E-10   1.23792E-11
  0.00000E+00   2.74932E-10   1.22807E-11
  0.00000E+00   2.71852E-10   1.22086E-11
  0.00000E+00   2.68806E-10   1.22257E-11
  0.00000E+00   2.65586E-10   1.23356E-11
  0.00000E+00   2.62177E-10   1.24759E-11
  0.00000E+00   2.59089E-10   1.26113E-11
  0.00000E+00   2.56079E-10   1.27048E-11
  0.00000E+00   2.52905E-10   1.26930E-11
  0.00000E+00   2.49705E-10   1.25494E-11
  0.00000E+00   2.46390E-10   1.23357E-11
  0.00000E+00   2.42804E-10   1.20980E-11
  0.00000E+00   2.39098E-10   1.18602E-11
  0.00000E+00   2.35827E-10   1.16404E-11
  0.00000E+00   2.33096E-10   1.14537E-11
  0.00000E+00   2.30932E-10   1.12558E-11
  0.00000E+00   2.28869E-10   1.10251E-11
  0.00000E+00   2.26593E-10   1.07660E-11
  0.00000E+00   2.24054E-10   1.05356E-11
  0.00000E+00   2.21250E-10   1.03690E-11
  0.00000E+00   2.18309E-10   1.02611E-11
  0.00000E+00   2.15768E-10   1.01860E-11
  0.00000E+00   2.13540E-10   1.01061E-11
  0.00000E+00   2.11362E-10   9.98119E-12
  0.00000E+00   2.09300E-10   9.77076E-12
  0.00000E+00   2.07292E-10   9.50610E-12
  0.00000E+00   2.05310E-10   9.24467E-12
  0.00000E+00   2.03586E-10   9.03420E-12
  0.00000E+00   2.02032E-10   8.90833E-12
  0.00000E+00   2.00299E-10   8.86104E-12
  0.00000E+00   1.98511E-10   8.85182E-12
  0.00000E+00   1.96572E-10   8.84110E-12
  0.00000E+00   1.94405E-10   8.81353E-12
  0.00000E+00   1.92237E-10   8.77547E-12
  0.00000E+00   1.90193E-10   8.74417E-12
  0.00000E+00   1.88176E-10   8.70263E-12
  0.00000E+00   1.86302E-10   8.62275E-12
  0.00000E+00   1.84745E-10   8.50742E-12
  0.00000E+00   1.83232E-10   8.37843E-12
  0.00000E+00   1.81425E-10   8.26338E-12
  0.00000E+00   1.79553E-10   8.17598E-12
  0.00000E+00   1.77732E-10   8.10847E-12
  0.00000E+00   1.76043E-10   8.04398E-12
  0.00000E+00   1.74485E-10   7.97498E-12
  0.00000E+00   1.72904E-10   7.89962E-12
  0.00000E+00   1.71408E-10   7.82902E-12
  0.00000E+00   1.70050E-10   7.78261E-12
  0.00000E+00   1.68814E-10   7.75199E-12
  0.00000E+00   1.67721E-10   7.71536E-12
  0.00000E+00   1.66824E-10   7.65520E-12
  0.00000E+00   1.65798E-10   7.56101E-12
  0.00000E+00   1.64536E-10   7.42391E-12
  0.00000E+00   1.63091E-10   7.26538E-12
  0.00000E+00   1.61474E-10   7.11155E-12
  0.00000E+00   1.59754E-10   6.97225E-12
  0.00000E+00   1.58112E-10   6.84929E-12
  0.00000E+00   1.56596E-10   6.73204E-12
  0.00000E+00   1.55192E-10   6.60677E-12
  0.00000E+00   1.53916E-10   6.46731E-12
  0.00000E+00   1.52768E-10   6.31076E-12
  0.00000E+00   1.51509E-10   6.14496E-12
  0.00000E+00   1.50116E-10   5.98481E-12
  0.00000E+00   1.48637E-10   5.83590E-12
  0.00000E+00   1.47123E-10   5.68731E-12
  0.00000E+00   1.45653E-10   5.53137E-12
  0.00000E+00   1.44296E-10   5.36846E-12
  0.00000E+00   1.43075E-10   5.19397E-12
  0.00000E+00   1.41977E-10   5.01211E-12
  0.00000E+00   1.40852E-10   4.84126E-12
  0.00000E+00   1.39634E-10   4.69292E-12
  0.00000E+00   1.38379E-10   4.56611E-12
  0.00000E+00   1.37092E-10   4.46020E-12
  0.00000E+00   1.35829E-10   4.36956E-12
  0.00000E+00   1.34708E-10   4.27454E-12
  0.00000E+00   1.33703E-10   4.16013E-12
  0.00000E+00   1.32697E-10   4.02484E-12
  0.00000E+00   1.31656E-10   3.87696E-12
  0.00000E+00   1.30536E-10   3.73066E-12
  0.00000E+00   1.29287E-10   3.59661E-12
  0.00000E+00   1.27948E-10   3.47813E-12
  0.00000E+00   1.26586E-10   3.37294E-12
  0.00000E+00   1.25229E-10   3.27657E-12
  0.00000E+00   1.23884E-10   3.18387E-12
  0.00000E+00   1.22584E-10   3.09126E-12
  0.00000E+00   1.21283E-10   2.99467E-12
  0.00000E+00   1.19961E-10   2.89018E-12
  0.00000E+00   1.18606E-10   2.78242E-12
  0.00000E+00   1.17210E-10   2.67957E-12
  0.00000E+00   1.15815E-10   2.58885E-12
  0.00000E+00   1.14488E-10   2.51465E-12
  0.00000E+00   1.13165E-10   2.45402E-12
  0.00000E+00   1.11840E-10   2.39656E-12
  0.00000E+00   1.10563E-10   2.33404E-12
  0.00000E+00   1.09291E-10   2.26552E-12
  0.00000E+00   1.07979E-10   2.18920E-12
  0.00000E+00   1.06622E-10   2.10499E-12
  0.00000E+00   1.05219E-10   2.01975E-12
  0.00000E+00   1.03783E-10   1.94072E-12
  0.00000E+00   1.02361E-10   1.87017E-12
  0.00000E+00   1.00960E-10   1.80781E-12
  0.00000E+00   9.95893E-11   1.75246E-12
  0.00000E+00   9.82715E-11   1.70354E-12
  0.00000E+00   9.69915E-11   1.65899E-12
  0.00000E+00   9.57061E-11   1.61457E-12
  0.00000E+00   9.44279E-11   1.56902E-12
  0.00000E+00   9.31410E-11   1.52139E-12
  0.00000E+00   9.18084E-11   1.46857E-12
  0.00000E+00   9.04498E-11   1.41162E-12
  0.00000E+00   8.91035E-11   1.35352E-12
  0.00000E+00   8.77748E-11   1.29433E-12
  0.00000E+00   8.65121E-11   1.23253E-12
  0.00000E+00   8.53402E-11   1.16880E-12
  0.00000E+00   8.42626E-11   1.10566E-12
  0.00000E+00   8.32705E-11   1.04810E-12
  0.00000E+00   8.23312E-11   1.00054E-12
  0.00000E+00   8.14107E-11   9.62970E-13
  0.00000E+00   8.05356E-11   9.31937E-13
  0.00000E+00   7.96983E-11   8.99883E-13
  0.00000E+00   7.88932E-11   8.60060E-13
  0.00000E+00   7.81248E-11   8.14189E-13
  0.00000E+00   7.73762E-11   7.71531E-13
  0.00000E+00   7.66256E-11   7.38774E-13
  0.00000E+00   7.58962E-11   7.19699E-13
  0.00000E+00   7.52059E-11   7.15734E-13
  0.00000E+00   7.45538E-11   7.22400E-13
  0.00000E+00   7.39272E-11   7.33058E-13
  0.00000E+00   7.33142E-11   7.44214E-13
  0.00000E+00   7.26862E-11   7.54319E-13
  0.00000E+00   7.20237E-11   7.65104E-13
  0.00000E+00   7.13423E-11   7.80609E-13
  0.00000E+00   7.06633E-11   8.03245E-13
  0.00000E+00   7.00160E-11   8.31027E-13
  0.00000E+00   6.94066E-11   8.60822E-13
  0.00000E+00   6.88088E-11   8.90407E-13
  0.00000E+00   6.82111E-11   9.19731E-13
  0.00000E+00   6.76077E-11   9.50750E-13
  0.00000E+00   6.69747E-11   9.84953E-13
  0.00000E+00   6.63205E-11   1.02101E-12
  0.00000E+00   6.56661E-11   1.05729E-12
  0.00000E+00   6.50120E-11   1.09234E-12
  0.00000E+00   6.43687E-11   1.12384E-12
  0.00000E+00   6.37443E-11   1.14986E-12
  0.00000E+00   6.31335E-11   1.17159E-12
  0.00000E+00   6.25354E-11   1.19139E-12
  0.00000E+00   6.19630E-11   1.21130E-12
  0.00000E+00   6.14122E-11   1.23267E-12
  0.00000E+00   6.08716E-11   1.25570E-12
  0.00000E+00   6.03303E-11   1.27943E-12
  0.00000E+00   5.97766E-11   1.30273E-12
  0.00000E+00   5.92167E-11   1.32447E-12
  0.00000E+00   5.86795E-11   1.34360E-12
  0.00000E+00   5.81727E-11   1.35996E-12
  0.00000E+00   5.76749E-11   1.37298E-12
  0.00000E+00   5.71664E-11   1.38225E-12
  0.00000E+00   5.66345E-11   1.38846E-12
  0.00000E+00   5.60770E-11   1.39346E-12
  0.00000E+00   5.55227E-11   1.39981E-12
  0.00000E+00   5.50032E-11   1.41040E-12
  0.00000E+00   5.45412E-11   1.42755E-12
  0.00000E+00   5.41531E-11   1.45138E-12
  0.00000E+00   5.38264E-11   1.48023E-12
  0.00000E+00   5.35251E-11   1.51144E-12
  0.00000E+00   5.32160E-11   1.54218E-12
  0.00000E+00   5.28749E-11   1.56998E-12
  0.00000E+00   5.25005E-11   1.59305E-12
  0.00000E+00   5.21138E-11   1.61088E-12
  0.00000E+00   5.17291E-11   1.62533E-12
  0.00000E+00   5.13477E-11   1.63884E-12
  0.00000E+00   5.09641E-11   1.65333E-12
  0.00000E+00   5.05693E-11   1.67073E-12
  0.00000E+00   5.01547E-11   1.69218E-12
  0.00000E+00   4.97323E-11   1.71729E-12
  0.00000E+00   4.93125E-11   1.74514E-12
  0.00000E+00   4.88911E-11   1.77493E-12
  0.00000E+00   4.84626E-11   1.80567E-12
  0.00000E+00   4.80262E-11   1.83616E-12
  0.00000E+00   4.75726E-11   1.86493E-12
  0.00000E+00   4.70977E-11   1.89133E-12
  0.00000E+00   4.66079E-11   1.91575E-12
  0.00000E+00   4.61089E-11   1.93862E-12
  0.00000E+00   4.56128E-11   1.96028E-12
  0.00000E+00   4.51334E-11   1.98132E-12
  0.00000E+00   4.46780E-11   2.00202E-12
  0.00000E+00   4.42510E-11   2.02223E-12
  0.00000E+00   4.38502E-11   2.04172E-12
  0.00000E+00   4.34637E-11   2.06007E-12
  0.00000E+00   4.30839E-11   2.07642E-12
  0.00000E+00   4.27064E-11   2.09029E-12
  0.00000E+00   4.23266E-11   2.10215E-12
  0.00000E+00   4.19493E-11   2.11292E-12
  0.00000E+00   4.15859E-11   2.12346E-12
  0.00000E+00   4.12421E-11   2.13391E-12
  0.00000E+00   4.09209E-11   2.14337E-12
  0.00000E+00   4.06240E-11   2.15073E-12
  0.00000E+00   4.03424E-11   2.15509E-12
  0.00000E+00   4.00594E-11   2.15613E-12
  0.00000E+00   3.97666E-11   2.15445E-12
  0.00000E+00   3.94653E-11   2.15118E-12
  0.00000E+00   3.91583E-11   2.14747E-12
  0.00000E+00   3.88507E-11   2.14394E-12
  0.00000E+00   3.85435E-11   2.14054E-12
  0.00000E+00   3.82384E-11   2.13706E-12
  0.00000E+00   3.79398E-11   2.13376E-12
  0.00000E+00   3.76500E-11   2.13114E-12
  0.00000E+00   3.73673E-11   2.12952E-12
  0.00000E+00   3.70922E-11   2.12880E-12
  0.00000E+00   3.68203E-11   2.12822E-12
  0.00000E+00   3.65480E-11   2.12630E-12
  0.00000E+00   3.62761E-11   2.12189E-12
  0.00000E+00   3.60054E-11   2.11518E-12
  0.00000E+00   3.57338E-11   2.10736E-12
  0.00000E+00   3.54615E-11   2.09970E-12
  0.00000E+00   3.51903E-11   2.09300E-12
  0.00000E+00   3.49218E-11   2.08735E-12
  0.00000E+00   3.46571E-11   2.08222E-12
  0.00000E+00   3.43954E-11   2.07712E-12
  0.00000E+00   3.41355E-11   2.07190E-12
  0.00000E+00   3.38791E-11   2.06662E-12
  0.00000E+00   3.36293E-11   2.06125E-12
  0.00000E+00   3.33871E-11   2.05558E-12
  0.00000E+00   3.31517E-11   2.04941E-12
  0.00000E+00   3.29206E-11   2.04284E-12
  0.00000E+00   3.26892E-11   2.03619E-12
  0.00000E+00   3.24567E-11   2.02974E-12
  0.00000E+00   3.22257E-11   2.02387E-12
  0.00000E+00   3.19985E-11   2.01873E-12
  0.00000E+00   3.17782E-11   2.01397E-12
  0.00000E+00   3.15663E-11   2.00891E-12
  0.00000E+00   3.13608E-11   2.00314E-12
  0.00000E+00   3.11593E-11   1.99668E-12
  0.00000E+00   3.09604E-11   1.99003E-12
  0.00000E+00   3.07631E-11   1.98405E-12
  0.00000E+00   3.05706E-11   1.97938E-12
  0.00000E+00   3.03874E-11   1.97607E-12
  0.00000E+00   3.02151E-11   1.97344E-12
  0.00000E+00   3.00528E-11   1.97038E-12
  0.00000E+00   2.98981E-11   1.96584E-12
  0.00000E+00   2.97448E-11   1.95934E-12
  0.00000E+00   2.95859E-11   1.95100E-12
  0.00000E+00   2.94191E-11   1.94146E-12
  0.00000E+00   2.92452E-11   1.93161E-12
  0.00000E+00   2.90662E-11   1.92215E-12
  0.00000E+00   2.88862E-11   1.91337E-12
  0.00000E+00   2.87081E-11   1.90514E-12
  0.00000E+00   2.85319E-11   1.89702E-12
  0.00000E+00   2.83559E-11   1.88848E-12
  0.00000E+00   2.81768E-11   1.87901E-12
  0.00000E+00   2.79909E-11   1.86829E-12
  0.00000E+00   2.77966E-11   1.85631E-12
  0.00000E+00   2.75933E-11   1.84320E-12
  0.00000E+00   2.73815E-11   1.82915E-12
  0.00000E+00   2.71630E-11   1.81447E-12
  0.00000E+00   2.69382E-11   1.79965E-12
  0.00000E+00   2.67060E-11   1.78514E-12
  0.00000E+00   2.64673E-11   1.77116E-12
  0.00000E+00   2.62243E-11   1.75771E-12
  0.00000E+00   2.59796E-11   1.74455E-12
  0.00000E+00   2.57364E-11   1.73144E-12
  0.00000E+00   2.54966E-11   1.71833E-12
  0.00000E+00   2.52604E-11   1.70529E-12
  0.00000E+00   2.50277E-11   1.69249E-12
  0.00000E+00   2.47970E-11   1.68015E-12
  0.00000E+00   2.45664E-11   1.66838E-12
  0.00000E+00   2.43346E-11   1.65727E-12
  0.00000E+00   2.41022E-11   1.64692E-12
  0.00000E+00   2.38702E-11   1.63725E-12
  0.00000E+00   2.36414E-11   1.62800E-12
  0.00000E+00   2.34184E-11   1.61882E-12
  0.00000E+00   2.32028E-11   1.60936E-12
  0.00000E+00   2.29948E-11   1.59931E-12
  0.00000E+00   2.27934E-11   1.58857E-12
  0.00000E+00   2.25969E-11   1.57729E-12
  0.00000E+00   2.24037E-11   1.56576E-12
  0.00000E+00   2.22126E-11   1.55424E-12
  0.00000E+00   2.20217E-11   1.54298E-12
  0.00000E+00   2.18300E-11   1.53210E-12
  0.00000E+00   2.16374E-11   1.52159E-12
  0.00000E+00   2.14438E-11   1.51129E-12
  0.00000E+00   2.12500E-11   1.50099E-12
  0.00000E+00   2.10572E-11   1.49047E-12
  0.00000E+00   2.08657E-11   1.47957E-12
  0.00000E+00   2.06757E-11   1.46812E-12
  0.00000E+00   2.04863E-11   1.45613E-12
  0.00000E+00   2.02960E-11   1.44378E-12
  0.00000E+00   2.01034E-11   1.43137E-12
  0.00000E+00   1.99078E-11   1.41923E-12
  0.00000E+00   1.97095E-11   1.40757E-12
  0.00000E+00   1.95094E-11   1.39645E-12
  0.00000E+00   1.93091E-11   1.38576E-12
  0.00000E+00   1.91097E-11   1.37537E-12
  0.00000E+00   1.89115E-11   1.36523E-12
  0.00000E+00   1.87146E-11   1.35531E-12
  0.00000E+00   1.85189E-11   1.34557E-12
  0.00000E+00   1.83239E-11   1.33591E-12
  0.00000E+00   1.81299E-11   1.32618E-12
  0.00000E+00   1.79368E-11   1.31620E-12
  0.00000E+00   1.77443E-11   1.30588E-12
  0.00000E+00   1.75520E-11   1.29528E-12
  0.00000E+00   1.73598E-11   1.28458E-12
  0.00000E+00   1.71677E-11   1.27401E-12
  0.00000E+00   1.69766E-11   1.26374E-12
  0.00000E+00   1.67875E-11   1.25381E-12
  0.00000E+00   1.66014E-11   1.24413E-12
  0.00000E+00   1.64188E-11   1.23452E-12
  0.00000E+00   1.62399E-11   1.22486E-12
  0.00000E+00   1.60639E-11   1.21507E-12
  0.00000E+00   1.58905E-11   1.20516E-12
  0.00000E+00   1.57196E-11   1.19520E-12
  0.00000E+00   1.55513E-11   1.18527E-12
  0.00000E+00   1.53859E-11   1.17542E-12
  0.00000E+00   1.52239E-11   1.16573E-12
  0.00000E+00   1.50656E-11   1.15632E-12
  0.00000E+00   1.49113E-11   1.14728E-12
  0.00000E+00   1.47614E-11   1.13864E-12
  0.00000E+00   1.46163E-11   1.13031E-12
  0.00000E+00   1.44757E-11   1.12215E-12
  0.00000E+00   1.43391E-11   1.11397E-12
  0.00000E+00   1.42055E-11   1.10560E-12
  0.00000E+00   1.40741E-11   1.09700E-12
  0.00000E+00   1.39447E-11   1.08823E-12
  0.00000E+00   1.38171E-11   1.07940E-12
  0.00000E+00   1.36915E-11   1.07064E-12
  0.00000E+00   1.35676E-11   1.06205E-12
  0.00000E+00   1.34447E-11   1.05363E-12
  0.00000E+00   1.33218E-11   1.04534E-12
  0.00000E+00   1.31982E-11   1.03712E-12
  0.00000E+00   1.30738E-11   1.02889E-12
  0.00000E+00   1.29491E-11   1.02062E-12
  0.00000E+00   1.28248E-11   1.01229E-12
  0.00000E+00   1.27014E-11   1.00388E-12
  0.00000E+00   1.25785E-11   9.95396E-13
  0.00000E+00   1.24558E-11   9.86872E-13
  0.00000E+00   1.23328E-11   9.78368E-13
  0.00000E+00   1.22098E-11   9.69977E-13
  0.00000E+00   1.20873E-11   9.61806E-13
  0.00000E+00   1.19666E-11   9.53939E-13
  0.00000E+00   1.18483E-11   9.46404E-13
  0.00000E+00   1.17328E-11   9.39170E-13
  0.00000E+00   1.16197E-11   9.32161E-13
  0.00000E+00   1.15082E-11   9.25266E-13
  0.00000E+00   1.13980E-11   9.18372E-13
  0.00000E+00   1.12892E-11   9.11397E-13
  0.00000E+00   1.11822E-11   9.04303E-13
  0.00000E+00   1.10778E-11   8.97094E-13
  0.00000E+00   1.09760E-11   8.89820E-13
