  0.00000E+00   1.09545E-04   3.66141E-06
  0.00000E+00   1.12434E-04   5.02371E-06
  0.00000E+00   1.14375E-04   3.63644E-06
  0.00000E+00   1.23760E-04   3.09129E-06
  0.00000E+00   1.40550E-04   3.14947E-06
  0.00000E+00   1.65646E-04   3.55921E-06
  0.00000E+00   2.00653E-04   4.38152E-06
  0.00000E+00   2.48493E-04   5.75788E-06
  0.00000E+00   3.13057E-04   7.90294E-06
  0.00000E+00   3.99597E-04   1.10702E-05
  0.00000E+00   5.15120E-04   1.55761E-05
  0.00000E+00   6.69085E-04   2.18653E-05
  0.00000E+00   8.74125E-04   3.05474E-05
  0.00000E+00   1.14763E-03   4.24666E-05
  0.00000E+00   1.51190E-03   5.87196E-05
  0.00000E+00   1.99851E-03   8.08927E-05
  0.00000E+00   2.64945E-03   1.10698E-04
  0.00000E+00   3.51926E-03   1.51177E-04
  0.00000E+00   4.68523E-03   2.05362E-04
  0.00000E+00   6.24685E-03   2.78301E-04
  0.00000E+00   8.34276E-03   3.75524E-04
  0.00000E+00   1.11548E-02   5.05451E-04
  0.00000E+00   1.49292E-02   6.78000E-04
  0.00000E+00   1.99952E-02   9.06797E-04
  0.00000E+00   2.67897E-02   1.20897E-03
  0.00000E+00   3.58936E-02   1.60598E-03
  0.00000E+00   4.80709E-02   2.12554E-03
  0.00000E+00   6.43189E-02   2.80147E-03
  0.00000E+00   8.59271E-02   3.67433E-03
  0.00000E+00   1.14541E-01   4.79287E-03
  0.00000E+00   1.52231E-01   6.21350E-03
  0.00000E+00   2.01558E-01   7.99823E-03
  0.00000E+00   2.65632E-01   1.02127E-02
  0.00000E+00   3.48163E-01   1.29205E-02
  0.00000E+00   4.53483E-01   1.61751E-02
  0.00000E+00   5.86523E-01   2.00102E-02
  0.00000E+00   7.52754E-01   2.44289E-02
  0.00000E+00   9.58060E-01   2.93909E-02
  0.00000E+00   1.20854E+00   3.47985E-02
  0.00000E+00   1.51023E+00   4.04770E-02
  0.00000E+00   1.86878E+00   4.61411E-02
  0.00000E+00   2.28898E+00   5.13440E-02
  0.00000E+00   2.77433E+00   5.54207E-02
  0.00000E+00   3.32652E+00   5.74628E-02
  0.00000E+00   3.94508E+00   5.63463E-02
  0.00000E+00   4.62749E+00   5.08135E-02
  0.00000E+00   5.36974E+00   3.96024E-02
  0.00000E+00   6.16694E+00   2.16064E-02
  0.00000E+00   7.01351E+00  -4.04867E-03
  0.00000E+00   7.90231E+00  -3.81584E-02
  0.00000E+00   8.82256E+00  -8.15651E-02
  0.00000E+00   9.75829E+00  -1.34891E-01
  0.00000E+00   1.06894E+01  -1.97805E-01
  0.00000E+00   1.15938E+01  -2.69580E-01
  0.00000E+00   1.24475E+01  -3.49590E-01
  0.00000E+00   1.32372E+01  -4.34565E-01
  0.00000E+00   1.39854E+01  -5.09941E-01
  0.00000E+00   1.47291E+01  -5.67299E-01
  0.00000E+00   1.54840E+01  -6.21674E-01
  0.00000E+00   1.62609E+01  -6.59501E-01
  0.00000E+00   1.70725E+01  -6.62109E-01
  0.00000E+00   1.79648E+01  -6.16538E-01
  0.00000E+00   1.89384E+01  -5.01767E-01
  0.00000E+00   1.99371E+01  -3.65335E-01
  0.00000E+00   2.10045E+01  -2.24496E-01
  0.00000E+00   2.22313E+01  -8.41456E-02
  0.00000E+00   2.35844E+01  -3.94693E-02
  0.00000E+00   2.49063E+01  -8.93083E-02
  0.00000E+00   2.61985E+01  -1.62080E-01
  0.00000E+00   2.73579E+01  -2.82955E-01
  0.00000E+00   2.82797E+01  -3.21598E-01
  0.00000E+00   2.90645E+01  -2.09200E-01
  0.00000E+00   2.95448E+01   1.16717E-02
  0.00000E+00   2.95719E+01   1.95406E-01
  0.00000E+00   2.91755E+01   1.96282E-01
  0.00000E+00   2.84615E+01   9.11503E-02
  0.00000E+00   2.74158E+01   1.13918E-02
  0.00000E+00   2.67949E+01  -7.23958E-02
  0.00000E+00   2.68841E+01  -1.36181E-01
  0.00000E+00   2.72768E+01  -1.72036E-01
  0.00000E+00   2.80344E+01  -1.01677E-01
  0.00000E+00   2.88263E+01   6.08909E-02
  0.00000E+00   2.93979E+01   2.01949E-01
  0.00000E+00   2.98815E+01   2.36063E-01
  0.00000E+00   3.05394E+01   1.44358E-01
  0.00000E+00   3.15018E+01   7.78222E-02
  0.00000E+00   3.25286E+01   1.31663E-01
  0.00000E+00   3.36329E+01   1.64805E-01
  0.00000E+00   3.52112E+01   2.23173E-01
  0.00000E+00   3.73517E+01   2.36886E-01
  0.00000E+00   3.97112E+01   2.46233E-01
  0.00000E+00   4.19059E+01   2.55455E-01
  0.00000E+00   4.36846E+01   3.20050E-01
  0.00000E+00   4.49362E+01   4.54182E-01
  0.00000E+00   4.60170E+01   5.13163E-01
  0.00000E+00   4.69840E+01   6.66041E-01
  0.00000E+00   4.77800E+01   7.31266E-01
  0.00000E+00   4.79599E+01   7.05930E-01
  0.00000E+00   4.74689E+01   7.79685E-01
  0.00000E+00   4.67224E+01   8.91943E-01
  0.00000E+00   4.57786E+01   9.19783E-01
  0.00000E+00   4.52706E+01   9.41168E-01
  0.00000E+00   4.58471E+01   8.77585E-01
  0.00000E+00   4.74579E+01   8.25321E-01
  0.00000E+00   4.94493E+01   7.07609E-01
  0.00000E+00   5.15046E+01   6.14857E-01
  0.00000E+00   5.34267E+01   5.42659E-01
  0.00000E+00   5.52210E+01   5.34729E-01
  0.00000E+00   5.64724E+01   5.55390E-01
  0.00000E+00   5.64619E+01   6.25581E-01
  0.00000E+00   5.58050E+01   5.60646E-01
  0.00000E+00   5.55418E+01   4.88049E-01
  0.00000E+00   5.58364E+01   4.30462E-01
  0.00000E+00   5.58130E+01   4.04305E-01
  0.00000E+00   5.55881E+01   3.78100E-01
  0.00000E+00   5.51696E+01   3.83850E-01
  0.00000E+00   5.43826E+01   4.51759E-01
  0.00000E+00   5.36549E+01   4.26517E-01
  0.00000E+00   5.32529E+01   3.09366E-01
  0.00000E+00   5.34464E+01   1.82923E-01
  0.00000E+00   5.41381E+01   3.61082E-02
  0.00000E+00   5.49423E+01   1.79164E-02
  0.00000E+00   5.48902E+01   7.23553E-02
  0.00000E+00   5.37690E+01   2.20938E-01
  0.00000E+00   5.24748E+01   3.66979E-01
  0.00000E+00   5.17882E+01   4.68067E-01
  0.00000E+00   5.18252E+01   4.46784E-01
  0.00000E+00   5.26847E+01   3.15193E-01
  0.00000E+00   5.40525E+01   6.66248E-02
  0.00000E+00   5.52669E+01  -6.53666E-02
  0.00000E+00   5.61720E+01  -7.37000E-02
  0.00000E+00   5.68849E+01   2.18268E-02
  0.00000E+00   5.78736E+01   1.25695E-01
  0.00000E+00   5.93177E+01   3.69415E-01
  0.00000E+00   6.13351E+01   5.18714E-01
  0.00000E+00   6.42016E+01   5.49937E-01
  0.00000E+00   6.74684E+01   6.74026E-01
  0.00000E+00   6.98588E+01   7.67279E-01
  0.00000E+00   6.99711E+01   8.99432E-01
  0.00000E+00   6.78761E+01   9.88598E-01
  0.00000E+00   6.52607E+01   1.12030E+00
  0.00000E+00   6.35829E+01   1.28548E+00
  0.00000E+00   6.36056E+01   1.24107E+00
  0.00000E+00   6.53313E+01   1.21221E+00
  0.00000E+00   6.82560E+01   1.13368E+00
  0.00000E+00   7.16229E+01   1.14161E+00
  0.00000E+00   7.43137E+01   1.23499E+00
  0.00000E+00   7.56499E+01   1.39273E+00
  0.00000E+00   7.52704E+01   1.51044E+00
  0.00000E+00   7.36843E+01   1.45431E+00
  0.00000E+00   7.25906E+01   1.25246E+00
  0.00000E+00   7.27170E+01   8.46319E-01
  0.00000E+00   7.38603E+01   4.70002E-01
  0.00000E+00   7.54382E+01   2.74612E-01
  0.00000E+00   7.62717E+01   1.40964E-01
  0.00000E+00   7.56754E+01   5.85604E-02
  0.00000E+00   7.40143E+01   3.55461E-02
  0.00000E+00   7.22318E+01  -6.87281E-02
  0.00000E+00   7.18633E+01  -2.46005E-01
  0.00000E+00   7.29509E+01  -4.48139E-01
  0.00000E+00   7.48257E+01  -6.30935E-01
  0.00000E+00   7.65488E+01  -8.14919E-01
  0.00000E+00   7.76880E+01  -8.56208E-01
  0.00000E+00   7.73037E+01  -9.46624E-01
  0.00000E+00   7.53411E+01  -1.19322E+00
  0.00000E+00   7.22128E+01  -1.28616E+00
  0.00000E+00   6.93644E+01  -1.19115E+00
  0.00000E+00   6.80446E+01  -1.21956E+00
  0.00000E+00   6.78209E+01  -1.26530E+00
  0.00000E+00   6.73427E+01  -1.37853E+00
  0.00000E+00   6.57580E+01  -1.52203E+00
  0.00000E+00   6.41161E+01  -1.46180E+00
  0.00000E+00   6.33823E+01  -1.45269E+00
  0.00000E+00   6.29009E+01  -1.19336E+00
  0.00000E+00   6.23682E+01  -9.60110E-01
  0.00000E+00   6.09656E+01  -6.41641E-01
  0.00000E+00   5.88267E+01  -3.72291E-01
  0.00000E+00   5.67588E+01  -1.62945E-01
  0.00000E+00   5.65987E+01   8.64115E-02
  0.00000E+00   5.75891E+01   3.42265E-01
  0.00000E+00   5.97491E+01   4.98635E-01
  0.00000E+00   6.19702E+01   6.49706E-01
  0.00000E+00   6.30124E+01   7.46256E-01
  0.00000E+00   6.25373E+01   7.72324E-01
  0.00000E+00   6.05491E+01   7.78498E-01
  0.00000E+00   5.74957E+01   9.48253E-01
  0.00000E+00   5.47835E+01   1.14895E+00
  0.00000E+00   5.35491E+01   1.24905E+00
  0.00000E+00   5.42175E+01   1.26479E+00
  0.00000E+00   5.59111E+01   1.33452E+00
  0.00000E+00   5.76399E+01   1.42251E+00
  0.00000E+00   5.87551E+01   1.51140E+00
  0.00000E+00   5.90853E+01   1.53797E+00
  0.00000E+00   5.90512E+01   1.54970E+00
  0.00000E+00   5.89642E+01   1.64411E+00
  0.00000E+00   5.87733E+01   1.68381E+00
  0.00000E+00   5.88351E+01   1.68052E+00
  0.00000E+00   5.94685E+01   1.59916E+00
  0.00000E+00   6.12316E+01   1.48899E+00
  0.00000E+00   6.33846E+01   1.40914E+00
  0.00000E+00   6.50982E+01   1.34493E+00
  0.00000E+00   6.58734E+01   1.28022E+00
  0.00000E+00   6.65001E+01   1.20059E+00
  0.00000E+00   6.77658E+01   1.11600E+00
  0.00000E+00   6.98860E+01   1.15859E+00
  0.00000E+00   7.26269E+01   1.38131E+00
  0.00000E+00   7.52675E+01   1.53742E+00
  0.00000E+00   7.74956E+01   1.56972E+00
  0.00000E+00   7.92216E+01   1.52459E+00
  0.00000E+00   8.00181E+01   1.49775E+00
  0.00000E+00   8.01364E+01   1.46995E+00
  0.00000E+00   8.06355E+01   1.54311E+00
  0.00000E+00   8.15581E+01   1.54152E+00
  0.00000E+00   8.20761E+01   1.43274E+00
  0.00000E+00   8.15343E+01   1.29249E+00
  0.00000E+00   7.96636E+01   9.41518E-01
  0.00000E+00   7.71257E+01   6.51925E-01
  0.00000E+00   7.51842E+01   4.24557E-01
  0.00000E+00   7.37240E+01   1.82649E-01
  0.00000E+00   7.27868E+01  -1.61643E-03
  0.00000E+00   7.29124E+01  -2.00316E-01
  0.00000E+00   7.38392E+01  -4.32317E-01
  0.00000E+00   7.47967E+01  -6.79513E-01
  0.00000E+00   7.61336E+01  -7.96073E-01
  0.00000E+00   7.75875E+01  -7.39796E-01
  0.00000E+00   7.85420E+01  -6.51092E-01
  0.00000E+00   7.84925E+01  -5.60109E-01
  0.00000E+00   7.76141E+01  -4.98741E-01
  0.00000E+00   7.66556E+01  -2.08833E-01
  0.00000E+00   7.56987E+01   1.10410E-01
  0.00000E+00   7.49858E+01   3.30480E-01
  0.00000E+00   7.42912E+01   5.90718E-01
  0.00000E+00   7.29644E+01   6.99292E-01
  0.00000E+00   7.10614E+01   7.94187E-01
  0.00000E+00   6.91183E+01   6.90699E-01
  0.00000E+00   6.72356E+01   6.62775E-01
  0.00000E+00   6.66450E+01   6.67243E-01
  0.00000E+00   6.76196E+01   7.51778E-01
  0.00000E+00   6.94864E+01   8.36732E-01
  0.00000E+00   7.19424E+01   9.43733E-01
  0.00000E+00   7.35397E+01   9.97401E-01
  0.00000E+00   7.34452E+01   1.01571E+00
  0.00000E+00   7.18243E+01   9.70789E-01
  0.00000E+00   7.02782E+01   1.01177E+00
  0.00000E+00   6.93185E+01   1.21830E+00
  0.00000E+00   6.89461E+01   1.37548E+00
  0.00000E+00   6.93344E+01   1.40619E+00
  0.00000E+00   7.03013E+01   1.38482E+00
  0.00000E+00   7.19007E+01   1.26535E+00
  0.00000E+00   7.36460E+01   1.34694E+00
  0.00000E+00   7.44522E+01   1.46130E+00
  0.00000E+00   7.42513E+01   1.53725E+00
  0.00000E+00   7.33805E+01   1.56278E+00
  0.00000E+00   7.23012E+01   1.76952E+00
  0.00000E+00   7.16457E+01   1.93809E+00
  0.00000E+00   7.20380E+01   1.94663E+00
  0.00000E+00   7.29093E+01   1.93135E+00
  0.00000E+00   7.51498E+01   1.73510E+00
  0.00000E+00   7.86351E+01   1.55073E+00
  0.00000E+00   8.22401E+01   1.39579E+00
  0.00000E+00   8.42167E+01   1.45835E+00
  0.00000E+00   8.38918E+01   1.56459E+00
  0.00000E+00   8.23725E+01   1.69332E+00
  0.00000E+00   8.07997E+01   1.78239E+00
  0.00000E+00   8.03350E+01   1.69523E+00
  0.00000E+00   8.01201E+01   1.71775E+00
  0.00000E+00   7.88293E+01   1.70273E+00
  0.00000E+00   7.73549E+01   1.63866E+00
  0.00000E+00   7.58703E+01   1.41055E+00
  0.00000E+00   7.35113E+01   1.23404E+00
  0.00000E+00   7.08407E+01   1.06008E+00
  0.00000E+00   6.82733E+01   8.21527E-01
  0.00000E+00   6.58436E+01   6.38840E-01
  0.00000E+00   6.30810E+01   5.05368E-01
  0.00000E+00   6.05274E+01   6.96751E-01
  0.00000E+00   5.95111E+01   6.20254E-01
  0.00000E+00   5.95021E+01   5.40001E-01
  0.00000E+00   5.99512E+01   6.39603E-01
  0.00000E+00   6.00597E+01   5.58278E-01
  0.00000E+00   5.96727E+01   4.95689E-01
  0.00000E+00   5.87471E+01   3.39907E-01
  0.00000E+00   5.81850E+01   1.84852E-01
  0.00000E+00   5.79497E+01   6.66401E-02
  0.00000E+00   5.72645E+01   5.45824E-02
  0.00000E+00   5.67573E+01   2.18169E-01
  0.00000E+00   5.72059E+01   3.08145E-01
  0.00000E+00   5.86077E+01   3.09400E-01
  0.00000E+00   6.08982E+01   3.43334E-01
  0.00000E+00   6.29732E+01   4.61981E-01
  0.00000E+00   6.40370E+01   4.04027E-01
  0.00000E+00   6.46318E+01   3.26943E-01
  0.00000E+00   6.53416E+01   1.34893E-01
  0.00000E+00   6.58676E+01  -1.27562E-01
  0.00000E+00   6.64124E+01  -4.09711E-01
  0.00000E+00   6.63891E+01  -6.73872E-01
  0.00000E+00   6.64573E+01  -9.16747E-01
  0.00000E+00   6.70896E+01  -1.10070E+00
  0.00000E+00   6.82532E+01  -1.43808E+00
  0.00000E+00   6.96459E+01  -1.74122E+00
  0.00000E+00   7.06181E+01  -2.00601E+00
  0.00000E+00   7.13239E+01  -2.14575E+00
  0.00000E+00   7.22059E+01  -2.20902E+00
  0.00000E+00   7.32075E+01  -2.25630E+00
  0.00000E+00   7.34051E+01  -2.30054E+00
  0.00000E+00   7.27345E+01  -2.38517E+00
  0.00000E+00   7.16882E+01  -2.43901E+00
  0.00000E+00   7.10627E+01  -2.39557E+00
  0.00000E+00   7.12075E+01  -2.25685E+00
  0.00000E+00   7.22662E+01  -2.07606E+00
  0.00000E+00   7.40366E+01  -2.09025E+00
  0.00000E+00   7.59830E+01  -2.17959E+00
  0.00000E+00   7.77038E+01  -2.28698E+00
  0.00000E+00   7.82615E+01  -2.35909E+00
  0.00000E+00   7.74573E+01  -2.37842E+00
  0.00000E+00   7.49560E+01  -2.23159E+00
  0.00000E+00   7.17362E+01  -2.07467E+00
  0.00000E+00   6.91259E+01  -1.89731E+00
  0.00000E+00   6.75003E+01  -1.66385E+00
  0.00000E+00   6.71344E+01  -1.55218E+00
  0.00000E+00   6.78782E+01  -1.70029E+00
  0.00000E+00   6.89320E+01  -1.80741E+00
  0.00000E+00   6.95423E+01  -1.91083E+00
  0.00000E+00   6.96079E+01  -2.12854E+00
  0.00000E+00   6.96551E+01  -2.29248E+00
  0.00000E+00   7.05223E+01  -2.35658E+00
  0.00000E+00   7.22376E+01  -2.35261E+00
  0.00000E+00   7.44127E+01  -2.37615E+00
  0.00000E+00   7.52451E+01  -2.25945E+00
  0.00000E+00   7.41202E+01  -2.16134E+00
  0.00000E+00   7.25631E+01  -2.14864E+00
  0.00000E+00   7.11218E+01  -2.02530E+00
  0.00000E+00   7.04783E+01  -1.95390E+00
  0.00000E+00   7.10485E+01  -1.83757E+00
  0.00000E+00   7.20737E+01  -1.70253E+00
  0.00000E+00   7.37194E+01  -1.60611E+00
  0.00000E+00   7.63206E+01  -1.44959E+00
  0.00000E+00   7.86495E+01  -1.32322E+00
  0.00000E+00   7.99464E+01  -1.32090E+00
  0.00000E+00   8.10103E+01  -1.22689E+00
  0.00000E+00   8.22250E+01  -1.18408E+00
  0.00000E+00   8.30516E+01  -1.23788E+00
  0.00000E+00   8.32690E+01  -1.17675E+00
  0.00000E+00   8.30824E+01  -1.03509E+00
  0.00000E+00   8.25150E+01  -9.48105E-01
  0.00000E+00   8.20697E+01  -9.98601E-01
  0.00000E+00   8.23872E+01  -1.03980E+00
  0.00000E+00   8.36675E+01  -9.13453E-01
  0.00000E+00   8.57146E+01  -7.65759E-01
  0.00000E+00   8.81552E+01  -7.07422E-01
  0.00000E+00   9.07279E+01  -6.06651E-01
  0.00000E+00   9.21595E+01  -6.25027E-01
  0.00000E+00   9.09630E+01  -7.26646E-01
  0.00000E+00   8.66144E+01  -8.56956E-01
  0.00000E+00   8.11604E+01  -1.05838E+00
  0.00000E+00   7.61319E+01  -1.22637E+00
  0.00000E+00   7.21854E+01  -1.45472E+00
  0.00000E+00   6.98365E+01  -1.51806E+00
  0.00000E+00   6.88439E+01  -1.46922E+00
  0.00000E+00   6.84104E+01  -1.52619E+00
  0.00000E+00   6.82407E+01  -1.56589E+00
  0.00000E+00   6.82966E+01  -1.47904E+00
  0.00000E+00   6.94353E+01  -1.41415E+00
  0.00000E+00   7.08332E+01  -1.35114E+00
  0.00000E+00   7.17969E+01  -1.34244E+00
  0.00000E+00   7.22821E+01  -1.34962E+00
  0.00000E+00   7.24034E+01  -1.36550E+00
  0.00000E+00   7.22857E+01  -1.35325E+00
  0.00000E+00   7.20602E+01  -1.37023E+00
  0.00000E+00   7.22943E+01  -1.50818E+00
  0.00000E+00   7.34729E+01  -1.63142E+00
  0.00000E+00   7.51315E+01  -1.76542E+00
  0.00000E+00   7.67767E+01  -1.74805E+00
  0.00000E+00   7.78638E+01  -1.70864E+00
  0.00000E+00   7.87317E+01  -1.58189E+00
  0.00000E+00   7.88550E+01  -1.56348E+00
  0.00000E+00   7.91346E+01  -1.72410E+00
  0.00000E+00   7.98296E+01  -1.86438E+00
  0.00000E+00   8.10364E+01  -1.86956E+00
  0.00000E+00   8.21404E+01  -1.86973E+00
  0.00000E+00   8.28255E+01  -2.07425E+00
  0.00000E+00   8.37393E+01  -2.27106E+00
  0.00000E+00   8.56619E+01  -2.25454E+00
  0.00000E+00   8.81072E+01  -2.19725E+00
  0.00000E+00   9.03317E+01  -2.19486E+00
  0.00000E+00   9.19339E+01  -2.03425E+00
  0.00000E+00   9.33373E+01  -1.98880E+00
  0.00000E+00   9.51467E+01  -2.17046E+00
  0.00000E+00   9.77893E+01  -2.41762E+00
  0.00000E+00   1.00488E+02  -2.61874E+00
  0.00000E+00   1.01539E+02  -2.77895E+00
  0.00000E+00   1.00241E+02  -2.87926E+00
  0.00000E+00   9.79336E+01  -2.89075E+00
  0.00000E+00   9.53969E+01  -2.78876E+00
  0.00000E+00   9.31257E+01  -2.59739E+00
  0.00000E+00   9.15414E+01  -2.50991E+00
  0.00000E+00   9.03972E+01  -2.49068E+00
  0.00000E+00   8.97973E+01  -2.54151E+00
  0.00000E+00   8.98132E+01  -2.62203E+00
  0.00000E+00   8.99606E+01  -2.59774E+00
  0.00000E+00   8.98711E+01  -2.72868E+00
  0.00000E+00   8.94987E+01  -2.80158E+00
  0.00000E+00   8.88854E+01  -3.02297E+00
  0.00000E+00   8.82949E+01  -3.17904E+00
  0.00000E+00   8.89403E+01  -3.21819E+00
  0.00000E+00   9.02297E+01  -3.24817E+00
  0.00000E+00   9.20321E+01  -3.29864E+00
  0.00000E+00   9.39574E+01  -3.25826E+00
  0.00000E+00   9.55457E+01  -3.35183E+00
  0.00000E+00   9.65219E+01  -3.36861E+00
  0.00000E+00   9.71849E+01  -3.28264E+00
  0.00000E+00   9.77558E+01  -3.18054E+00
  0.00000E+00   9.94268E+01  -3.07948E+00
  0.00000E+00   1.01273E+02  -2.84325E+00
  0.00000E+00   1.02309E+02  -2.59128E+00
  0.00000E+00   1.02854E+02  -2.35433E+00
  0.00000E+00   1.03404E+02  -2.07249E+00
  0.00000E+00   1.03958E+02  -1.92501E+00
  0.00000E+00   1.04825E+02  -1.99038E+00
  0.00000E+00   1.06403E+02  -2.11850E+00
  0.00000E+00   1.07704E+02  -2.39988E+00
  0.00000E+00   1.08316E+02  -2.57841E+00
  0.00000E+00   1.08429E+02  -2.77559E+00
  0.00000E+00   1.08552E+02  -2.89254E+00
  0.00000E+00   1.08993E+02  -2.90196E+00
  0.00000E+00   1.10375E+02  -2.90877E+00
  0.00000E+00   1.12545E+02  -2.96087E+00
  0.00000E+00   1.14515E+02  -2.93601E+00
  0.00000E+00   1.14092E+02  -3.04658E+00
  0.00000E+00   1.11219E+02  -3.15482E+00
  0.00000E+00   1.07312E+02  -3.15213E+00
  0.00000E+00   1.04738E+02  -3.21384E+00
  0.00000E+00   1.05003E+02  -3.44750E+00
  0.00000E+00   1.06793E+02  -3.64159E+00
  0.00000E+00   1.07533E+02  -3.68842E+00
  0.00000E+00   1.06405E+02  -3.81929E+00
  0.00000E+00   1.04010E+02  -3.89276E+00
  0.00000E+00   1.01896E+02  -3.84364E+00
  0.00000E+00   1.00586E+02  -3.77436E+00
  0.00000E+00   1.00933E+02  -3.97163E+00
  0.00000E+00   1.03355E+02  -4.07797E+00
  0.00000E+00   1.06149E+02  -4.06529E+00
  0.00000E+00   1.08217E+02  -4.02527E+00
  0.00000E+00   1.09731E+02  -3.91147E+00
  0.00000E+00   1.10010E+02  -3.73163E+00
  0.00000E+00   1.09703E+02  -3.54470E+00
  0.00000E+00   1.10431E+02  -3.36294E+00
  0.00000E+00   1.13325E+02  -2.94701E+00
  0.00000E+00   1.17804E+02  -2.55657E+00
  0.00000E+00   1.22460E+02  -2.41254E+00
  0.00000E+00   1.25413E+02  -2.43723E+00
  0.00000E+00   1.27079E+02  -2.69526E+00
  0.00000E+00   1.27537E+02  -2.95637E+00
  0.00000E+00   1.26592E+02  -3.18710E+00
  0.00000E+00   1.24643E+02  -3.53432E+00
  0.00000E+00   1.21683E+02  -3.75158E+00
  0.00000E+00   1.20231E+02  -3.99375E+00
  0.00000E+00   1.20289E+02  -4.01297E+00
  0.00000E+00   1.20574E+02  -4.02785E+00
  0.00000E+00   1.20452E+02  -4.01928E+00
  0.00000E+00   1.21255E+02  -3.96876E+00
  0.00000E+00   1.23296E+02  -3.80702E+00
  0.00000E+00   1.24929E+02  -3.57910E+00
  0.00000E+00   1.23253E+02  -3.67167E+00
  0.00000E+00   1.19777E+02  -3.74469E+00
  0.00000E+00   1.17593E+02  -3.69791E+00
  0.00000E+00   1.16881E+02  -3.73103E+00
  0.00000E+00   1.17710E+02  -3.90286E+00
  0.00000E+00   1.17997E+02  -4.12790E+00
  0.00000E+00   1.18966E+02  -4.19677E+00
  0.00000E+00   1.21275E+02  -4.59269E+00
  0.00000E+00   1.24438E+02  -4.70900E+00
  0.00000E+00   1.26683E+02  -4.79373E+00
  0.00000E+00   1.29447E+02  -4.82726E+00
  0.00000E+00   1.32307E+02  -4.65642E+00
  0.00000E+00   1.35082E+02  -4.31904E+00
  0.00000E+00   1.36844E+02  -3.90906E+00
  0.00000E+00   1.37890E+02  -3.74238E+00
  0.00000E+00   1.38543E+02  -3.70932E+00
  0.00000E+00   1.39413E+02  -3.95798E+00
  0.00000E+00   1.40904E+02  -4.29109E+00
  0.00000E+00   1.43190E+02  -4.54297E+00
  0.00000E+00   1.45834E+02  -4.61840E+00
  0.00000E+00   1.46954E+02  -4.51508E+00
  0.00000E+00   1.47674E+02  -4.27090E+00
  0.00000E+00   1.49373E+02  -4.09820E+00
  0.00000E+00   1.49985E+02  -4.05527E+00
  0.00000E+00   1.51782E+02  -4.19947E+00
  0.00000E+00   1.53295E+02  -4.14616E+00
  0.00000E+00   1.53998E+02  -3.97768E+00
  0.00000E+00   1.54739E+02  -3.84898E+00
  0.00000E+00   1.54424E+02  -3.58754E+00
  0.00000E+00   1.53160E+02  -3.15398E+00
  0.00000E+00   1.51387E+02  -2.67192E+00
  0.00000E+00   1.50365E+02  -2.44492E+00
  0.00000E+00   1.50287E+02  -2.22772E+00
  0.00000E+00   1.50652E+02  -1.79394E+00
  0.00000E+00   1.51481E+02  -1.50261E+00
  0.00000E+00   1.52923E+02  -1.16155E+00
  0.00000E+00   1.54196E+02  -1.01343E+00
  0.00000E+00   1.54913E+02  -1.03695E+00
  0.00000E+00   1.54907E+02  -9.18284E-01
  0.00000E+00   1.52486E+02  -6.95243E-01
  0.00000E+00   1.47372E+02  -6.95666E-01
  0.00000E+00   1.43290E+02  -6.12186E-01
  0.00000E+00   1.40176E+02  -4.47592E-01
  0.00000E+00   1.38448E+02  -4.60569E-01
  0.00000E+00   1.36774E+02  -5.77481E-01
  0.00000E+00   1.35245E+02  -1.11598E+00
  0.00000E+00   1.33530E+02  -1.58530E+00
  0.00000E+00   1.31920E+02  -1.61218E+00
  0.00000E+00   1.30239E+02  -1.62347E+00
  0.00000E+00   1.28596E+02  -1.25874E+00
  0.00000E+00   1.26238E+02  -6.22417E-01
  0.00000E+00   1.24247E+02  -1.52625E-01
  0.00000E+00   1.21320E+02   3.32351E-01
  0.00000E+00   1.19234E+02   6.44574E-01
  0.00000E+00   1.18042E+02   8.43266E-01
  0.00000E+00   1.16031E+02   8.00796E-01
  0.00000E+00   1.12938E+02   3.64619E-01
  0.00000E+00   1.11003E+02   3.04493E-01
  0.00000E+00   1.09799E+02   5.82832E-01
  0.00000E+00   1.09704E+02   6.76723E-01
  0.00000E+00   1.09568E+02   7.70442E-01
  0.00000E+00   1.09492E+02   8.96464E-01
  0.00000E+00   1.09687E+02   8.26723E-01
  0.00000E+00   1.08685E+02   5.20355E-01
  0.00000E+00   1.07844E+02   5.48108E-01
  0.00000E+00   1.08219E+02   5.26093E-01
  0.00000E+00   1.08343E+02   3.83038E-01
  0.00000E+00   1.08391E+02   2.18440E-01
  0.00000E+00   1.07760E+02   1.69832E-01
  0.00000E+00   1.07321E+02   1.96229E-01
  0.00000E+00   1.07971E+02   2.00876E-01
  0.00000E+00   1.09032E+02   3.51122E-01
  0.00000E+00   1.08991E+02   4.75827E-01
  0.00000E+00   1.08258E+02   6.69543E-01
  0.00000E+00   1.08046E+02   9.63741E-01
  0.00000E+00   1.09247E+02   1.15124E+00
  0.00000E+00   1.10809E+02   1.42768E+00
  0.00000E+00   1.12235E+02   1.60279E+00
  0.00000E+00   1.12329E+02   1.62253E+00
  0.00000E+00   1.11823E+02   1.74723E+00
  0.00000E+00   1.11662E+02   1.89416E+00
  0.00000E+00   1.10466E+02   2.04629E+00
  0.00000E+00   1.07615E+02   2.16674E+00
  0.00000E+00   1.05126E+02   2.15764E+00
  0.00000E+00   1.04275E+02   2.10725E+00
  0.00000E+00   1.05254E+02   1.93157E+00
  0.00000E+00   1.05702E+02   1.61706E+00
  0.00000E+00   1.04949E+02   1.29972E+00
  0.00000E+00   1.03900E+02   1.24159E+00
  0.00000E+00   1.03492E+02   1.14580E+00
  0.00000E+00   1.02852E+02   1.05695E+00
  0.00000E+00   1.01411E+02   1.08866E+00
  0.00000E+00   9.92812E+01   9.56040E-01
  0.00000E+00   9.71869E+01   6.28227E-01
  0.00000E+00   9.53857E+01   3.96671E-01
  0.00000E+00   9.39579E+01   1.99796E-01
  0.00000E+00   9.19885E+01  -1.16998E-01
  0.00000E+00   8.92443E+01  -2.09694E-01
  0.00000E+00   8.64321E+01  -2.12172E-02
  0.00000E+00   8.45241E+01   4.91606E-02
  0.00000E+00   8.37789E+01   3.19568E-02
  0.00000E+00   8.27445E+01  -2.08612E-01
  0.00000E+00   8.15949E+01  -3.32607E-01
  0.00000E+00   8.14155E+01  -5.21540E-01
  0.00000E+00   8.09825E+01  -8.37964E-01
  0.00000E+00   8.01462E+01  -1.04383E+00
  0.00000E+00   7.90551E+01  -1.17739E+00
  0.00000E+00   7.75034E+01  -1.17659E+00
  0.00000E+00   7.68300E+01  -1.41633E+00
  0.00000E+00   7.68433E+01  -1.62779E+00
  0.00000E+00   7.72883E+01  -1.68865E+00
  0.00000E+00   7.73411E+01  -1.60708E+00
  0.00000E+00   7.68752E+01  -1.53059E+00
  0.00000E+00   7.66180E+01  -1.16981E+00
  0.00000E+00   7.68492E+01  -8.76865E-01
  0.00000E+00   7.77500E+01  -7.67429E-01
  0.00000E+00   7.77734E+01  -8.40220E-01
  0.00000E+00   7.75802E+01  -1.05527E+00
  0.00000E+00   7.70074E+01  -1.12406E+00
  0.00000E+00   7.58799E+01  -1.22033E+00
  0.00000E+00   7.43124E+01  -1.36791E+00
  0.00000E+00   7.30260E+01  -1.36861E+00
  0.00000E+00   7.17302E+01  -1.50270E+00
  0.00000E+00   7.14833E+01  -1.65401E+00
  0.00000E+00   7.12567E+01  -1.78083E+00
  0.00000E+00   7.03895E+01  -1.98713E+00
  0.00000E+00   6.96334E+01  -2.17637E+00
  0.00000E+00   6.95596E+01  -2.47992E+00
  0.00000E+00   6.95118E+01  -2.87043E+00
  0.00000E+00   6.95579E+01  -3.30858E+00
  0.00000E+00   6.93533E+01  -3.79354E+00
  0.00000E+00   6.91507E+01  -4.20622E+00
  0.00000E+00   6.97236E+01  -4.44474E+00
  0.00000E+00   7.04976E+01  -4.42725E+00
  0.00000E+00   7.06982E+01  -4.30156E+00
  0.00000E+00   6.97982E+01  -4.18911E+00
  0.00000E+00   6.81821E+01  -3.95608E+00
  0.00000E+00   6.67832E+01  -3.68270E+00
  0.00000E+00   6.54551E+01  -3.45554E+00
  0.00000E+00   6.45464E+01  -3.39808E+00
  0.00000E+00   6.38881E+01  -3.26498E+00
  0.00000E+00   6.38938E+01  -3.05765E+00
  0.00000E+00   6.46531E+01  -2.72394E+00
  0.00000E+00   6.56114E+01  -2.32659E+00
  0.00000E+00   6.61643E+01  -1.90470E+00
  0.00000E+00   6.69932E+01  -1.48003E+00
  0.00000E+00   6.82872E+01  -1.08292E+00
  0.00000E+00   6.93218E+01  -8.41969E-01
  0.00000E+00   6.87076E+01  -6.35319E-01
  0.00000E+00   6.67721E+01  -4.15138E-01
  0.00000E+00   6.51935E+01  -3.01315E-01
  0.00000E+00   6.54995E+01  -3.39831E-01
  0.00000E+00   6.65480E+01  -3.81132E-01
  0.00000E+00   6.62283E+01  -5.74011E-01
  0.00000E+00   6.44951E+01  -7.56119E-01
  0.00000E+00   6.28561E+01  -8.74145E-01
  0.00000E+00   6.22516E+01  -1.05403E+00
  0.00000E+00   6.22453E+01  -1.01537E+00
  0.00000E+00   6.15263E+01  -8.92499E-01
  0.00000E+00   6.02015E+01  -7.60181E-01
  0.00000E+00   5.91001E+01  -8.27544E-01
  0.00000E+00   5.82821E+01  -7.75289E-01
  0.00000E+00   5.72593E+01  -5.87985E-01
  0.00000E+00   5.68590E+01  -3.42948E-01
  0.00000E+00   5.67813E+01  -3.24617E-01
  0.00000E+00   5.73202E+01  -3.25128E-01
  0.00000E+00   5.73262E+01  -2.25452E-01
  0.00000E+00   5.64703E+01  -8.89116E-02
  0.00000E+00   5.40778E+01  -2.62931E-02
  0.00000E+00   5.19578E+01   1.05669E-01
  0.00000E+00   5.12527E+01   2.84137E-01
  0.00000E+00   5.16888E+01   5.34265E-01
  0.00000E+00   5.26763E+01   8.15672E-01
  0.00000E+00   5.40728E+01   1.03918E+00
  0.00000E+00   5.56202E+01   1.17831E+00
  0.00000E+00   5.75161E+01   1.23663E+00
  0.00000E+00   5.87103E+01   1.24061E+00
  0.00000E+00   5.88214E+01   1.11834E+00
  0.00000E+00   5.89777E+01   1.06025E+00
  0.00000E+00   6.00057E+01   1.07502E+00
  0.00000E+00   6.13424E+01   1.21194E+00
  0.00000E+00   6.23962E+01   1.35015E+00
  0.00000E+00   6.29387E+01   1.31336E+00
  0.00000E+00   6.33114E+01   1.20664E+00
  0.00000E+00   6.37806E+01   1.06288E+00
  0.00000E+00   6.38596E+01   8.61711E-01
  0.00000E+00   6.39447E+01   6.43500E-01
  0.00000E+00   6.47130E+01   2.92000E-01
  0.00000E+00   6.63004E+01  -3.99340E-02
  0.00000E+00   6.85593E+01  -2.89858E-01
  0.00000E+00   7.07616E+01  -3.85561E-01
  0.00000E+00   7.14759E+01  -4.15374E-01
  0.00000E+00   7.09721E+01  -3.05954E-01
  0.00000E+00   7.00862E+01  -1.04138E-01
  0.00000E+00   6.96763E+01   2.05642E-01
  0.00000E+00   6.95238E+01   4.16313E-01
  0.00000E+00   6.94423E+01   4.63541E-01
  0.00000E+00   7.01056E+01   4.52452E-01
  0.00000E+00   7.09821E+01   4.95514E-01
  0.00000E+00   7.15367E+01   6.15780E-01
  0.00000E+00   7.09370E+01   5.87836E-01
  0.00000E+00   6.89145E+01   4.04110E-01
  0.00000E+00   6.69098E+01   2.29188E-01
  0.00000E+00   6.63613E+01   2.15794E-01
  0.00000E+00   6.68789E+01   1.98345E-01
  0.00000E+00   6.67932E+01   1.72574E-01
  0.00000E+00   6.59505E+01   3.01689E-02
  0.00000E+00   6.50807E+01  -1.01155E-01
  0.00000E+00   6.47053E+01  -2.34990E-01
  0.00000E+00   6.45731E+01  -2.77598E-01
  0.00000E+00   6.38912E+01  -4.88261E-01
  0.00000E+00   6.32005E+01  -7.28374E-01
  0.00000E+00   6.34844E+01  -8.11989E-01
  0.00000E+00   6.45078E+01  -8.28296E-01
  0.00000E+00   6.51709E+01  -7.13418E-01
  0.00000E+00   6.47698E+01  -5.79270E-01
  0.00000E+00   6.40549E+01  -4.90517E-01
  0.00000E+00   6.38503E+01  -4.42214E-01
  0.00000E+00   6.40363E+01  -4.54983E-01
  0.00000E+00   6.42200E+01  -6.04434E-01
  0.00000E+00   6.38686E+01  -7.67776E-01
  0.00000E+00   6.32981E+01  -9.34583E-01
  0.00000E+00   6.32381E+01  -9.60172E-01
  0.00000E+00   6.34648E+01  -9.19314E-01
  0.00000E+00   6.32782E+01  -8.15664E-01
  0.00000E+00   6.30254E+01  -5.60677E-01
  0.00000E+00   6.28021E+01  -3.59216E-01
  0.00000E+00   6.31106E+01  -2.68180E-01
  0.00000E+00   6.39074E+01  -1.82921E-01
  0.00000E+00   6.49044E+01  -1.76239E-01
  0.00000E+00   6.63162E+01  -2.14685E-01
  0.00000E+00   6.78161E+01  -2.26197E-01
  0.00000E+00   6.84763E+01  -1.62781E-01
  0.00000E+00   6.77323E+01  -4.80797E-02
  0.00000E+00   6.58854E+01  -2.07587E-03
  0.00000E+00   6.44294E+01   3.50045E-02
  0.00000E+00   6.39466E+01   1.48684E-01
  0.00000E+00   6.42600E+01   2.80352E-01
  0.00000E+00   6.43604E+01   2.23970E-01
  0.00000E+00   6.42057E+01  -2.38172E-02
  0.00000E+00   6.49023E+01  -3.05775E-01
  0.00000E+00   6.64278E+01  -5.14339E-01
  0.00000E+00   6.83128E+01  -5.86863E-01
  0.00000E+00   6.94699E+01  -7.18611E-01
  0.00000E+00   6.96603E+01  -9.05965E-01
  0.00000E+00   6.99999E+01  -9.81718E-01
  0.00000E+00   7.14550E+01  -9.39152E-01
  0.00000E+00   7.35045E+01  -8.03523E-01
  0.00000E+00   7.49335E+01  -6.20012E-01
  0.00000E+00   7.61418E+01  -5.42485E-01
  0.00000E+00   7.80119E+01  -4.25263E-01
  0.00000E+00   8.09723E+01  -4.17546E-01
  0.00000E+00   8.36835E+01  -4.13122E-01
  0.00000E+00   8.44065E+01  -3.92182E-01
  0.00000E+00   8.36364E+01  -2.56459E-01
  0.00000E+00   8.35545E+01  -1.91975E-02
  0.00000E+00   8.50005E+01   1.04949E-01
  0.00000E+00   8.73277E+01   1.39533E-01
  0.00000E+00   8.97110E+01   9.91543E-02
  0.00000E+00   9.17772E+01   9.63147E-02
  0.00000E+00   9.37281E+01   1.86060E-01
  0.00000E+00   9.53850E+01   1.65832E-01
  0.00000E+00   9.61530E+01   2.26984E-01
  0.00000E+00   9.58945E+01   2.54067E-01
  0.00000E+00   9.49099E+01   4.11116E-01
  0.00000E+00   9.36464E+01   4.28066E-01
  0.00000E+00   9.22338E+01   3.88034E-01
  0.00000E+00   9.07890E+01   2.83212E-01
  0.00000E+00   8.99740E+01   1.66587E-01
  0.00000E+00   9.01924E+01   1.16139E-01
  0.00000E+00   9.12990E+01   1.94897E-01
  0.00000E+00   9.25139E+01   1.27286E-01
  0.00000E+00   9.30264E+01   2.21887E-01
  0.00000E+00   9.24837E+01   2.55388E-01
  0.00000E+00   9.23060E+01   2.37636E-01
  0.00000E+00   9.30966E+01   2.78865E-01
  0.00000E+00   9.47300E+01   3.24826E-01
  0.00000E+00   9.66366E+01   3.17054E-01
  0.00000E+00   9.80298E+01   3.61446E-01
  0.00000E+00   9.91706E+01   3.71589E-01
  0.00000E+00   1.00332E+02   6.52396E-01
  0.00000E+00   1.00618E+02   1.00097E+00
  0.00000E+00   9.97053E+01   1.18321E+00
  0.00000E+00   9.84053E+01   1.32048E+00
  0.00000E+00   9.80198E+01   1.31040E+00
  0.00000E+00   9.88748E+01   1.33636E+00
  0.00000E+00   9.99109E+01   1.44646E+00
  0.00000E+00   1.00083E+02   1.75066E+00
  0.00000E+00   9.97374E+01   1.89044E+00
  0.00000E+00   9.87848E+01   1.86307E+00
  0.00000E+00   9.75508E+01   1.92308E+00
  0.00000E+00   9.51960E+01   1.86690E+00
  0.00000E+00   9.30352E+01   1.86251E+00
  0.00000E+00   9.29406E+01   1.90589E+00
  0.00000E+00   9.48137E+01   1.74536E+00
  0.00000E+00   9.72179E+01   1.55378E+00
  0.00000E+00   9.90590E+01   1.49037E+00
  0.00000E+00   9.89126E+01   1.50366E+00
  0.00000E+00   9.79827E+01   1.59394E+00
  0.00000E+00   9.68384E+01   1.42962E+00
  0.00000E+00   9.56315E+01   1.13501E+00
  0.00000E+00   9.44339E+01   7.89282E-01
  0.00000E+00   9.36732E+01   5.92932E-01
  0.00000E+00   9.41806E+01   4.62166E-01
  0.00000E+00   9.60021E+01   3.45745E-01
  0.00000E+00   9.76099E+01   3.99488E-01
  0.00000E+00   9.80838E+01   4.36194E-01
  0.00000E+00   9.83336E+01   4.11332E-01
  0.00000E+00   9.86316E+01   3.82518E-01
  0.00000E+00   9.88887E+01   4.63529E-01
  0.00000E+00   9.88991E+01   4.03012E-01
  0.00000E+00   9.84338E+01   5.35370E-01
  0.00000E+00   9.84531E+01   5.17821E-01
  0.00000E+00   9.89568E+01   5.67495E-01
  0.00000E+00   9.98066E+01   4.29094E-01
  0.00000E+00   9.97162E+01   1.47413E-01
  0.00000E+00   9.75976E+01  -1.30009E-01
  0.00000E+00   9.55541E+01  -3.84633E-01
  0.00000E+00   9.50844E+01  -5.20190E-01
  0.00000E+00   9.62144E+01  -6.43993E-01
  0.00000E+00   9.78066E+01  -7.92042E-01
  0.00000E+00   9.75978E+01  -9.47211E-01
  0.00000E+00   9.65094E+01  -1.11045E+00
  0.00000E+00   9.51361E+01  -1.22312E+00
  0.00000E+00   9.36967E+01  -1.33860E+00
  0.00000E+00   9.22834E+01  -1.58393E+00
  0.00000E+00   9.10682E+01  -1.80908E+00
  0.00000E+00   9.03876E+01  -2.08084E+00
  0.00000E+00   8.94693E+01  -2.02034E+00
  0.00000E+00   8.83946E+01  -1.85158E+00
  0.00000E+00   8.77257E+01  -1.60911E+00
  0.00000E+00   8.61660E+01  -1.35730E+00
  0.00000E+00   8.42462E+01  -1.31968E+00
  0.00000E+00   8.32436E+01  -1.52308E+00
  0.00000E+00   8.33247E+01  -1.92273E+00
  0.00000E+00   8.40028E+01  -2.26542E+00
  0.00000E+00   8.61325E+01  -2.52205E+00
  0.00000E+00   8.80666E+01  -2.69052E+00
