  0.00000E+00   5.92712E-03  -3.19388E-04
  0.00000E+00   8.89695E-03  -7.30794E-04
  0.00000E+00   1.39049E-02  -9.42791E-04
  0.00000E+00   1.83366E-02  -1.04848E-03
  0.00000E+00   2.24823E-02  -1.04805E-03
  0.00000E+00   2.72893E-02  -9.66984E-04
  0.00000E+00   3.32934E-02  -8.59335E-04
  0.00000E+00   4.10026E-02  -7.27701E-04
  0.00000E+00   5.10087E-02  -5.62066E-04
  0.00000E+00   6.39853E-02  -3.53506E-04
  0.00000E+00   8.06985E-02  -9.41175E-05
  0.00000E+00   1.02051E-01   2.23194E-04
  0.00000E+00   1.29166E-01   6.15037E-04
  0.00000E+00   1.63437E-01   1.10312E-03
  0.00000E+00   2.06614E-01   1.72370E-03
  0.00000E+00   2.60812E-01   2.51350E-03
  0.00000E+00   3.28635E-01   3.52815E-03
  0.00000E+00   4.13233E-01   4.83629E-03
  0.00000E+00   5.18415E-01   6.50377E-03
  0.00000E+00   6.48813E-01   8.60952E-03
  0.00000E+00   8.10035E-01   1.12403E-02
  0.00000E+00   1.00878E+00   1.44786E-02
  0.00000E+00   1.25300E+00   1.84175E-02
  0.00000E+00   1.55197E+00   2.31493E-02
  0.00000E+00   1.91640E+00   2.87539E-02
  0.00000E+00   2.35834E+00   3.52967E-02
  0.00000E+00   2.89090E+00   4.27709E-02
  0.00000E+00   3.52788E+00   5.10380E-02
  0.00000E+00   4.28326E+00   5.97626E-02
  0.00000E+00   5.17075E+00   6.82548E-02
  0.00000E+00   6.20340E+00   7.55307E-02
  0.00000E+00   7.39321E+00   8.03037E-02
  0.00000E+00   8.75094E+00   8.12536E-02
  0.00000E+00   1.02863E+01   7.72084E-02
  0.00000E+00   1.20079E+01   6.69656E-02
  0.00000E+00   1.39218E+01   5.06971E-02
  0.00000E+00   1.60284E+01   2.96496E-02
  0.00000E+00   1.83143E+01   4.73361E-03
  0.00000E+00   2.07372E+01  -2.31808E-02
  0.00000E+00   2.32050E+01  -5.62514E-02
  0.00000E+00   2.55641E+01  -9.64803E-02
  0.00000E+00   2.75812E+01  -1.45452E-01
  0.00000E+00   2.88857E+01  -1.97560E-01
  0.00000E+00   2.89054E+01  -1.72551E-01
  0.00000E+00   2.74436E+01  -1.70276E-03
  0.00000E+00   2.54296E+01   2.13285E-01
  0.00000E+00   2.39111E+01   2.08360E-01
  0.00000E+00   2.29466E+01   2.45136E-01
  0.00000E+00   2.20255E+01   2.64010E-01
  0.00000E+00   2.11492E+01   2.67964E-01
  0.00000E+00   2.07143E+01   4.36878E-01
  0.00000E+00   2.06289E+01   5.31898E-01
  0.00000E+00   2.09092E+01   4.74606E-01
  0.00000E+00   2.14717E+01   4.25792E-01
  0.00000E+00   2.21811E+01   2.16406E-01
  0.00000E+00   2.28444E+01   6.67586E-02
  0.00000E+00   2.34857E+01   7.27749E-02
  0.00000E+00   2.43278E+01   1.18074E-01
  0.00000E+00   2.53277E+01   8.77882E-02
  0.00000E+00   2.65339E+01   5.90786E-02
  0.00000E+00   2.77080E+01   7.33930E-02
  0.00000E+00   2.89359E+01   1.65560E-01
  0.00000E+00   3.03515E+01   3.27923E-01
  0.00000E+00   3.18920E+01   4.41249E-01
  0.00000E+00   3.38251E+01   6.38405E-01
  0.00000E+00   3.62882E+01   8.18491E-01
  0.00000E+00   3.90270E+01   9.14463E-01
  0.00000E+00   4.16053E+01   8.65451E-01
  0.00000E+00   4.38749E+01   8.77843E-01
  0.00000E+00   4.61993E+01   7.58915E-01
  0.00000E+00   4.86352E+01   7.28129E-01
  0.00000E+00   5.07734E+01   7.27342E-01
  0.00000E+00   5.23232E+01   6.65515E-01
  0.00000E+00   5.38038E+01   5.23823E-01
  0.00000E+00   5.51487E+01   3.18711E-01
  0.00000E+00   5.58123E+01   1.27502E-01
  0.00000E+00   5.60057E+01  -1.43458E-01
  0.00000E+00   5.57184E+01  -3.23896E-01
  0.00000E+00   5.45457E+01  -3.03349E-01
  0.00000E+00   5.22793E+01  -2.80659E-01
  0.00000E+00   4.93696E+01  -3.25063E-01
  0.00000E+00   4.65520E+01  -3.47992E-01
  0.00000E+00   4.40016E+01  -4.28677E-01
  0.00000E+00   4.30352E+01  -6.60070E-01
  0.00000E+00   4.35038E+01  -9.77745E-01
  0.00000E+00   4.44686E+01  -1.01521E+00
  0.00000E+00   4.48619E+01  -1.01555E+00
  0.00000E+00   4.45263E+01  -9.44267E-01
  0.00000E+00   4.36175E+01  -8.14933E-01
  0.00000E+00   4.33639E+01  -6.25742E-01
  0.00000E+00   4.40297E+01  -5.93800E-01
  0.00000E+00   4.52583E+01  -6.17941E-01
  0.00000E+00   4.66442E+01  -5.65922E-01
  0.00000E+00   4.75493E+01  -5.96922E-01
  0.00000E+00   4.74546E+01  -6.16970E-01
  0.00000E+00   4.62639E+01  -7.29502E-01
  0.00000E+00   4.47351E+01  -7.65001E-01
  0.00000E+00   4.37612E+01  -7.86501E-01
  0.00000E+00   4.34884E+01  -9.13021E-01
  0.00000E+00   4.36407E+01  -8.96450E-01
  0.00000E+00   4.39252E+01  -7.38130E-01
  0.00000E+00   4.41772E+01  -5.19438E-01
  0.00000E+00   4.45933E+01  -3.70440E-01
  0.00000E+00   4.57235E+01  -2.75058E-01
  0.00000E+00   4.73819E+01  -1.66705E-01
  0.00000E+00   4.88816E+01  -2.02715E-01
  0.00000E+00   4.99013E+01  -2.19807E-01
  0.00000E+00   5.03576E+01  -1.76287E-01
  0.00000E+00   5.08035E+01  -2.15924E-01
  0.00000E+00   5.22005E+01  -2.35772E-01
  0.00000E+00   5.44873E+01  -2.93005E-01
  0.00000E+00   5.67725E+01  -4.85544E-01
  0.00000E+00   5.73639E+01  -7.24260E-01
  0.00000E+00   5.55001E+01  -9.26829E-01
  0.00000E+00   5.29346E+01  -1.01255E+00
  0.00000E+00   5.17594E+01  -9.86614E-01
  0.00000E+00   5.22091E+01  -8.87160E-01
  0.00000E+00   5.35043E+01  -8.52967E-01
  0.00000E+00   5.50133E+01  -7.79418E-01
  0.00000E+00   5.65971E+01  -5.52514E-01
  0.00000E+00   5.82624E+01  -3.02416E-01
  0.00000E+00   6.04277E+01  -1.14441E-01
  0.00000E+00   6.20409E+01   6.15806E-02
  0.00000E+00   6.28894E+01   1.13153E-01
  0.00000E+00   6.28423E+01   1.38611E-01
  0.00000E+00   6.27504E+01   3.37763E-01
  0.00000E+00   6.32258E+01   5.25167E-01
  0.00000E+00   6.42438E+01   6.33907E-01
  0.00000E+00   6.55689E+01   6.51518E-01
  0.00000E+00   6.62920E+01   6.41998E-01
  0.00000E+00   6.57867E+01   6.45955E-01
  0.00000E+00   6.45640E+01   6.23620E-01
  0.00000E+00   6.34894E+01   7.69162E-01
  0.00000E+00   6.31384E+01   8.08920E-01
  0.00000E+00   6.38383E+01   7.94125E-01
  0.00000E+00   6.56588E+01   8.27793E-01
  0.00000E+00   6.74316E+01   8.07914E-01
  0.00000E+00   6.82033E+01   7.53749E-01
  0.00000E+00   6.76330E+01   8.21479E-01
  0.00000E+00   6.59997E+01   1.16202E+00
  0.00000E+00   6.42351E+01   1.36938E+00
  0.00000E+00   6.37425E+01   1.34671E+00
  0.00000E+00   6.45750E+01   1.39311E+00
  0.00000E+00   6.65987E+01   1.29182E+00
  0.00000E+00   6.86324E+01   1.27819E+00
  0.00000E+00   6.92466E+01   1.37860E+00
  0.00000E+00   6.86091E+01   1.32115E+00
  0.00000E+00   6.74329E+01   1.29559E+00
  0.00000E+00   6.67956E+01   1.30389E+00
  0.00000E+00   6.71809E+01   1.32451E+00
  0.00000E+00   6.88604E+01   1.33947E+00
  0.00000E+00   7.01260E+01   1.40302E+00
  0.00000E+00   6.92486E+01   1.52473E+00
  0.00000E+00   6.67743E+01   1.71702E+00
  0.00000E+00   6.37751E+01   1.76882E+00
  0.00000E+00   6.09093E+01   1.79701E+00
  0.00000E+00   5.88704E+01   1.69833E+00
  0.00000E+00   5.79280E+01   1.62575E+00
  0.00000E+00   5.77579E+01   1.62485E+00
  0.00000E+00   5.80800E+01   1.72423E+00
  0.00000E+00   5.79963E+01   1.83876E+00
  0.00000E+00   5.74401E+01   1.79993E+00
  0.00000E+00   5.65447E+01   1.88616E+00
  0.00000E+00   5.59127E+01   1.95026E+00
  0.00000E+00   5.60188E+01   1.90257E+00
  0.00000E+00   5.68803E+01   1.84824E+00
  0.00000E+00   5.83607E+01   1.80082E+00
  0.00000E+00   6.00479E+01   1.88206E+00
  0.00000E+00   6.15968E+01   1.88685E+00
  0.00000E+00   6.29217E+01   1.73051E+00
  0.00000E+00   6.44411E+01   1.56301E+00
  0.00000E+00   6.61571E+01   1.33519E+00
  0.00000E+00   6.81128E+01   1.26699E+00
  0.00000E+00   7.01815E+01   1.15618E+00
  0.00000E+00   7.22767E+01   1.17761E+00
  0.00000E+00   7.42713E+01   1.13552E+00
  0.00000E+00   7.61639E+01   1.05542E+00
  0.00000E+00   7.76922E+01   1.00708E+00
  0.00000E+00   7.86164E+01   1.00412E+00
  0.00000E+00   7.91369E+01   1.04669E+00
  0.00000E+00   7.93433E+01   1.14086E+00
  0.00000E+00   7.96269E+01   1.15239E+00
  0.00000E+00   8.00492E+01   1.12407E+00
  0.00000E+00   8.01395E+01   1.10561E+00
  0.00000E+00   7.95056E+01   9.56636E-01
  0.00000E+00   7.82603E+01   6.58748E-01
  0.00000E+00   7.58701E+01   5.10035E-01
  0.00000E+00   7.28911E+01   2.74023E-01
  0.00000E+00   7.05446E+01   2.37989E-01
  0.00000E+00   6.93981E+01   1.35112E-01
  0.00000E+00   6.96865E+01  -4.77231E-02
  0.00000E+00   7.13843E+01  -2.51764E-01
  0.00000E+00   7.34546E+01  -4.97712E-01
  0.00000E+00   7.51028E+01  -6.78483E-01
  0.00000E+00   7.50025E+01  -8.33300E-01
  0.00000E+00   7.28612E+01  -9.27717E-01
  0.00000E+00   7.00555E+01  -9.33773E-01
  0.00000E+00   6.77661E+01  -8.57194E-01
  0.00000E+00   6.64259E+01  -7.60325E-01
  0.00000E+00   6.56775E+01  -8.15965E-01
  0.00000E+00   6.58058E+01  -8.75871E-01
  0.00000E+00   6.64929E+01  -9.98380E-01
  0.00000E+00   6.73549E+01  -9.60338E-01
  0.00000E+00   6.83672E+01  -8.44804E-01
  0.00000E+00   6.93880E+01  -6.13057E-01
  0.00000E+00   7.03897E+01  -4.37356E-01
  0.00000E+00   7.17496E+01  -2.41945E-01
  0.00000E+00   7.35753E+01  -1.15152E-01
  0.00000E+00   7.49828E+01   6.07145E-02
  0.00000E+00   7.57488E+01   1.98864E-01
  0.00000E+00   7.66572E+01   3.02724E-01
  0.00000E+00   7.80392E+01   4.52451E-01
  0.00000E+00   7.97176E+01   4.54355E-01
  0.00000E+00   8.14424E+01   3.08502E-01
  0.00000E+00   8.27871E+01   2.62540E-01
  0.00000E+00   8.28516E+01   2.36285E-01
  0.00000E+00   8.22015E+01   1.87218E-01
  0.00000E+00   8.16804E+01   1.87832E-01
  0.00000E+00   8.13060E+01   2.05949E-01
  0.00000E+00   8.11739E+01   3.42869E-01
  0.00000E+00   8.18222E+01   3.91272E-01
  0.00000E+00   8.26869E+01   3.99804E-01
  0.00000E+00   8.34978E+01   3.56917E-01
  0.00000E+00   8.45421E+01   4.53859E-01
  0.00000E+00   8.51694E+01   5.65367E-01
  0.00000E+00   8.57072E+01   6.70893E-01
  0.00000E+00   8.66213E+01   8.65537E-01
  0.00000E+00   8.78731E+01   1.12745E+00
  0.00000E+00   8.93261E+01   1.50713E+00
  0.00000E+00   9.00992E+01   1.84846E+00
  0.00000E+00   9.02446E+01   2.09334E+00
  0.00000E+00   9.05116E+01   2.22295E+00
  0.00000E+00   9.07704E+01   2.29763E+00
  0.00000E+00   9.11195E+01   2.33745E+00
  0.00000E+00   9.15046E+01   2.30423E+00
  0.00000E+00   9.25971E+01   2.15681E+00
  0.00000E+00   9.42780E+01   2.17179E+00
  0.00000E+00   9.60463E+01   2.10160E+00
  0.00000E+00   9.83850E+01   1.84666E+00
  0.00000E+00   1.00464E+02   1.58021E+00
  0.00000E+00   1.01771E+02   1.22124E+00
  0.00000E+00   1.01451E+02   1.08628E+00
  0.00000E+00   1.00035E+02   9.79872E-01
  0.00000E+00   9.81180E+01   8.69973E-01
  0.00000E+00   9.71779E+01   9.01472E-01
  0.00000E+00   9.70268E+01   9.46898E-01
  0.00000E+00   9.78240E+01   1.02257E+00
  0.00000E+00   9.95374E+01   1.01658E+00
  0.00000E+00   1.01244E+02   8.48830E-01
  0.00000E+00   1.01920E+02   7.40440E-01
  0.00000E+00   1.01405E+02   6.60466E-01
  0.00000E+00   1.00686E+02   6.32818E-01
  0.00000E+00   1.01298E+02   7.72452E-01
  0.00000E+00   1.03531E+02   9.56014E-01
  0.00000E+00   1.06081E+02   9.09069E-01
  0.00000E+00   1.07756E+02   8.80690E-01
  0.00000E+00   1.08472E+02   9.53209E-01
  0.00000E+00   1.08023E+02   7.71737E-01
  0.00000E+00   1.06609E+02   5.24391E-01
  0.00000E+00   1.06634E+02   3.63020E-01
  0.00000E+00   1.08482E+02   3.48514E-01
  0.00000E+00   1.11624E+02   4.66896E-01
  0.00000E+00   1.14253E+02   5.72978E-01
  0.00000E+00   1.16754E+02   3.92725E-01
  0.00000E+00   1.18557E+02   2.79628E-01
  0.00000E+00   1.19856E+02   1.95570E-01
  0.00000E+00   1.20760E+02   1.42658E-01
  0.00000E+00   1.21766E+02   6.37925E-02
  0.00000E+00   1.22671E+02   4.45115E-02
  0.00000E+00   1.22899E+02   8.68381E-02
  0.00000E+00   1.22430E+02   3.40432E-01
  0.00000E+00   1.21545E+02   5.26746E-01
  0.00000E+00   1.20791E+02   5.01365E-01
  0.00000E+00   1.19657E+02   3.82368E-01
  0.00000E+00   1.17837E+02   5.88380E-01
  0.00000E+00   1.15083E+02   7.74930E-01
  0.00000E+00   1.12015E+02   8.27918E-01
  0.00000E+00   1.09754E+02   7.27110E-01
  0.00000E+00   1.08554E+02   6.44264E-01
  0.00000E+00   1.08098E+02   4.68621E-01
  0.00000E+00   1.07883E+02   4.85764E-01
  0.00000E+00   1.08097E+02   6.17100E-01
  0.00000E+00   1.08412E+02   5.90390E-01
  0.00000E+00   1.07425E+02   5.17340E-01
  0.00000E+00   1.05267E+02   4.54704E-01
  0.00000E+00   1.03621E+02   3.71989E-01
  0.00000E+00   1.02649E+02   3.88694E-01
  0.00000E+00   1.02064E+02   5.69148E-01
  0.00000E+00   1.00399E+02   6.82942E-01
  0.00000E+00   9.77268E+01   9.19448E-01
  0.00000E+00   9.59891E+01   1.16181E+00
  0.00000E+00   9.45679E+01   1.01027E+00
  0.00000E+00   9.38711E+01   1.13227E+00
  0.00000E+00   9.43321E+01   1.22145E+00
  0.00000E+00   9.55407E+01   1.24893E+00
  0.00000E+00   9.61489E+01   1.21702E+00
  0.00000E+00   9.61040E+01   1.38103E+00
  0.00000E+00   9.52733E+01   1.38620E+00
  0.00000E+00   9.28934E+01   1.22231E+00
  0.00000E+00   9.08012E+01   1.06994E+00
  0.00000E+00   8.96522E+01   1.06872E+00
  0.00000E+00   9.00438E+01   9.82695E-01
  0.00000E+00   9.10591E+01   8.88526E-01
  0.00000E+00   9.14782E+01   8.03578E-01
  0.00000E+00   8.99598E+01   7.28889E-01
  0.00000E+00   8.72891E+01   8.81205E-01
  0.00000E+00   8.44679E+01   9.14499E-01
  0.00000E+00   8.24804E+01   1.03259E+00
  0.00000E+00   8.15998E+01   9.37936E-01
  0.00000E+00   8.16383E+01   7.33889E-01
  0.00000E+00   8.22770E+01   6.93158E-01
  0.00000E+00   8.26736E+01   5.78594E-01
  0.00000E+00   8.22860E+01   4.10531E-01
  0.00000E+00   8.05758E+01   1.60092E-01
  0.00000E+00   7.82253E+01   4.67160E-02
  0.00000E+00   7.56184E+01   8.81839E-02
  0.00000E+00   7.28673E+01   2.90594E-01
  0.00000E+00   7.05629E+01   5.25320E-01
  0.00000E+00   6.91877E+01   8.13970E-01
  0.00000E+00   6.89745E+01   9.12104E-01
  0.00000E+00   6.93247E+01   1.10411E+00
  0.00000E+00   6.97490E+01   1.32917E+00
  0.00000E+00   6.99131E+01   1.39393E+00
  0.00000E+00   6.98113E+01   1.45147E+00
  0.00000E+00   6.96238E+01   1.30846E+00
  0.00000E+00   6.96999E+01   1.29974E+00
  0.00000E+00   6.95969E+01   1.29248E+00
  0.00000E+00   6.97340E+01   1.36667E+00
  0.00000E+00   7.01891E+01   1.51298E+00
  0.00000E+00   7.05823E+01   1.63265E+00
  0.00000E+00   7.10476E+01   1.70940E+00
  0.00000E+00   7.16630E+01   1.76444E+00
  0.00000E+00   7.20472E+01   1.87452E+00
  0.00000E+00   7.25068E+01   1.94310E+00
  0.00000E+00   7.23088E+01   2.00259E+00
  0.00000E+00   7.13411E+01   2.16046E+00
  0.00000E+00   7.05696E+01   2.33542E+00
  0.00000E+00   7.02757E+01   2.49094E+00
  0.00000E+00   7.05433E+01   2.45269E+00
  0.00000E+00   7.14559E+01   2.32157E+00
  0.00000E+00   7.22371E+01   2.10880E+00
  0.00000E+00   7.22022E+01   2.00277E+00
  0.00000E+00   7.19428E+01   1.98727E+00
  0.00000E+00   7.11046E+01   1.97345E+00
  0.00000E+00   7.01843E+01   1.99553E+00
  0.00000E+00   6.96089E+01   2.08833E+00
  0.00000E+00   6.94179E+01   2.34655E+00
  0.00000E+00   6.95087E+01   2.52292E+00
  0.00000E+00   6.98530E+01   2.62692E+00
  0.00000E+00   6.99976E+01   2.64101E+00
  0.00000E+00   6.99800E+01   2.37006E+00
  0.00000E+00   6.99937E+01   2.24201E+00
  0.00000E+00   6.98571E+01   2.18677E+00
  0.00000E+00   6.98763E+01   2.13618E+00
  0.00000E+00   7.00445E+01   2.08159E+00
  0.00000E+00   7.02233E+01   1.91801E+00
  0.00000E+00   7.06477E+01   1.83075E+00
  0.00000E+00   7.13836E+01   1.88062E+00
  0.00000E+00   7.25307E+01   1.98038E+00
  0.00000E+00   7.32577E+01   1.92796E+00
  0.00000E+00   7.27526E+01   1.80314E+00
  0.00000E+00   7.15940E+01   1.67816E+00
  0.00000E+00   6.98784E+01   1.48527E+00
  0.00000E+00   6.79323E+01   1.33186E+00
  0.00000E+00   6.64658E+01   1.20524E+00
  0.00000E+00   6.56210E+01   9.65839E-01
  0.00000E+00   6.56028E+01   7.58708E-01
  0.00000E+00   6.63091E+01   5.62998E-01
  0.00000E+00   6.72090E+01   3.51615E-01
  0.00000E+00   6.76990E+01   1.01793E-01
  0.00000E+00   6.75947E+01   8.00924E-03
  0.00000E+00   6.71531E+01   8.08514E-02
  0.00000E+00   6.67747E+01   1.89719E-01
  0.00000E+00   6.64054E+01   2.11103E-01
  0.00000E+00   6.64145E+01   1.91464E-01
  0.00000E+00   6.68261E+01   6.55478E-02
  0.00000E+00   6.77908E+01   8.54543E-03
  0.00000E+00   6.86105E+01   1.83886E-02
  0.00000E+00   6.90707E+01  -6.35307E-02
  0.00000E+00   6.92924E+01  -2.45050E-01
  0.00000E+00   6.93568E+01  -3.77816E-01
  0.00000E+00   6.93658E+01  -4.26744E-01
  0.00000E+00   6.94727E+01  -4.39371E-01
  0.00000E+00   6.95774E+01  -5.08989E-01
  0.00000E+00   6.94348E+01  -6.91083E-01
  0.00000E+00   6.87957E+01  -9.01199E-01
  0.00000E+00   6.79534E+01  -9.50476E-01
  0.00000E+00   6.75472E+01  -9.27491E-01
  0.00000E+00   6.80690E+01  -8.36022E-01
  0.00000E+00   6.89591E+01  -7.00537E-01
  0.00000E+00   6.99791E+01  -4.67665E-01
  0.00000E+00   7.08598E+01  -4.37431E-01
  0.00000E+00   7.12492E+01  -5.45666E-01
  0.00000E+00   7.12376E+01  -6.44100E-01
  0.00000E+00   7.12639E+01  -7.01171E-01
  0.00000E+00   7.09678E+01  -7.89127E-01
  0.00000E+00   7.02321E+01  -9.51262E-01
  0.00000E+00   6.94567E+01  -1.02031E+00
  0.00000E+00   6.87763E+01  -7.95720E-01
  0.00000E+00   6.87715E+01  -4.59351E-01
  0.00000E+00   6.92772E+01  -1.55925E-01
  0.00000E+00   7.01874E+01   1.34643E-01
  0.00000E+00   7.11901E+01   3.40937E-01
  0.00000E+00   7.18371E+01   4.70199E-01
  0.00000E+00   7.22479E+01   5.94443E-01
  0.00000E+00   7.24984E+01   7.23387E-01
  0.00000E+00   7.27941E+01   8.20495E-01
  0.00000E+00   7.33281E+01   9.48647E-01
  0.00000E+00   7.40987E+01   1.03254E+00
  0.00000E+00   7.50436E+01   1.02229E+00
  0.00000E+00   7.62208E+01   1.06526E+00
  0.00000E+00   7.71149E+01   9.39337E-01
  0.00000E+00   7.84757E+01   8.27009E-01
  0.00000E+00   7.99000E+01   6.90416E-01
  0.00000E+00   8.06602E+01   5.51301E-01
  0.00000E+00   8.10164E+01   3.33669E-01
  0.00000E+00   8.14559E+01   8.01200E-02
  0.00000E+00   8.23014E+01  -1.52793E-01
  0.00000E+00   8.34968E+01  -2.90386E-01
  0.00000E+00   8.44051E+01  -5.17673E-01
  0.00000E+00   8.45680E+01  -7.93511E-01
  0.00000E+00   8.37494E+01  -1.14299E+00
  0.00000E+00   8.21630E+01  -1.50038E+00
  0.00000E+00   8.09613E+01  -1.83156E+00
  0.00000E+00   7.97371E+01  -2.07151E+00
  0.00000E+00   7.85760E+01  -2.30502E+00
  0.00000E+00   7.74074E+01  -2.51490E+00
  0.00000E+00   7.59177E+01  -2.65161E+00
  0.00000E+00   7.33604E+01  -2.73266E+00
  0.00000E+00   7.13197E+01  -2.72786E+00
  0.00000E+00   6.96632E+01  -2.68106E+00
  0.00000E+00   6.82865E+01  -2.67271E+00
  0.00000E+00   6.71333E+01  -2.67103E+00
  0.00000E+00   6.63598E+01  -2.51435E+00
  0.00000E+00   6.59302E+01  -2.17826E+00
  0.00000E+00   6.57571E+01  -1.86827E+00
  0.00000E+00   6.49788E+01  -1.74037E+00
  0.00000E+00   6.36106E+01  -1.53251E+00
  0.00000E+00   6.24446E+01  -1.32046E+00
  0.00000E+00   6.20727E+01  -1.19415E+00
  0.00000E+00   6.25881E+01  -1.22637E+00
  0.00000E+00   6.34103E+01  -1.33119E+00
  0.00000E+00   6.42286E+01  -1.44568E+00
  0.00000E+00   6.51469E+01  -1.59075E+00
  0.00000E+00   6.61448E+01  -1.71528E+00
  0.00000E+00   6.70914E+01  -1.78263E+00
  0.00000E+00   6.79671E+01  -1.80068E+00
  0.00000E+00   6.83868E+01  -1.67168E+00
  0.00000E+00   6.84037E+01  -1.36111E+00
  0.00000E+00   6.87690E+01  -1.09855E+00
  0.00000E+00   6.98973E+01  -1.01808E+00
  0.00000E+00   7.16259E+01  -1.04959E+00
  0.00000E+00   7.34649E+01  -1.06778E+00
  0.00000E+00   7.44714E+01  -1.06216E+00
  0.00000E+00   7.46125E+01  -1.12184E+00
  0.00000E+00   7.38026E+01  -1.26502E+00
  0.00000E+00   7.26948E+01  -1.38448E+00
  0.00000E+00   7.17858E+01  -1.43607E+00
  0.00000E+00   7.14578E+01  -1.41555E+00
  0.00000E+00   7.16635E+01  -1.33338E+00
  0.00000E+00   7.21099E+01  -1.47636E+00
  0.00000E+00   7.24026E+01  -1.58285E+00
  0.00000E+00   7.24454E+01  -1.65354E+00
  0.00000E+00   7.22448E+01  -1.75526E+00
  0.00000E+00   7.19621E+01  -1.77070E+00
  0.00000E+00   7.20311E+01  -1.83236E+00
  0.00000E+00   7.20820E+01  -1.88114E+00
  0.00000E+00   7.20774E+01  -1.87937E+00
  0.00000E+00   7.25316E+01  -1.85049E+00
  0.00000E+00   7.36386E+01  -1.84518E+00
  0.00000E+00   7.50419E+01  -1.84052E+00
  0.00000E+00   7.64697E+01  -1.73762E+00
  0.00000E+00   7.74693E+01  -1.63888E+00
  0.00000E+00   7.79640E+01  -1.50515E+00
  0.00000E+00   7.76997E+01  -1.39658E+00
  0.00000E+00   7.67905E+01  -1.40640E+00
  0.00000E+00   7.54086E+01  -1.35112E+00
  0.00000E+00   7.42130E+01  -1.24350E+00
  0.00000E+00   7.36751E+01  -1.17088E+00
  0.00000E+00   7.36190E+01  -1.04108E+00
  0.00000E+00   7.37135E+01  -7.30311E-01
  0.00000E+00   7.40875E+01  -6.07522E-01
  0.00000E+00   7.40723E+01  -5.86424E-01
  0.00000E+00   7.37477E+01  -6.53630E-01
  0.00000E+00   7.36747E+01  -5.81748E-01
  0.00000E+00   7.37668E+01  -4.45977E-01
  0.00000E+00   7.38870E+01  -2.79801E-01
  0.00000E+00   7.39276E+01  -1.36467E-01
  0.00000E+00   7.41168E+01  -1.17801E-01
  0.00000E+00   7.42835E+01  -1.79778E-01
  0.00000E+00   7.40145E+01  -2.30440E-01
  0.00000E+00   7.35162E+01  -1.69620E-01
  0.00000E+00   7.30768E+01  -3.48824E-02
  0.00000E+00   7.29471E+01   9.55774E-02
  0.00000E+00   7.27689E+01   1.95738E-01
  0.00000E+00   7.27100E+01   3.47055E-01
  0.00000E+00   7.27820E+01   5.09066E-01
  0.00000E+00   7.30422E+01   5.38241E-01
  0.00000E+00   7.28771E+01   4.73788E-01
  0.00000E+00   7.18886E+01   5.23550E-01
  0.00000E+00   7.06027E+01   6.14745E-01
  0.00000E+00   6.96592E+01   6.67606E-01
  0.00000E+00   6.92779E+01   7.88617E-01
  0.00000E+00   6.97194E+01   8.92784E-01
  0.00000E+00   7.01408E+01   9.28926E-01
  0.00000E+00   6.99641E+01   9.25384E-01
  0.00000E+00   6.94823E+01   9.53030E-01
  0.00000E+00   6.91803E+01   1.01483E+00
  0.00000E+00   6.90207E+01   1.13825E+00
  0.00000E+00   6.93921E+01   1.07960E+00
  0.00000E+00   7.05666E+01   1.05034E+00
  0.00000E+00   7.21250E+01   1.03011E+00
  0.00000E+00   7.33844E+01   1.09526E+00
  0.00000E+00   7.40986E+01   1.09408E+00
  0.00000E+00   7.43099E+01   1.07336E+00
  0.00000E+00   7.42753E+01   1.07105E+00
  0.00000E+00   7.45367E+01   1.01332E+00
  0.00000E+00   7.51515E+01   8.63021E-01
  0.00000E+00   7.55629E+01   6.71182E-01
  0.00000E+00   7.58900E+01   4.59812E-01
  0.00000E+00   7.60345E+01   2.67346E-01
  0.00000E+00   7.60746E+01   2.06346E-01
  0.00000E+00   7.63039E+01   2.06505E-01
  0.00000E+00   7.62611E+01   1.92107E-01
  0.00000E+00   7.58091E+01   1.49338E-01
  0.00000E+00   7.53813E+01   1.33913E-01
  0.00000E+00   7.47952E+01   1.65581E-01
  0.00000E+00   7.40880E+01   3.15891E-01
  0.00000E+00   7.36675E+01   2.67518E-01
  0.00000E+00   7.34547E+01   1.46979E-01
  0.00000E+00   7.35056E+01   2.13963E-01
  0.00000E+00   7.43712E+01   2.38651E-01
  0.00000E+00   7.53202E+01   3.31050E-01
  0.00000E+00   7.59332E+01   3.17787E-01
  0.00000E+00   7.65790E+01   2.74192E-01
  0.00000E+00   7.76096E+01   2.20294E-01
  0.00000E+00   7.94321E+01   4.55821E-03
  0.00000E+00   8.11915E+01  -2.26743E-01
  0.00000E+00   8.23555E+01  -3.04861E-01
  0.00000E+00   8.28188E+01  -4.49894E-01
  0.00000E+00   8.24360E+01  -3.64459E-01
  0.00000E+00   8.12285E+01  -9.06982E-02
  0.00000E+00   8.05458E+01   2.05461E-01
  0.00000E+00   8.12915E+01   5.09663E-01
  0.00000E+00   8.28610E+01   5.82938E-01
  0.00000E+00   8.39109E+01   6.58949E-01
  0.00000E+00   8.44930E+01   8.21218E-01
  0.00000E+00   8.46112E+01   9.42404E-01
  0.00000E+00   8.47312E+01   1.12456E+00
  0.00000E+00   8.49328E+01   1.42126E+00
  0.00000E+00   8.53311E+01   1.70733E+00
  0.00000E+00   8.54375E+01   1.79313E+00
  0.00000E+00   8.49433E+01   1.72815E+00
  0.00000E+00   8.37522E+01   1.73534E+00
  0.00000E+00   8.24534E+01   1.70202E+00
  0.00000E+00   8.18123E+01   1.72134E+00
  0.00000E+00   8.17101E+01   1.65315E+00
  0.00000E+00   8.23313E+01   1.60689E+00
  0.00000E+00   8.31178E+01   1.53481E+00
  0.00000E+00   8.31252E+01   1.51990E+00
  0.00000E+00   8.19435E+01   1.37428E+00
  0.00000E+00   8.04018E+01   1.20357E+00
  0.00000E+00   7.95871E+01   1.03286E+00
  0.00000E+00   7.96488E+01   8.88675E-01
  0.00000E+00   7.96414E+01   7.87058E-01
  0.00000E+00   7.95545E+01   6.77313E-01
  0.00000E+00   7.93567E+01   6.37300E-01
  0.00000E+00   7.90406E+01   5.57267E-01
  0.00000E+00   7.87701E+01   5.18349E-01
  0.00000E+00   7.84726E+01   3.83883E-01
  0.00000E+00   7.85456E+01   1.34149E-01
  0.00000E+00   7.88355E+01  -7.07104E-03
  0.00000E+00   7.91930E+01  -1.47477E-01
  0.00000E+00   7.92349E+01  -3.00959E-01
  0.00000E+00   7.83897E+01  -3.64014E-01
  0.00000E+00   7.71681E+01  -3.38208E-01
  0.00000E+00   7.63594E+01  -3.78099E-01
  0.00000E+00   7.59317E+01  -2.73437E-01
  0.00000E+00   7.64080E+01  -2.80402E-01
  0.00000E+00   7.77242E+01  -3.49053E-01
  0.00000E+00   7.97666E+01  -4.98286E-01
  0.00000E+00   8.18218E+01  -5.14854E-01
  0.00000E+00   8.36990E+01  -5.70705E-01
  0.00000E+00   8.52244E+01  -6.07657E-01
  0.00000E+00   8.59571E+01  -5.58435E-01
  0.00000E+00   8.60276E+01  -4.58411E-01
  0.00000E+00   8.57807E+01  -4.46439E-01
  0.00000E+00   8.57419E+01  -4.27416E-01
  0.00000E+00   8.59303E+01  -3.70242E-01
  0.00000E+00   8.67443E+01  -3.22059E-01
  0.00000E+00   8.79893E+01  -4.98312E-02
  0.00000E+00   8.94396E+01   2.17158E-01
  0.00000E+00   9.10124E+01   5.18253E-01
  0.00000E+00   9.24609E+01   7.50062E-01
  0.00000E+00   9.32832E+01   8.66793E-01
  0.00000E+00   9.32693E+01   8.06880E-01
  0.00000E+00   9.26663E+01   5.56211E-01
  0.00000E+00   9.23172E+01   3.86581E-01
  0.00000E+00   9.28679E+01   3.69164E-01
  0.00000E+00   9.41564E+01   3.17093E-01
  0.00000E+00   9.56423E+01   4.07832E-01
  0.00000E+00   9.68763E+01   4.90451E-01
  0.00000E+00   9.79939E+01   5.47140E-01
  0.00000E+00   9.91405E+01   5.30764E-01
  0.00000E+00   9.98395E+01   4.32954E-01
  0.00000E+00   1.00592E+02   3.88313E-01
  0.00000E+00   1.01800E+02   4.74837E-01
  0.00000E+00   1.03501E+02   5.57563E-01
  0.00000E+00   1.05660E+02   6.41842E-01
  0.00000E+00   1.08178E+02   6.95381E-01
  0.00000E+00   1.10840E+02   6.38272E-01
  0.00000E+00   1.13059E+02   7.32544E-01
  0.00000E+00   1.14412E+02   7.93715E-01
  0.00000E+00   1.15139E+02   8.19188E-01
  0.00000E+00   1.15811E+02   6.67535E-01
  0.00000E+00   1.16932E+02   3.59938E-01
  0.00000E+00   1.18424E+02   2.25963E-02
  0.00000E+00   1.19569E+02  -5.04130E-01
  0.00000E+00   1.20469E+02  -1.02911E+00
  0.00000E+00   1.20569E+02  -1.41559E+00
  0.00000E+00   1.20379E+02  -1.66152E+00
  0.00000E+00   1.20834E+02  -1.64961E+00
  0.00000E+00   1.22098E+02  -1.66257E+00
  0.00000E+00   1.23011E+02  -1.78401E+00
  0.00000E+00   1.22620E+02  -1.84600E+00
  0.00000E+00   1.19929E+02  -1.78127E+00
  0.00000E+00   1.17588E+02  -1.57246E+00
  0.00000E+00   1.17558E+02  -1.44172E+00
  0.00000E+00   1.19043E+02  -1.39043E+00
  0.00000E+00   1.21153E+02  -1.48483E+00
  0.00000E+00   1.24030E+02  -1.47342E+00
  0.00000E+00   1.25623E+02  -1.19954E+00
  0.00000E+00   1.26573E+02  -1.15629E+00
  0.00000E+00   1.26516E+02  -1.21583E+00
  0.00000E+00   1.25984E+02  -1.44148E+00
  0.00000E+00   1.25296E+02  -1.64333E+00
  0.00000E+00   1.24725E+02  -1.74797E+00
  0.00000E+00   1.24872E+02  -1.73006E+00
  0.00000E+00   1.25379E+02  -1.62655E+00
  0.00000E+00   1.25583E+02  -1.47833E+00
  0.00000E+00   1.25434E+02  -1.35254E+00
  0.00000E+00   1.24281E+02  -1.39287E+00
  0.00000E+00   1.22027E+02  -1.33123E+00
  0.00000E+00   1.19645E+02  -1.23378E+00
  0.00000E+00   1.18903E+02  -9.68728E-01
  0.00000E+00   1.20659E+02  -8.01020E-01
  0.00000E+00   1.23124E+02  -6.67529E-01
  0.00000E+00   1.24423E+02  -5.79213E-01
  0.00000E+00   1.24388E+02  -6.32876E-01
  0.00000E+00   1.23420E+02  -8.64640E-01
  0.00000E+00   1.22147E+02  -9.56342E-01
  0.00000E+00   1.21976E+02  -6.70711E-01
  0.00000E+00   1.22378E+02  -7.62955E-01
  0.00000E+00   1.22784E+02  -7.56973E-01
  0.00000E+00   1.23705E+02  -6.09477E-01
  0.00000E+00   1.24661E+02  -3.76525E-01
  0.00000E+00   1.25076E+02  -8.08121E-02
  0.00000E+00   1.25143E+02  -2.34732E-02
  0.00000E+00   1.26926E+02  -5.64043E-02
  0.00000E+00   1.28646E+02  -3.81288E-02
  0.00000E+00   1.29661E+02  -2.04541E-01
  0.00000E+00   1.30428E+02  -1.32192E-01
  0.00000E+00   1.30762E+02  -1.59969E-02
  0.00000E+00   1.30463E+02   5.12075E-03
  0.00000E+00   1.29909E+02   3.21431E-02
  0.00000E+00   1.29939E+02   6.60621E-02
  0.00000E+00   1.31144E+02   1.15611E-01
  0.00000E+00   1.32678E+02   1.45962E-01
  0.00000E+00   1.34316E+02   6.89691E-02
  0.00000E+00   1.35467E+02  -7.16690E-03
  0.00000E+00   1.36273E+02  -2.00991E-01
  0.00000E+00   1.37052E+02  -1.99679E-01
  0.00000E+00   1.38073E+02  -3.78287E-01
  0.00000E+00   1.39148E+02  -7.52850E-01
  0.00000E+00   1.40112E+02  -1.03460E+00
  0.00000E+00   1.40540E+02  -1.20299E+00
  0.00000E+00   1.40768E+02  -1.23029E+00
  0.00000E+00   1.41012E+02  -1.37759E+00
  0.00000E+00   1.41628E+02  -1.39696E+00
  0.00000E+00   1.41650E+02  -1.50084E+00
  0.00000E+00   1.42867E+02  -1.37636E+00
  0.00000E+00   1.43986E+02  -1.28245E+00
  0.00000E+00   1.45545E+02  -1.14805E+00
  0.00000E+00   1.46878E+02  -1.16412E+00
  0.00000E+00   1.46063E+02  -1.12080E+00
  0.00000E+00   1.43883E+02  -9.90444E-01
  0.00000E+00   1.42605E+02  -9.01778E-01
  0.00000E+00   1.42624E+02  -5.89104E-01
  0.00000E+00   1.43393E+02  -4.41055E-01
  0.00000E+00   1.43754E+02  -3.32378E-01
  0.00000E+00   1.42875E+02  -5.00888E-01
  0.00000E+00   1.40752E+02  -6.31993E-01
  0.00000E+00   1.37840E+02  -3.91993E-01
  0.00000E+00   1.35701E+02  -2.04100E-01
  0.00000E+00   1.35207E+02  -4.62809E-02
  0.00000E+00   1.35649E+02   5.08317E-02
  0.00000E+00   1.35928E+02   1.59908E-01
  0.00000E+00   1.36018E+02   2.69748E-01
  0.00000E+00   1.35049E+02   3.84695E-01
  0.00000E+00   1.34208E+02   4.30852E-01
  0.00000E+00   1.33958E+02   5.88875E-01
  0.00000E+00   1.33872E+02   8.87442E-01
  0.00000E+00   1.33439E+02   1.04459E+00
  0.00000E+00   1.32489E+02   1.06849E+00
  0.00000E+00   1.31046E+02   1.06494E+00
  0.00000E+00   1.29429E+02   1.16018E+00
  0.00000E+00   1.27279E+02   1.44805E+00
  0.00000E+00   1.25861E+02   1.64106E+00
  0.00000E+00   1.25683E+02   1.93872E+00
  0.00000E+00   1.25415E+02   1.87298E+00
  0.00000E+00   1.24862E+02   1.63900E+00
  0.00000E+00   1.23717E+02   1.22164E+00
  0.00000E+00   1.23169E+02   9.69982E-01
  0.00000E+00   1.22199E+02   9.56625E-01
  0.00000E+00   1.21010E+02   9.21573E-01
  0.00000E+00   1.20386E+02   9.58979E-01
  0.00000E+00   1.20466E+02   8.31335E-01
  0.00000E+00   1.20382E+02   7.20861E-01
  0.00000E+00   1.20345E+02   5.23820E-01
  0.00000E+00   1.21028E+02   4.98771E-01
  0.00000E+00   1.21994E+02   4.34379E-01
  0.00000E+00   1.21918E+02   4.14030E-01
  0.00000E+00   1.20359E+02   4.10810E-01
  0.00000E+00   1.18745E+02   4.16749E-01
  0.00000E+00   1.17473E+02   3.45222E-01
  0.00000E+00   1.16537E+02   2.53646E-01
  0.00000E+00   1.16011E+02   3.26220E-01
  0.00000E+00   1.15306E+02   1.82337E-01
  0.00000E+00   1.14139E+02   2.22148E-01
  0.00000E+00   1.12397E+02   2.73560E-01
  0.00000E+00   1.10411E+02   2.55731E-01
  0.00000E+00   1.08037E+02   1.71630E-01
  0.00000E+00   1.05652E+02   3.11893E-01
  0.00000E+00   1.03757E+02   4.11938E-01
  0.00000E+00   1.02077E+02   5.50304E-01
  0.00000E+00   1.00845E+02   4.71339E-01
  0.00000E+00   1.00158E+02   4.41126E-01
  0.00000E+00   9.87948E+01   2.76822E-01
  0.00000E+00   9.76398E+01   1.35005E-01
  0.00000E+00   9.63052E+01   1.52585E-02
  0.00000E+00   9.46116E+01   1.11691E-01
  0.00000E+00   9.31080E+01   1.72599E-01
  0.00000E+00   9.23012E+01  -7.37644E-03
  0.00000E+00   9.20235E+01  -1.25057E-01
  0.00000E+00   9.23343E+01  -2.66955E-01
  0.00000E+00   9.31744E+01  -4.33142E-01
  0.00000E+00   9.44256E+01  -5.93090E-01
  0.00000E+00   9.63693E+01  -7.43395E-01
  0.00000E+00   9.80745E+01  -8.61844E-01
  0.00000E+00   9.92115E+01  -8.45849E-01
  0.00000E+00   9.96666E+01  -9.26899E-01
  0.00000E+00   9.97075E+01  -9.95008E-01
  0.00000E+00   9.95244E+01  -9.40831E-01
  0.00000E+00   9.95914E+01  -8.51638E-01
  0.00000E+00   9.96675E+01  -6.93154E-01
  0.00000E+00   9.93078E+01  -6.38643E-01
  0.00000E+00   9.84818E+01  -7.20899E-01
  0.00000E+00   9.74273E+01  -7.99194E-01
  0.00000E+00   9.60248E+01  -8.42357E-01
  0.00000E+00   9.50260E+01  -7.98954E-01
  0.00000E+00   9.48942E+01  -8.06301E-01
  0.00000E+00   9.46278E+01  -7.27938E-01
  0.00000E+00   9.38642E+01  -5.27023E-01
  0.00000E+00   9.24093E+01  -4.93877E-01
  0.00000E+00   9.08047E+01  -4.43005E-01
  0.00000E+00   8.92117E+01  -4.51845E-01
  0.00000E+00   8.77025E+01  -2.99045E-01
  0.00000E+00   8.61928E+01  -1.21145E-01
  0.00000E+00   8.50164E+01   1.23819E-01
  0.00000E+00   8.40312E+01   4.79254E-01
  0.00000E+00   8.22728E+01   7.38927E-01
  0.00000E+00   8.03058E+01   1.16336E+00
  0.00000E+00   7.82502E+01   1.26619E+00
  0.00000E+00   7.67473E+01   1.37577E+00
  0.00000E+00   7.55894E+01   1.50508E+00
  0.00000E+00   7.51592E+01   1.40325E+00
  0.00000E+00   7.52717E+01   1.36663E+00
  0.00000E+00   7.56989E+01   1.31505E+00
  0.00000E+00   7.55701E+01   1.37927E+00
  0.00000E+00   7.46083E+01   1.50955E+00
  0.00000E+00   7.34011E+01   1.63789E+00
  0.00000E+00   7.21884E+01   1.78826E+00
  0.00000E+00   7.07189E+01   2.00310E+00
  0.00000E+00   6.94920E+01   2.25531E+00
  0.00000E+00   6.87076E+01   2.53310E+00
  0.00000E+00   6.83375E+01   2.76453E+00
  0.00000E+00   6.83599E+01   2.83728E+00
  0.00000E+00   6.84471E+01   2.70705E+00
  0.00000E+00   6.85768E+01   2.59439E+00
  0.00000E+00   6.86107E+01   2.52262E+00
  0.00000E+00   6.87893E+01   2.37262E+00
  0.00000E+00   6.91700E+01   2.17682E+00
  0.00000E+00   6.95923E+01   1.95172E+00
  0.00000E+00   7.00228E+01   1.70678E+00
  0.00000E+00   7.03260E+01   1.61556E+00
  0.00000E+00   7.10428E+01   1.47366E+00
  0.00000E+00   7.19033E+01   1.24738E+00
  0.00000E+00   7.26825E+01   1.03147E+00
  0.00000E+00   7.34682E+01   8.55457E-01
  0.00000E+00   7.40267E+01   7.57427E-01
