  0.00000E+00   1.01307E-04   2.38465E-06
  0.00000E+00   1.01815E-04   1.56017E-06
  0.00000E+00   1.07347E-04  -1.41245E-06
  0.00000E+00   1.23324E-04  -2.62774E-06
  0.00000E+00   1.50704E-04  -2.86963E-06
  0.00000E+00   1.91550E-04  -2.57822E-06
  0.00000E+00   2.49739E-04  -1.76058E-06
  0.00000E+00   3.31726E-04  -3.18001E-07
  0.00000E+00   4.46646E-04   1.92517E-06
  0.00000E+00   6.07311E-04   5.25257E-06
  0.00000E+00   8.31789E-04   1.01028E-05
  0.00000E+00   1.14564E-03   1.71465E-05
  0.00000E+00   1.58501E-03   2.73620E-05
  0.00000E+00   2.20123E-03   4.21581E-05
  0.00000E+00   3.06709E-03   6.35349E-05
  0.00000E+00   4.28569E-03   9.43571E-05
  0.00000E+00   6.00376E-03   1.38526E-04
  0.00000E+00   8.42673E-03   2.01962E-04
  0.00000E+00   1.18493E-02   2.92083E-04
  0.00000E+00   1.66794E-02   4.20356E-04
  0.00000E+00   2.34954E-02   6.01624E-04
  0.00000E+00   3.30964E-02   8.56922E-04
  0.00000E+00   4.65850E-02   1.21568E-03
  0.00000E+00   6.54699E-02   1.71699E-03
  0.00000E+00   9.17680E-02   2.41739E-03
  0.00000E+00   1.28158E-01   3.39191E-03
  0.00000E+00   1.78119E-01   4.74338E-03
  0.00000E+00   2.46092E-01   6.60637E-03
  0.00000E+00   3.37673E-01   9.14122E-03
  0.00000E+00   4.59796E-01   1.25244E-02
  0.00000E+00   6.20921E-01   1.69213E-02
  0.00000E+00   8.31157E-01   2.24489E-02
  0.00000E+00   1.10216E+00   2.91470E-02
  0.00000E+00   1.44671E+00   3.69542E-02
  0.00000E+00   1.87785E+00   4.56704E-02
  0.00000E+00   2.40757E+00   5.48629E-02
  0.00000E+00   3.04524E+00   6.36899E-02
  0.00000E+00   3.79625E+00   7.06788E-02
  0.00000E+00   4.66129E+00   7.35825E-02
  0.00000E+00   5.63682E+00   6.94740E-02
  0.00000E+00   6.71652E+00   5.52284E-02
  0.00000E+00   7.89362E+00   2.83968E-02
  0.00000E+00   9.16268E+00  -1.19422E-02
  0.00000E+00   1.05182E+01  -6.49371E-02
  0.00000E+00   1.19493E+01  -1.28377E-01
  0.00000E+00   1.34345E+01  -1.98932E-01
  0.00000E+00   1.49375E+01  -2.73578E-01
  0.00000E+00   1.64027E+01  -3.51708E-01
  0.00000E+00   1.77908E+01  -4.31411E-01
  0.00000E+00   1.91422E+01  -4.80704E-01
  0.00000E+00   2.05119E+01  -4.74812E-01
  0.00000E+00   2.18932E+01  -4.11585E-01
  0.00000E+00   2.32234E+01  -3.04578E-01
  0.00000E+00   2.45013E+01  -1.80935E-01
  0.00000E+00   2.57753E+01  -5.78730E-02
  0.00000E+00   2.68739E+01   9.52917E-02
  0.00000E+00   2.75978E+01   2.65599E-01
  0.00000E+00   2.80318E+01   3.68640E-01
  0.00000E+00   2.83673E+01   4.69328E-01
  0.00000E+00   2.87781E+01   5.12618E-01
  0.00000E+00   2.93133E+01   4.42600E-01
  0.00000E+00   3.03228E+01   4.01051E-01
  0.00000E+00   3.16268E+01   3.30083E-01
  0.00000E+00   3.28695E+01   9.98799E-02
  0.00000E+00   3.40066E+01  -2.70051E-01
  0.00000E+00   3.47467E+01  -6.02703E-01
  0.00000E+00   3.55151E+01  -7.42474E-01
  0.00000E+00   3.62318E+01  -7.23930E-01
  0.00000E+00   3.66599E+01  -7.02522E-01
  0.00000E+00   3.70037E+01  -6.82935E-01
  0.00000E+00   3.69721E+01  -6.42257E-01
  0.00000E+00   3.66101E+01  -3.79942E-01
  0.00000E+00   3.67164E+01  -6.42558E-02
  0.00000E+00   3.74702E+01   2.58953E-01
  0.00000E+00   3.86293E+01   4.41915E-01
  0.00000E+00   4.00438E+01   5.46408E-01
  0.00000E+00   4.14349E+01   6.30497E-01
  0.00000E+00   4.35042E+01   6.54714E-01
  0.00000E+00   4.57408E+01   6.30325E-01
  0.00000E+00   4.73305E+01   6.33992E-01
  0.00000E+00   4.86265E+01   8.12775E-01
  0.00000E+00   5.00789E+01   9.87429E-01
  0.00000E+00   5.22481E+01   1.08892E+00
  0.00000E+00   5.49361E+01   1.26220E+00
  0.00000E+00   5.79823E+01   1.43147E+00
  0.00000E+00   6.13749E+01   1.57087E+00
  0.00000E+00   6.43582E+01   1.54919E+00
  0.00000E+00   6.58228E+01   1.59004E+00
  0.00000E+00   6.42147E+01   1.66022E+00
  0.00000E+00   6.06712E+01   1.58104E+00
  0.00000E+00   5.81775E+01   1.59430E+00
  0.00000E+00   5.73803E+01   1.68450E+00
  0.00000E+00   5.74857E+01   1.79975E+00
  0.00000E+00   5.78497E+01   1.76337E+00
  0.00000E+00   5.78118E+01   1.88113E+00
  0.00000E+00   5.76666E+01   2.15902E+00
  0.00000E+00   5.77981E+01   2.27518E+00
  0.00000E+00   5.81283E+01   2.19403E+00
  0.00000E+00   5.85813E+01   2.23051E+00
  0.00000E+00   5.85288E+01   2.19739E+00
  0.00000E+00   5.82899E+01   2.17530E+00
  0.00000E+00   5.93024E+01   2.01750E+00
  0.00000E+00   6.15600E+01   2.00343E+00
  0.00000E+00   6.39810E+01   1.91712E+00
  0.00000E+00   6.61847E+01   1.90872E+00
  0.00000E+00   6.75231E+01   1.79231E+00
  0.00000E+00   6.76145E+01   1.75461E+00
  0.00000E+00   6.74578E+01   1.69458E+00
  0.00000E+00   6.77854E+01   1.64688E+00
  0.00000E+00   6.84262E+01   1.57021E+00
  0.00000E+00   6.91521E+01   1.48071E+00
  0.00000E+00   7.00743E+01   1.29737E+00
  0.00000E+00   7.02976E+01   1.03727E+00
  0.00000E+00   6.93841E+01   7.34700E-01
  0.00000E+00   6.82525E+01   3.62038E-01
  0.00000E+00   6.80984E+01   5.04136E-02
  0.00000E+00   6.88150E+01  -1.33079E-01
  0.00000E+00   6.96603E+01  -2.25562E-01
  0.00000E+00   6.98572E+01  -2.21059E-01
  0.00000E+00   6.85844E+01  -1.71431E-01
  0.00000E+00   6.66736E+01  -2.70770E-01
  0.00000E+00   6.63435E+01  -3.57263E-01
  0.00000E+00   6.71659E+01  -4.43585E-01
  0.00000E+00   6.78057E+01  -4.68192E-01
  0.00000E+00   6.82450E+01  -5.70201E-01
  0.00000E+00   6.86125E+01  -6.47410E-01
  0.00000E+00   6.97978E+01  -7.38190E-01
  0.00000E+00   7.15552E+01  -8.93552E-01
  0.00000E+00   7.29436E+01  -8.97811E-01
  0.00000E+00   7.43503E+01  -9.49894E-01
  0.00000E+00   7.57500E+01  -9.72042E-01
  0.00000E+00   7.58927E+01  -1.12841E+00
  0.00000E+00   7.34438E+01  -1.15944E+00
  0.00000E+00   6.98605E+01  -1.07677E+00
  0.00000E+00   6.80272E+01  -9.96226E-01
  0.00000E+00   6.83809E+01  -9.48450E-01
  0.00000E+00   6.95213E+01  -1.08327E+00
  0.00000E+00   7.00963E+01  -1.18006E+00
  0.00000E+00   7.08952E+01  -1.28109E+00
  0.00000E+00   7.26184E+01  -1.45976E+00
  0.00000E+00   7.52832E+01  -1.61248E+00
  0.00000E+00   7.77990E+01  -1.65328E+00
  0.00000E+00   7.86798E+01  -1.62260E+00
  0.00000E+00   7.77907E+01  -1.72702E+00
  0.00000E+00   7.60235E+01  -1.81780E+00
  0.00000E+00   7.47553E+01  -1.72284E+00
  0.00000E+00   7.32825E+01  -1.46524E+00
  0.00000E+00   7.11784E+01  -1.33937E+00
  0.00000E+00   6.88306E+01  -1.27538E+00
  0.00000E+00   6.81858E+01  -1.11999E+00
  0.00000E+00   6.91367E+01  -9.31907E-01
  0.00000E+00   7.02873E+01  -7.59685E-01
  0.00000E+00   7.02980E+01  -6.79148E-01
  0.00000E+00   6.91150E+01  -5.80539E-01
  0.00000E+00   6.73885E+01  -4.16058E-01
  0.00000E+00   6.55527E+01  -1.26043E-01
  0.00000E+00   6.39421E+01   2.79220E-01
  0.00000E+00   6.35599E+01   4.59381E-01
  0.00000E+00   6.29536E+01   5.64545E-01
  0.00000E+00   6.19612E+01   7.10223E-01
  0.00000E+00   6.14006E+01   8.22192E-01
  0.00000E+00   6.21388E+01   9.52906E-01
  0.00000E+00   6.44590E+01   1.14604E+00
  0.00000E+00   6.78971E+01   1.52151E+00
  0.00000E+00   7.06996E+01   1.74204E+00
  0.00000E+00   7.16179E+01   1.94855E+00
  0.00000E+00   7.14972E+01   1.99667E+00
  0.00000E+00   7.12003E+01   2.02953E+00
  0.00000E+00   7.13095E+01   2.15280E+00
  0.00000E+00   7.23919E+01   2.37734E+00
  0.00000E+00   7.44246E+01   2.66890E+00
  0.00000E+00   7.69445E+01   3.00219E+00
  0.00000E+00   7.95973E+01   3.35910E+00
  0.00000E+00   8.22223E+01   3.76046E+00
  0.00000E+00   8.46317E+01   4.25507E+00
  0.00000E+00   8.67139E+01   4.54349E+00
  0.00000E+00   8.73175E+01   4.72833E+00
  0.00000E+00   8.81671E+01   4.78554E+00
  0.00000E+00   9.01775E+01   4.91040E+00
  0.00000E+00   9.26293E+01   5.00975E+00
  0.00000E+00   9.44351E+01   5.12792E+00
  0.00000E+00   9.47942E+01   5.22616E+00
  0.00000E+00   9.29304E+01   5.38604E+00
  0.00000E+00   9.03002E+01   5.61306E+00
  0.00000E+00   8.81054E+01   5.66100E+00
  0.00000E+00   8.65457E+01   5.63557E+00
  0.00000E+00   8.58640E+01   5.68950E+00
  0.00000E+00   8.49432E+01   5.72255E+00
  0.00000E+00   8.31363E+01   5.71442E+00
  0.00000E+00   8.11509E+01   5.63716E+00
  0.00000E+00   7.99596E+01   5.52771E+00
  0.00000E+00   8.05658E+01   5.40797E+00
  0.00000E+00   8.17010E+01   5.29356E+00
  0.00000E+00   8.19976E+01   5.25092E+00
  0.00000E+00   8.07377E+01   5.16760E+00
  0.00000E+00   7.94789E+01   4.94425E+00
  0.00000E+00   7.88953E+01   4.86829E+00
  0.00000E+00   7.93606E+01   4.82305E+00
  0.00000E+00   8.01734E+01   4.81219E+00
  0.00000E+00   8.06816E+01   4.72626E+00
  0.00000E+00   8.12578E+01   4.44932E+00
  0.00000E+00   8.14065E+01   4.02696E+00
  0.00000E+00   8.28060E+01   3.92635E+00
  0.00000E+00   8.50595E+01   3.90048E+00
  0.00000E+00   8.66056E+01   3.86284E+00
  0.00000E+00   8.70333E+01   3.79161E+00
  0.00000E+00   8.80466E+01   3.79953E+00
  0.00000E+00   8.97732E+01   3.55530E+00
  0.00000E+00   9.17828E+01   3.26154E+00
  0.00000E+00   9.29088E+01   3.02205E+00
  0.00000E+00   9.23943E+01   2.78554E+00
  0.00000E+00   9.19288E+01   2.55276E+00
  0.00000E+00   9.16309E+01   2.30564E+00
  0.00000E+00   9.22485E+01   1.83266E+00
  0.00000E+00   9.42462E+01   1.44793E+00
  0.00000E+00   9.78377E+01   1.14121E+00
  0.00000E+00   1.01608E+02   9.79125E-01
  0.00000E+00   1.05393E+02   7.63465E-01
  0.00000E+00   1.07474E+02   5.35827E-01
  0.00000E+00   1.07041E+02   2.26917E-01
  0.00000E+00   1.05619E+02  -1.19718E-01
  0.00000E+00   1.05935E+02  -4.00752E-01
  0.00000E+00   1.08617E+02  -5.34453E-01
  0.00000E+00   1.11971E+02  -6.73983E-01
  0.00000E+00   1.14581E+02  -8.19106E-01
  0.00000E+00   1.16923E+02  -8.39430E-01
  0.00000E+00   1.18674E+02  -9.08467E-01
  0.00000E+00   1.19436E+02  -9.87185E-01
  0.00000E+00   1.18295E+02  -1.04949E+00
  0.00000E+00   1.16437E+02  -1.40988E+00
  0.00000E+00   1.14894E+02  -1.84381E+00
  0.00000E+00   1.14476E+02  -2.00128E+00
  0.00000E+00   1.15568E+02  -2.09366E+00
  0.00000E+00   1.16175E+02  -2.10880E+00
  0.00000E+00   1.14767E+02  -2.00815E+00
  0.00000E+00   1.10046E+02  -1.81672E+00
  0.00000E+00   1.02854E+02  -1.77354E+00
  0.00000E+00   9.64425E+01  -1.39230E+00
  0.00000E+00   9.24760E+01  -1.27069E+00
  0.00000E+00   9.28259E+01  -1.11992E+00
  0.00000E+00   9.49572E+01  -9.91218E-01
  0.00000E+00   9.68124E+01  -9.30182E-01
  0.00000E+00   9.82300E+01  -6.50874E-01
  0.00000E+00   9.75744E+01  -4.14110E-01
  0.00000E+00   9.55058E+01  -3.04115E-01
  0.00000E+00   9.38078E+01  -3.59127E-02
  0.00000E+00   9.31358E+01   7.32973E-02
  0.00000E+00   9.25205E+01   2.95981E-01
  0.00000E+00   9.31380E+01   4.10140E-01
  0.00000E+00   9.47053E+01   6.10309E-01
  0.00000E+00   9.65324E+01   4.72127E-01
  0.00000E+00   9.77331E+01   1.80683E-01
  0.00000E+00   9.75394E+01  -5.37252E-02
  0.00000E+00   9.58496E+01   6.82166E-03
  0.00000E+00   9.34999E+01   1.79150E-01
  0.00000E+00   9.23554E+01   1.88627E-01
  0.00000E+00   9.26654E+01   1.53392E-01
  0.00000E+00   9.43690E+01   2.55727E-01
  0.00000E+00   9.72326E+01   3.41627E-01
  0.00000E+00   9.94897E+01   5.24498E-01
  0.00000E+00   9.97787E+01   7.18143E-01
  0.00000E+00   9.85323E+01   7.13904E-01
  0.00000E+00   9.76794E+01   8.45728E-01
  0.00000E+00   9.72337E+01   7.29168E-01
  0.00000E+00   9.57129E+01   7.53563E-01
  0.00000E+00   9.40715E+01   5.37515E-01
  0.00000E+00   9.32456E+01   4.62539E-01
  0.00000E+00   9.17924E+01   4.87782E-01
  0.00000E+00   9.09323E+01   6.50066E-01
  0.00000E+00   9.03687E+01   6.98990E-01
  0.00000E+00   8.94515E+01   6.15491E-01
  0.00000E+00   8.82386E+01   5.75229E-01
  0.00000E+00   8.71739E+01   5.01363E-01
  0.00000E+00   8.77435E+01   5.56525E-01
  0.00000E+00   9.06971E+01   6.26094E-01
  0.00000E+00   9.51910E+01   6.18473E-01
  0.00000E+00   9.87018E+01   5.85090E-01
  0.00000E+00   9.98070E+01   5.51582E-01
  0.00000E+00   9.95719E+01   5.95512E-01
  0.00000E+00   9.82124E+01   7.08877E-01
  0.00000E+00   9.54907E+01   7.90814E-01
  0.00000E+00   9.28912E+01   8.90974E-01
  0.00000E+00   9.13364E+01   8.32585E-01
  0.00000E+00   9.07846E+01   8.32440E-01
  0.00000E+00   9.17251E+01   9.41762E-01
  0.00000E+00   9.33859E+01   8.95277E-01
  0.00000E+00   9.42293E+01   9.28559E-01
  0.00000E+00   9.44190E+01   1.02832E+00
  0.00000E+00   9.52739E+01   1.03086E+00
  0.00000E+00   9.64507E+01   1.12070E+00
  0.00000E+00   9.73316E+01   1.12819E+00
  0.00000E+00   9.74759E+01   1.29863E+00
  0.00000E+00   9.69446E+01   1.65883E+00
  0.00000E+00   9.62888E+01   1.75605E+00
  0.00000E+00   9.56781E+01   1.77672E+00
  0.00000E+00   9.48852E+01   1.94148E+00
  0.00000E+00   9.30104E+01   2.23183E+00
  0.00000E+00   9.16268E+01   2.29419E+00
  0.00000E+00   9.24100E+01   2.26111E+00
  0.00000E+00   9.39586E+01   2.19965E+00
  0.00000E+00   9.51537E+01   1.98753E+00
  0.00000E+00   9.36288E+01   1.86778E+00
  0.00000E+00   9.03250E+01   1.49170E+00
  0.00000E+00   8.75571E+01   9.97785E-01
  0.00000E+00   8.71804E+01   7.45482E-01
  0.00000E+00   8.92122E+01   6.29191E-01
  0.00000E+00   9.25300E+01   4.28639E-01
  0.00000E+00   9.51618E+01   3.65208E-01
  0.00000E+00   9.66150E+01   3.02893E-01
  0.00000E+00   9.77127E+01   2.26479E-01
  0.00000E+00   9.85313E+01   1.75249E-01
  0.00000E+00   1.00017E+02  -1.74436E-01
  0.00000E+00   1.02725E+02  -5.04749E-01
  0.00000E+00   1.04894E+02  -8.08596E-01
  0.00000E+00   1.04897E+02  -9.82786E-01
  0.00000E+00   1.04385E+02  -1.00643E+00
  0.00000E+00   1.05088E+02  -9.16052E-01
  0.00000E+00   1.06386E+02  -7.06987E-01
  0.00000E+00   1.07759E+02  -6.04354E-01
  0.00000E+00   1.09288E+02  -6.96752E-01
  0.00000E+00   1.10377E+02  -9.79697E-01
  0.00000E+00   1.11708E+02  -1.21035E+00
  0.00000E+00   1.14534E+02  -1.44453E+00
  0.00000E+00   1.17495E+02  -1.71446E+00
  0.00000E+00   1.17748E+02  -1.90556E+00
  0.00000E+00   1.15370E+02  -1.78213E+00
  0.00000E+00   1.11572E+02  -1.71888E+00
  0.00000E+00   1.07470E+02  -1.53981E+00
  0.00000E+00   1.04273E+02  -1.74333E+00
  0.00000E+00   1.01364E+02  -1.96113E+00
  0.00000E+00   9.80128E+01  -1.93743E+00
  0.00000E+00   9.47907E+01  -1.93127E+00
  0.00000E+00   9.27999E+01  -1.89439E+00
  0.00000E+00   9.19779E+01  -1.71131E+00
  0.00000E+00   9.13390E+01  -1.33819E+00
  0.00000E+00   9.12182E+01  -1.11755E+00
  0.00000E+00   9.08840E+01  -9.36468E-01
  0.00000E+00   8.98888E+01  -7.77320E-01
  0.00000E+00   8.80147E+01  -6.14810E-01
  0.00000E+00   8.63226E+01  -8.71587E-01
  0.00000E+00   8.46936E+01  -1.20059E+00
  0.00000E+00   8.35849E+01  -1.37920E+00
  0.00000E+00   8.43030E+01  -1.54270E+00
  0.00000E+00   8.68535E+01  -1.57038E+00
  0.00000E+00   8.91058E+01  -1.44717E+00
  0.00000E+00   8.97930E+01  -1.27384E+00
  0.00000E+00   8.96492E+01  -1.24774E+00
  0.00000E+00   8.90377E+01  -1.29126E+00
  0.00000E+00   8.91890E+01  -1.12807E+00
  0.00000E+00   9.03636E+01  -1.03621E+00
  0.00000E+00   9.26396E+01  -1.13451E+00
  0.00000E+00   9.55946E+01  -1.41280E+00
  0.00000E+00   9.87653E+01  -1.67243E+00
  0.00000E+00   1.01651E+02  -1.78285E+00
  0.00000E+00   1.03447E+02  -1.54994E+00
  0.00000E+00   1.04482E+02  -1.39439E+00
  0.00000E+00   1.04558E+02  -1.31933E+00
  0.00000E+00   1.02983E+02  -1.43694E+00
  0.00000E+00   1.00656E+02  -1.66500E+00
  0.00000E+00   9.87766E+01  -1.84467E+00
  0.00000E+00   9.89797E+01  -1.97502E+00
  0.00000E+00   1.01542E+02  -1.95593E+00
  0.00000E+00   1.05297E+02  -1.92531E+00
  0.00000E+00   1.07807E+02  -1.84304E+00
  0.00000E+00   1.08706E+02  -1.93534E+00
  0.00000E+00   1.07225E+02  -2.22765E+00
  0.00000E+00   1.04754E+02  -2.19186E+00
  0.00000E+00   1.02737E+02  -1.90206E+00
  0.00000E+00   1.02544E+02  -1.66339E+00
  0.00000E+00   1.02313E+02  -1.58141E+00
  0.00000E+00   1.01965E+02  -1.77914E+00
  0.00000E+00   9.92988E+01  -2.24661E+00
  0.00000E+00   9.48081E+01  -2.36798E+00
  0.00000E+00   9.01375E+01  -2.39360E+00
  0.00000E+00   8.58807E+01  -2.27738E+00
  0.00000E+00   8.38731E+01  -2.16460E+00
  0.00000E+00   8.50257E+01  -2.01686E+00
  0.00000E+00   8.80083E+01  -1.73138E+00
  0.00000E+00   9.11879E+01  -1.65617E+00
  0.00000E+00   9.11613E+01  -1.67854E+00
  0.00000E+00   8.90453E+01  -1.69194E+00
  0.00000E+00   8.79425E+01  -2.02427E+00
  0.00000E+00   8.80671E+01  -2.44784E+00
  0.00000E+00   8.91758E+01  -2.95979E+00
  0.00000E+00   9.15044E+01  -3.26147E+00
  0.00000E+00   9.32878E+01  -3.23530E+00
  0.00000E+00   9.50741E+01  -2.82387E+00
  0.00000E+00   9.67209E+01  -2.53366E+00
  0.00000E+00   9.81426E+01  -2.50563E+00
  0.00000E+00   9.98314E+01  -2.47280E+00
  0.00000E+00   1.01963E+02  -2.52059E+00
  0.00000E+00   1.03521E+02  -2.64910E+00
  0.00000E+00   1.04159E+02  -2.67514E+00
  0.00000E+00   1.03777E+02  -2.47320E+00
  0.00000E+00   1.02272E+02  -2.06915E+00
  0.00000E+00   1.00798E+02  -1.55566E+00
  0.00000E+00   1.01957E+02  -1.16441E+00
  0.00000E+00   1.03560E+02  -8.51748E-01
  0.00000E+00   1.05623E+02  -6.73350E-01
  0.00000E+00   1.07658E+02  -4.77984E-01
  0.00000E+00   1.08109E+02  -3.59464E-01
  0.00000E+00   1.08059E+02  -4.33264E-01
  0.00000E+00   1.08279E+02  -5.99339E-01
  0.00000E+00   1.07921E+02  -6.73377E-01
  0.00000E+00   1.08435E+02  -7.86421E-01
  0.00000E+00   1.10544E+02  -1.17908E+00
  0.00000E+00   1.13230E+02  -1.53298E+00
  0.00000E+00   1.14962E+02  -1.68277E+00
  0.00000E+00   1.15993E+02  -1.52026E+00
  0.00000E+00   1.16736E+02  -1.47670E+00
  0.00000E+00   1.18079E+02  -1.51329E+00
  0.00000E+00   1.20478E+02  -1.58944E+00
  0.00000E+00   1.23840E+02  -1.72006E+00
  0.00000E+00   1.26420E+02  -1.77883E+00
  0.00000E+00   1.28547E+02  -1.90527E+00
  0.00000E+00   1.29339E+02  -1.98098E+00
  0.00000E+00   1.28380E+02  -1.97041E+00
  0.00000E+00   1.25324E+02  -1.77599E+00
  0.00000E+00   1.22030E+02  -1.79893E+00
  0.00000E+00   1.20270E+02  -1.58739E+00
  0.00000E+00   1.20968E+02  -1.35411E+00
  0.00000E+00   1.23172E+02  -1.07186E+00
  0.00000E+00   1.25858E+02  -5.39655E-01
  0.00000E+00   1.28155E+02   3.17579E-02
  0.00000E+00   1.29294E+02   5.49246E-01
  0.00000E+00   1.29256E+02   1.06485E+00
  0.00000E+00   1.29153E+02   1.40642E+00
  0.00000E+00   1.29427E+02   1.37769E+00
  0.00000E+00   1.30697E+02   1.32823E+00
  0.00000E+00   1.32745E+02   1.36462E+00
  0.00000E+00   1.35565E+02   1.33875E+00
  0.00000E+00   1.37267E+02   1.30439E+00
  0.00000E+00   1.36117E+02   1.27615E+00
  0.00000E+00   1.33913E+02   1.37404E+00
  0.00000E+00   1.32983E+02   1.48912E+00
  0.00000E+00   1.33719E+02   1.31951E+00
  0.00000E+00   1.35930E+02   9.62022E-01
  0.00000E+00   1.37185E+02   6.86744E-01
  0.00000E+00   1.37344E+02   3.17955E-01
  0.00000E+00   1.35917E+02   1.12474E-01
  0.00000E+00   1.33924E+02  -8.34697E-02
  0.00000E+00   1.32003E+02  -6.89420E-03
  0.00000E+00   1.30706E+02   5.46855E-02
  0.00000E+00   1.29797E+02   5.02775E-01
  0.00000E+00   1.29057E+02   8.18121E-01
  0.00000E+00   1.28404E+02   1.21700E+00
  0.00000E+00   1.27016E+02   1.54307E+00
  0.00000E+00   1.24530E+02   1.87867E+00
  0.00000E+00   1.21900E+02   2.28075E+00
  0.00000E+00   1.20445E+02   2.55713E+00
  0.00000E+00   1.18931E+02   2.56682E+00
  0.00000E+00   1.16413E+02   2.52681E+00
  0.00000E+00   1.14250E+02   2.62229E+00
  0.00000E+00   1.13104E+02   3.31402E+00
  0.00000E+00   1.11954E+02   3.90578E+00
  0.00000E+00   1.10891E+02   4.34363E+00
  0.00000E+00   1.11010E+02   4.27670E+00
  0.00000E+00   1.10863E+02   4.41080E+00
  0.00000E+00   1.10599E+02   4.72839E+00
  0.00000E+00   1.09805E+02   4.90547E+00
  0.00000E+00   1.08910E+02   5.01654E+00
  0.00000E+00   1.08270E+02   5.12800E+00
  0.00000E+00   1.07487E+02   5.37713E+00
  0.00000E+00   1.07734E+02   5.51388E+00
  0.00000E+00   1.08251E+02   5.68950E+00
  0.00000E+00   1.09012E+02   5.73973E+00
  0.00000E+00   1.09904E+02   5.44631E+00
  0.00000E+00   1.10864E+02   5.00488E+00
  0.00000E+00   1.11665E+02   4.67383E+00
  0.00000E+00   1.11468E+02   4.05871E+00
  0.00000E+00   1.10718E+02   3.35824E+00
  0.00000E+00   1.09728E+02   3.04229E+00
  0.00000E+00   1.09256E+02   2.64761E+00
  0.00000E+00   1.09761E+02   2.17878E+00
  0.00000E+00   1.11180E+02   1.65357E+00
  0.00000E+00   1.13061E+02   1.39227E+00
  0.00000E+00   1.14418E+02   1.37614E+00
  0.00000E+00   1.15108E+02   1.18836E+00
  0.00000E+00   1.16264E+02   7.80788E-01
  0.00000E+00   1.16296E+02   3.26906E-01
  0.00000E+00   1.16191E+02  -1.24193E-01
  0.00000E+00   1.16610E+02  -5.96103E-01
  0.00000E+00   1.16795E+02  -6.26854E-01
  0.00000E+00   1.17576E+02  -7.80569E-01
  0.00000E+00   1.18118E+02  -1.16240E+00
  0.00000E+00   1.19041E+02  -1.63648E+00
  0.00000E+00   1.20667E+02  -1.83963E+00
  0.00000E+00   1.21978E+02  -1.92297E+00
  0.00000E+00   1.21311E+02  -1.95455E+00
  0.00000E+00   1.19574E+02  -1.82694E+00
  0.00000E+00   1.17525E+02  -1.38760E+00
  0.00000E+00   1.14396E+02  -7.63802E-01
  0.00000E+00   1.10917E+02  -3.66966E-01
  0.00000E+00   1.07448E+02  -1.24839E-01
  0.00000E+00   1.02491E+02  -2.67165E-01
  0.00000E+00   9.71133E+01  -2.64159E-01
  0.00000E+00   9.36752E+01  -1.94615E-01
  0.00000E+00   9.20153E+01   1.25393E-01
  0.00000E+00   9.16384E+01   4.64231E-01
  0.00000E+00   9.19388E+01   6.83317E-01
  0.00000E+00   9.32150E+01   9.14803E-01
  0.00000E+00   9.52439E+01   5.98686E-01
  0.00000E+00   9.71730E+01   3.36173E-01
  0.00000E+00   9.76961E+01   1.88337E-01
  0.00000E+00   9.69969E+01   1.13731E-01
  0.00000E+00   9.57249E+01   4.94609E-02
  0.00000E+00   9.52891E+01  -2.02260E-02
  0.00000E+00   9.47272E+01  -2.21936E-01
  0.00000E+00   9.40071E+01  -1.61506E-01
  0.00000E+00   9.26509E+01  -1.82181E-01
  0.00000E+00   9.09414E+01  -1.31633E-01
  0.00000E+00   9.06086E+01  -3.54635E-01
  0.00000E+00   9.05610E+01  -5.06634E-01
  0.00000E+00   8.89605E+01  -5.49901E-01
  0.00000E+00   8.71366E+01  -4.54439E-01
  0.00000E+00   8.63426E+01  -2.14192E-01
  0.00000E+00   8.60397E+01   1.17526E-01
  0.00000E+00   8.54850E+01   2.90990E-01
  0.00000E+00   8.41598E+01   3.32923E-01
  0.00000E+00   8.29556E+01   5.74545E-01
  0.00000E+00   8.23901E+01   8.40176E-01
  0.00000E+00   8.26667E+01   1.07955E+00
  0.00000E+00   8.28772E+01   1.11803E+00
  0.00000E+00   8.23445E+01   1.16781E+00
  0.00000E+00   8.25355E+01   1.08842E+00
  0.00000E+00   8.26847E+01   1.12793E+00
  0.00000E+00   8.28663E+01   1.21481E+00
  0.00000E+00   8.23059E+01   1.26025E+00
  0.00000E+00   8.20541E+01   1.23598E+00
  0.00000E+00   8.24315E+01   1.25387E+00
  0.00000E+00   8.21443E+01   1.28300E+00
  0.00000E+00   8.11959E+01   1.28812E+00
  0.00000E+00   8.02576E+01   1.15573E+00
  0.00000E+00   7.96251E+01   9.38579E-01
  0.00000E+00   7.84561E+01   5.42467E-01
  0.00000E+00   7.68828E+01   7.02342E-02
  0.00000E+00   7.52106E+01  -2.42630E-01
  0.00000E+00   7.40482E+01  -4.74424E-01
  0.00000E+00   7.35521E+01  -9.09175E-01
  0.00000E+00   7.43756E+01  -1.41388E+00
  0.00000E+00   7.67099E+01  -1.69975E+00
  0.00000E+00   7.79435E+01  -1.89069E+00
  0.00000E+00   7.72721E+01  -2.01708E+00
  0.00000E+00   7.53824E+01  -2.06585E+00
  0.00000E+00   7.38018E+01  -2.34156E+00
  0.00000E+00   7.32678E+01  -2.76306E+00
  0.00000E+00   7.32694E+01  -3.20382E+00
  0.00000E+00   7.42442E+01  -3.60876E+00
  0.00000E+00   7.62079E+01  -3.94272E+00
  0.00000E+00   7.87876E+01  -4.08916E+00
  0.00000E+00   7.99928E+01  -4.07570E+00
  0.00000E+00   7.90669E+01  -4.09847E+00
  0.00000E+00   7.78614E+01  -4.16194E+00
  0.00000E+00   7.78563E+01  -4.12837E+00
  0.00000E+00   7.85823E+01  -3.84614E+00
  0.00000E+00   7.90549E+01  -3.63969E+00
  0.00000E+00   7.91741E+01  -3.52292E+00
  0.00000E+00   7.92852E+01  -3.30368E+00
  0.00000E+00   7.97583E+01  -3.20630E+00
  0.00000E+00   8.00186E+01  -2.99031E+00
  0.00000E+00   7.91649E+01  -2.77293E+00
  0.00000E+00   7.80170E+01  -2.73835E+00
  0.00000E+00   7.77433E+01  -2.80846E+00
  0.00000E+00   7.82269E+01  -2.82734E+00
  0.00000E+00   7.93603E+01  -2.54482E+00
  0.00000E+00   8.02858E+01  -2.14852E+00
  0.00000E+00   8.02501E+01  -1.78289E+00
  0.00000E+00   7.99788E+01  -1.43609E+00
  0.00000E+00   8.10715E+01  -1.30183E+00
  0.00000E+00   8.34294E+01  -1.28761E+00
  0.00000E+00   8.55292E+01  -1.56365E+00
  0.00000E+00   8.71815E+01  -1.90430E+00
  0.00000E+00   8.83557E+01  -1.94961E+00
  0.00000E+00   8.94758E+01  -1.73943E+00
  0.00000E+00   9.05871E+01  -1.73058E+00
  0.00000E+00   9.07049E+01  -1.87151E+00
  0.00000E+00   9.06981E+01  -1.97650E+00
  0.00000E+00   9.12974E+01  -2.11365E+00
  0.00000E+00   9.20058E+01  -2.31248E+00
  0.00000E+00   9.30794E+01  -2.50483E+00
  0.00000E+00   9.38451E+01  -2.89897E+00
  0.00000E+00   9.41908E+01  -3.28403E+00
  0.00000E+00   9.43612E+01  -3.55926E+00
  0.00000E+00   9.42376E+01  -3.69191E+00
  0.00000E+00   9.44259E+01  -3.91198E+00
  0.00000E+00   9.41896E+01  -4.16909E+00
  0.00000E+00   9.38572E+01  -4.38744E+00
  0.00000E+00   9.46348E+01  -4.24724E+00
  0.00000E+00   9.58951E+01  -4.12746E+00
  0.00000E+00   9.64138E+01  -4.01685E+00
  0.00000E+00   9.56494E+01  -3.60305E+00
  0.00000E+00   9.37580E+01  -3.23557E+00
  0.00000E+00   9.22280E+01  -2.89936E+00
  0.00000E+00   9.18100E+01  -2.50864E+00
  0.00000E+00   9.15917E+01  -2.08038E+00
  0.00000E+00   9.09684E+01  -1.91235E+00
  0.00000E+00   9.06608E+01  -1.93418E+00
  0.00000E+00   9.11623E+01  -1.88036E+00
  0.00000E+00   9.11153E+01  -1.97380E+00
  0.00000E+00   9.02994E+01  -2.06860E+00
  0.00000E+00   8.89968E+01  -2.03609E+00
  0.00000E+00   8.70646E+01  -1.94321E+00
  0.00000E+00   8.58351E+01  -1.87829E+00
  0.00000E+00   8.46156E+01  -1.86094E+00
  0.00000E+00   8.41597E+01  -1.86634E+00
  0.00000E+00   8.32908E+01  -1.83908E+00
  0.00000E+00   8.42141E+01  -1.74489E+00
  0.00000E+00   8.55081E+01  -1.73923E+00
  0.00000E+00   8.58990E+01  -1.58426E+00
  0.00000E+00   8.46762E+01  -1.25209E+00
  0.00000E+00   8.24640E+01  -1.04152E+00
  0.00000E+00   8.07645E+01  -8.27658E-01
  0.00000E+00   8.00592E+01  -6.20497E-01
  0.00000E+00   8.10740E+01  -2.45373E-01
  0.00000E+00   8.30416E+01   2.03008E-01
  0.00000E+00   8.37307E+01   5.96265E-01
  0.00000E+00   8.49167E+01   1.06954E+00
  0.00000E+00   8.72969E+01   1.40118E+00
  0.00000E+00   8.82620E+01   1.66281E+00
  0.00000E+00   8.75177E+01   1.57033E+00
  0.00000E+00   8.69683E+01   1.43820E+00
  0.00000E+00   8.70563E+01   1.43244E+00
  0.00000E+00   8.81364E+01   1.42707E+00
  0.00000E+00   8.91719E+01   1.29044E+00
  0.00000E+00   8.88763E+01   1.07763E+00
  0.00000E+00   8.82201E+01   9.03582E-01
  0.00000E+00   8.90778E+01   9.20475E-01
  0.00000E+00   9.03454E+01   1.02157E+00
  0.00000E+00   9.09533E+01   1.07604E+00
  0.00000E+00   9.06676E+01   9.52965E-01
  0.00000E+00   9.11692E+01   8.21215E-01
  0.00000E+00   9.14374E+01   6.81397E-01
  0.00000E+00   9.15269E+01   4.97303E-01
  0.00000E+00   9.08464E+01   4.32314E-01
  0.00000E+00   9.01644E+01   3.54155E-01
  0.00000E+00   9.00776E+01   2.93458E-01
  0.00000E+00   9.07595E+01   6.20493E-01
  0.00000E+00   9.12165E+01   1.06332E+00
  0.00000E+00   9.09648E+01   1.32000E+00
  0.00000E+00   8.99525E+01   1.36247E+00
  0.00000E+00   8.88872E+01   1.31848E+00
  0.00000E+00   8.81489E+01   1.25476E+00
  0.00000E+00   8.76149E+01   1.21948E+00
  0.00000E+00   8.74546E+01   1.20367E+00
  0.00000E+00   8.78449E+01   1.22512E+00
  0.00000E+00   8.81486E+01   1.17146E+00
  0.00000E+00   8.79193E+01   1.05906E+00
  0.00000E+00   8.62092E+01   9.42361E-01
  0.00000E+00   8.38452E+01   8.67957E-01
  0.00000E+00   8.19601E+01   8.59168E-01
  0.00000E+00   8.13565E+01   9.67162E-01
  0.00000E+00   8.18134E+01   1.09886E+00
  0.00000E+00   8.32105E+01   1.17467E+00
  0.00000E+00   8.54883E+01   1.19933E+00
  0.00000E+00   8.75957E+01   1.17270E+00
  0.00000E+00   8.83322E+01   1.15351E+00
  0.00000E+00   8.74350E+01   1.07850E+00
  0.00000E+00   8.62432E+01   9.51984E-01
  0.00000E+00   8.61286E+01   6.69061E-01
  0.00000E+00   8.59886E+01   4.61378E-01
  0.00000E+00   8.49505E+01   3.21152E-01
  0.00000E+00   8.32483E+01   3.47163E-01
  0.00000E+00   8.20237E+01   4.30668E-01
  0.00000E+00   8.15922E+01   4.69626E-01
  0.00000E+00   8.18724E+01   6.82394E-01
  0.00000E+00   8.22460E+01   9.76239E-01
  0.00000E+00   8.19879E+01   1.26801E+00
  0.00000E+00   8.10478E+01   1.55814E+00
  0.00000E+00   8.08066E+01   1.44810E+00
  0.00000E+00   8.08846E+01   1.28780E+00
  0.00000E+00   8.07051E+01   1.28488E+00
  0.00000E+00   8.13963E+01   1.25978E+00
  0.00000E+00   8.36342E+01   1.44075E+00
  0.00000E+00   8.44062E+01   1.41244E+00
  0.00000E+00   8.32514E+01   1.53092E+00
  0.00000E+00   8.23832E+01   1.80091E+00
  0.00000E+00   8.17956E+01   1.69534E+00
  0.00000E+00   8.11404E+01   1.24294E+00
  0.00000E+00   8.07908E+01   6.21854E-01
  0.00000E+00   8.05554E+01   1.43526E-01
  0.00000E+00   8.05947E+01  -3.49741E-01
  0.00000E+00   7.96832E+01  -5.71913E-01
  0.00000E+00   7.90000E+01  -9.45271E-01
  0.00000E+00   8.00484E+01  -1.41254E+00
  0.00000E+00   8.26433E+01  -1.96262E+00
  0.00000E+00   8.53218E+01  -2.42598E+00
  0.00000E+00   8.72385E+01  -2.78104E+00
  0.00000E+00   8.81897E+01  -3.10847E+00
  0.00000E+00   8.93751E+01  -3.36532E+00
  0.00000E+00   9.15981E+01  -3.50816E+00
  0.00000E+00   9.39242E+01  -3.53842E+00
  0.00000E+00   9.48577E+01  -3.58740E+00
  0.00000E+00   9.46940E+01  -3.68446E+00
  0.00000E+00   9.44812E+01  -3.83250E+00
  0.00000E+00   9.49627E+01  -3.81374E+00
  0.00000E+00   9.50844E+01  -3.76619E+00
  0.00000E+00   9.62421E+01  -3.82203E+00
  0.00000E+00   9.86074E+01  -4.07088E+00
  0.00000E+00   1.00773E+02  -4.41885E+00
  0.00000E+00   1.02816E+02  -4.67861E+00
  0.00000E+00   1.02867E+02  -4.80171E+00
  0.00000E+00   1.02240E+02  -4.84701E+00
  0.00000E+00   1.00180E+02  -4.56898E+00
  0.00000E+00   9.68162E+01  -4.06329E+00
  0.00000E+00   9.41240E+01  -3.43951E+00
  0.00000E+00   9.22561E+01  -3.05230E+00
  0.00000E+00   9.18904E+01  -2.84440E+00
  0.00000E+00   9.20153E+01  -2.72141E+00
  0.00000E+00   9.28645E+01  -2.53317E+00
  0.00000E+00   9.42637E+01  -2.60523E+00
  0.00000E+00   9.38119E+01  -2.56583E+00
  0.00000E+00   9.26176E+01  -2.59162E+00
  0.00000E+00   9.21605E+01  -2.72596E+00
  0.00000E+00   9.33056E+01  -2.96360E+00
  0.00000E+00   9.40218E+01  -3.33160E+00
  0.00000E+00   9.27505E+01  -3.62685E+00
  0.00000E+00   9.02391E+01  -3.77493E+00
  0.00000E+00   8.85297E+01  -3.87523E+00
  0.00000E+00   8.76236E+01  -3.99948E+00
  0.00000E+00   8.62293E+01  -4.11264E+00
  0.00000E+00   8.41161E+01  -4.02618E+00
  0.00000E+00   8.06309E+01  -3.85870E+00
  0.00000E+00   7.60794E+01  -3.66267E+00
  0.00000E+00   7.14152E+01  -3.27194E+00
  0.00000E+00   6.71233E+01  -2.79883E+00
  0.00000E+00   6.55251E+01  -2.48761E+00
  0.00000E+00   6.60460E+01  -2.37417E+00
  0.00000E+00   6.65535E+01  -2.33484E+00
  0.00000E+00   6.57672E+01  -2.48176E+00
  0.00000E+00   6.44013E+01  -2.45196E+00
  0.00000E+00   6.36569E+01  -2.27415E+00
  0.00000E+00   6.48990E+01  -1.89139E+00
  0.00000E+00   6.67020E+01  -1.52135E+00
  0.00000E+00   6.71275E+01  -1.17771E+00
  0.00000E+00   6.56481E+01  -1.07099E+00
  0.00000E+00   6.39049E+01  -1.08956E+00
  0.00000E+00   6.36542E+01  -1.30741E+00
  0.00000E+00   6.40202E+01  -1.37686E+00
  0.00000E+00   6.42660E+01  -1.20517E+00
  0.00000E+00   6.42792E+01  -1.04068E+00
  0.00000E+00   6.44071E+01  -9.41226E-01
  0.00000E+00   6.57178E+01  -7.55654E-01
  0.00000E+00   6.81686E+01  -4.73699E-01
  0.00000E+00   6.97032E+01  -9.23740E-02
  0.00000E+00   6.96320E+01   9.11756E-02
  0.00000E+00   6.95605E+01   1.61148E-01
  0.00000E+00   7.04533E+01   2.64013E-01
  0.00000E+00   7.04814E+01   3.44271E-01
  0.00000E+00   6.87976E+01   3.69559E-01
  0.00000E+00   6.74293E+01   4.60744E-01
  0.00000E+00   6.74414E+01   6.39311E-01
  0.00000E+00   6.86744E+01   9.47978E-01
  0.00000E+00   7.01355E+01   1.15691E+00
  0.00000E+00   7.06425E+01   1.06780E+00
  0.00000E+00   7.10853E+01   8.53554E-01
  0.00000E+00   7.22460E+01   7.90496E-01
  0.00000E+00   7.42617E+01   6.66883E-01
  0.00000E+00   7.59529E+01   3.95057E-01
  0.00000E+00   7.58841E+01   3.08820E-01
  0.00000E+00   7.35170E+01   2.39651E-01
  0.00000E+00   7.11815E+01   2.13565E-01
  0.00000E+00   7.11095E+01   2.41979E-01
  0.00000E+00   7.12575E+01   2.94384E-01
  0.00000E+00   6.87317E+01   4.71228E-01
  0.00000E+00   6.56270E+01   4.12324E-01
  0.00000E+00   6.50730E+01   2.69853E-01
  0.00000E+00   6.72425E+01   1.06617E-01
  0.00000E+00   7.00528E+01   1.52480E-01
  0.00000E+00   7.18269E+01   6.27946E-02
  0.00000E+00   7.16294E+01   1.42343E-01
  0.00000E+00   7.11330E+01   1.53808E-01
  0.00000E+00   7.12696E+01   1.36689E-01
  0.00000E+00   7.10654E+01  -5.94030E-02
  0.00000E+00   6.99570E+01  -2.67679E-01
  0.00000E+00   6.91173E+01  -6.22262E-01
  0.00000E+00   7.03745E+01  -9.17371E-01
  0.00000E+00   7.31935E+01  -1.23652E+00
  0.00000E+00   7.45160E+01  -1.52114E+00
  0.00000E+00   7.36165E+01  -1.60678E+00
  0.00000E+00   7.23480E+01  -1.69860E+00
  0.00000E+00   7.20326E+01  -1.80124E+00
  0.00000E+00   7.13520E+01  -1.88291E+00
  0.00000E+00   6.91505E+01  -1.78561E+00
  0.00000E+00   6.56018E+01  -1.79929E+00
  0.00000E+00   6.36706E+01  -1.84567E+00
  0.00000E+00   6.38975E+01  -1.76524E+00
  0.00000E+00   6.45835E+01  -1.69854E+00
  0.00000E+00   6.43115E+01  -1.54768E+00
  0.00000E+00   6.49446E+01  -1.45363E+00
  0.00000E+00   6.74059E+01  -1.44002E+00
  0.00000E+00   7.01732E+01  -1.44869E+00
  0.00000E+00   7.06528E+01  -1.27926E+00
  0.00000E+00   6.87672E+01  -1.07432E+00
  0.00000E+00   6.67601E+01  -9.72763E-01
  0.00000E+00   6.60624E+01  -1.01302E+00
  0.00000E+00   6.72523E+01  -1.18491E+00
  0.00000E+00   6.88194E+01  -1.37197E+00
  0.00000E+00   7.03905E+01  -1.66370E+00
  0.00000E+00   7.26943E+01  -2.03705E+00
  0.00000E+00   7.57619E+01  -2.39193E+00
