  0.00000E+00   1.07584E-04   6.34007E-06
  0.00000E+00   1.11768E-04   9.94276E-06
  0.00000E+00   1.17797E-04   9.29689E-06
  0.00000E+00   1.36202E-04   8.90069E-06
  0.00000E+00   1.68005E-04   9.19627E-06
  0.00000E+00   2.16607E-04   1.05830E-05
  0.00000E+00   2.87657E-04   1.34708E-05
  0.00000E+00   3.90114E-04   1.83636E-05
  0.00000E+00   5.37032E-04   2.60511E-05
  0.00000E+00   7.47508E-04   3.76735E-05
  0.00000E+00   1.04925E-03   5.48362E-05
  0.00000E+00   1.48216E-03   7.98701E-05
  0.00000E+00   2.10603E-03   1.15885E-04
  0.00000E+00   3.00649E-03   1.67269E-04
  0.00000E+00   4.30827E-03   2.40327E-04
  0.00000E+00   6.19847E-03   3.43495E-04
  0.00000E+00   8.94657E-03   4.88680E-04
  0.00000E+00   1.29520E-02   6.92493E-04
  0.00000E+00   1.87972E-02   9.77039E-04
  0.00000E+00   2.73317E-02   1.37314E-03
  0.00000E+00   3.97816E-02   1.92114E-03
  0.00000E+00   5.79056E-02   2.67267E-03
  0.00000E+00   8.41740E-02   3.69434E-03
  0.00000E+00   1.21985E-01   5.06527E-03
  0.00000E+00   1.75885E-01   6.87568E-03
  0.00000E+00   2.51710E-01   9.21992E-03
  0.00000E+00   3.56596E-01   1.21764E-02
  0.00000E+00   4.98744E-01   1.57672E-02
  0.00000E+00   6.86790E-01   1.98996E-02
  0.00000E+00   9.28754E-01   2.42935E-02
  0.00000E+00   1.23071E+00   2.84248E-02
  0.00000E+00   1.59557E+00   3.15118E-02
  0.00000E+00   2.02245E+00   3.25496E-02
  0.00000E+00   2.50709E+00   3.03643E-02
  0.00000E+00   3.04288E+00   2.37182E-02
  0.00000E+00   3.62222E+00   1.15473E-02
  0.00000E+00   4.23799E+00  -6.62470E-03
  0.00000E+00   4.88524E+00  -3.03065E-02
  0.00000E+00   5.56238E+00  -5.82381E-02
  0.00000E+00   6.26994E+00  -8.94947E-02
  0.00000E+00   7.00860E+00  -1.25169E-01
  0.00000E+00   7.78317E+00  -1.68278E-01
  0.00000E+00   8.61279E+00  -2.21276E-01
  0.00000E+00   9.52627E+00  -2.80161E-01
  0.00000E+00   1.05415E+01  -3.23173E-01
  0.00000E+00   1.16803E+01  -3.22223E-01
  0.00000E+00   1.29880E+01  -2.63108E-01
  0.00000E+00   1.45017E+01  -1.28778E-01
  0.00000E+00   1.61792E+01   4.64587E-02
  0.00000E+00   1.79768E+01   2.58690E-01
  0.00000E+00   1.99655E+01   4.80978E-01
  0.00000E+00   2.22075E+01   6.22456E-01
  0.00000E+00   2.49581E+01   6.82140E-01
  0.00000E+00   2.82914E+01   6.05916E-01
  0.00000E+00   3.21395E+01   3.57285E-01
  0.00000E+00   3.65804E+01   6.59823E-02
  0.00000E+00   4.16414E+01  -2.62910E-01
  0.00000E+00   4.68461E+01  -6.54133E-01
  0.00000E+00   5.09758E+01  -9.41401E-01
  0.00000E+00   5.30155E+01  -1.29190E+00
  0.00000E+00   5.44925E+01  -1.43564E+00
  0.00000E+00   5.41966E+01  -1.32822E+00
  0.00000E+00   5.20550E+01  -1.13776E+00
  0.00000E+00   4.96936E+01  -1.08781E+00
  0.00000E+00   4.85044E+01  -8.58376E-01
  0.00000E+00   4.85821E+01  -4.99024E-01
  0.00000E+00   4.86267E+01  -4.56110E-01
  0.00000E+00   4.98812E+01  -6.67644E-01
  0.00000E+00   5.12028E+01  -7.40039E-01
  0.00000E+00   5.26934E+01  -7.53470E-01
  0.00000E+00   5.43975E+01  -6.56747E-01
  0.00000E+00   5.62186E+01  -1.09661E-01
  0.00000E+00   5.78738E+01   5.53616E-01
  0.00000E+00   5.95079E+01   1.00234E+00
  0.00000E+00   6.03631E+01   1.25180E+00
  0.00000E+00   6.07577E+01   1.21053E+00
  0.00000E+00   6.13870E+01   9.81463E-01
  0.00000E+00   6.35139E+01   8.58702E-01
  0.00000E+00   6.73540E+01   8.71973E-01
  0.00000E+00   7.09808E+01   8.98727E-01
  0.00000E+00   7.33239E+01   1.00341E+00
  0.00000E+00   7.54672E+01   9.94081E-01
  0.00000E+00   7.81018E+01   1.24868E+00
  0.00000E+00   7.92593E+01   1.40277E+00
  0.00000E+00   7.91633E+01   1.46378E+00
  0.00000E+00   7.88734E+01   1.39128E+00
  0.00000E+00   7.73252E+01   1.31001E+00
  0.00000E+00   7.58557E+01   1.24304E+00
  0.00000E+00   7.52583E+01   1.50141E+00
  0.00000E+00   7.53799E+01   1.69982E+00
  0.00000E+00   7.51426E+01   1.68188E+00
  0.00000E+00   7.56145E+01   1.70537E+00
  0.00000E+00   7.72934E+01   1.91182E+00
  0.00000E+00   7.88924E+01   2.27143E+00
  0.00000E+00   7.91326E+01   2.20742E+00
  0.00000E+00   7.98243E+01   2.08670E+00
  0.00000E+00   8.15962E+01   2.14277E+00
  0.00000E+00   8.28676E+01   2.36208E+00
  0.00000E+00   8.23042E+01   2.31367E+00
  0.00000E+00   8.27666E+01   1.93115E+00
  0.00000E+00   8.46658E+01   1.63462E+00
  0.00000E+00   8.64873E+01   1.33446E+00
  0.00000E+00   8.75392E+01   1.00269E+00
  0.00000E+00   8.73609E+01   7.34732E-01
  0.00000E+00   8.79377E+01   5.01065E-01
  0.00000E+00   9.04074E+01   2.96719E-01
  0.00000E+00   9.36713E+01   1.84884E-01
  0.00000E+00   9.46634E+01  -3.27389E-02
  0.00000E+00   9.19767E+01  -2.67383E-01
  0.00000E+00   8.75455E+01  -7.23638E-01
  0.00000E+00   8.29157E+01  -1.04817E+00
  0.00000E+00   7.71798E+01  -1.41897E+00
  0.00000E+00   7.32688E+01  -1.45070E+00
  0.00000E+00   7.16814E+01  -1.39679E+00
  0.00000E+00   7.19721E+01  -1.38198E+00
  0.00000E+00   7.21128E+01  -1.47959E+00
  0.00000E+00   6.93385E+01  -1.42298E+00
  0.00000E+00   6.64948E+01  -1.06811E+00
  0.00000E+00   6.56971E+01  -8.03247E-01
  0.00000E+00   6.68135E+01  -6.79948E-01
  0.00000E+00   6.93429E+01  -7.01788E-01
  0.00000E+00   7.18997E+01  -8.59845E-01
  0.00000E+00   7.41077E+01  -8.31524E-01
  0.00000E+00   7.72083E+01  -8.03890E-01
  0.00000E+00   8.02664E+01  -8.44332E-01
  0.00000E+00   8.24565E+01  -1.09176E+00
  0.00000E+00   8.43356E+01  -1.41024E+00
  0.00000E+00   8.51221E+01  -1.60779E+00
  0.00000E+00   8.35498E+01  -1.44445E+00
  0.00000E+00   8.10894E+01  -1.09750E+00
  0.00000E+00   7.98695E+01  -8.56246E-01
  0.00000E+00   8.06600E+01  -3.35437E-01
  0.00000E+00   8.34104E+01  -9.67495E-02
  0.00000E+00   8.58975E+01   7.52897E-02
  0.00000E+00   8.65807E+01   1.64091E-01
  0.00000E+00   8.60374E+01   3.00907E-01
  0.00000E+00   8.50731E+01   4.09524E-01
  0.00000E+00   8.51106E+01   4.82527E-01
  0.00000E+00   8.66610E+01   2.76824E-01
  0.00000E+00   8.84571E+01   1.21787E-02
  0.00000E+00   9.01712E+01  -3.07492E-02
  0.00000E+00   9.15429E+01  -9.49238E-02
  0.00000E+00   9.29270E+01  -1.62744E-01
  0.00000E+00   9.54652E+01  -7.49884E-02
  0.00000E+00   9.95713E+01   4.96981E-02
  0.00000E+00   1.03480E+02   2.38623E-01
  0.00000E+00   1.06650E+02   3.60438E-01
  0.00000E+00   1.09074E+02   4.09414E-01
  0.00000E+00   1.10538E+02   4.85064E-01
  0.00000E+00   1.12153E+02   8.06959E-01
  0.00000E+00   1.14061E+02   1.31902E+00
  0.00000E+00   1.15771E+02   1.65856E+00
  0.00000E+00   1.18463E+02   1.68442E+00
  0.00000E+00   1.22129E+02   1.50157E+00
  0.00000E+00   1.26109E+02   1.45400E+00
  0.00000E+00   1.29040E+02   1.18095E+00
  0.00000E+00   1.28519E+02   4.92261E-01
  0.00000E+00   1.25096E+02  -3.01789E-01
  0.00000E+00   1.21757E+02  -5.30508E-01
  0.00000E+00   1.19198E+02  -8.31032E-01
  0.00000E+00   1.18650E+02  -1.00363E+00
  0.00000E+00   1.18453E+02  -1.04042E+00
  0.00000E+00   1.18215E+02  -1.38795E+00
  0.00000E+00   1.16770E+02  -1.73183E+00
  0.00000E+00   1.13629E+02  -1.91387E+00
  0.00000E+00   1.11868E+02  -2.34464E+00
  0.00000E+00   1.09564E+02  -2.79618E+00
  0.00000E+00   1.07308E+02  -3.03811E+00
  0.00000E+00   1.04378E+02  -2.95963E+00
  0.00000E+00   1.01179E+02  -3.03867E+00
  0.00000E+00   9.77362E+01  -3.09501E+00
  0.00000E+00   9.55250E+01  -3.32525E+00
  0.00000E+00   9.56608E+01  -3.50048E+00
  0.00000E+00   9.83873E+01  -3.50070E+00
  0.00000E+00   1.01156E+02  -3.80545E+00
  0.00000E+00   1.01626E+02  -4.25277E+00
  0.00000E+00   9.90847E+01  -4.20912E+00
  0.00000E+00   9.72341E+01  -4.04434E+00
  0.00000E+00   9.81919E+01  -3.68690E+00
  0.00000E+00   1.01914E+02  -3.53933E+00
  0.00000E+00   1.06334E+02  -3.34748E+00
  0.00000E+00   1.07567E+02  -3.09477E+00
  0.00000E+00   1.04125E+02  -2.32712E+00
  0.00000E+00   9.68825E+01  -1.21303E+00
  0.00000E+00   8.96273E+01  -1.86138E-01
  0.00000E+00   8.64407E+01   5.97336E-01
  0.00000E+00   8.79181E+01   9.32989E-01
  0.00000E+00   9.04650E+01   1.48117E+00
  0.00000E+00   9.23182E+01   2.14875E+00
  0.00000E+00   9.39297E+01   2.62078E+00
  0.00000E+00   9.63696E+01   2.65534E+00
  0.00000E+00   9.92390E+01   2.54193E+00
  0.00000E+00   1.01520E+02   2.36743E+00
  0.00000E+00   1.01321E+02   2.09978E+00
  0.00000E+00   9.89898E+01   1.60265E+00
  0.00000E+00   9.60544E+01   5.94140E-01
  0.00000E+00   9.43601E+01  -4.44658E-01
  0.00000E+00   9.39116E+01  -1.15935E+00
  0.00000E+00   9.55979E+01  -1.66447E+00
  0.00000E+00   9.96335E+01  -1.92760E+00
  0.00000E+00   1.03236E+02  -2.36088E+00
  0.00000E+00   1.05239E+02  -2.46015E+00
  0.00000E+00   1.06836E+02  -2.48247E+00
  0.00000E+00   1.09669E+02  -2.58598E+00
  0.00000E+00   1.13690E+02  -2.45399E+00
  0.00000E+00   1.17609E+02  -2.13921E+00
  0.00000E+00   1.20395E+02  -2.01718E+00
  0.00000E+00   1.21387E+02  -1.72923E+00
  0.00000E+00   1.20307E+02  -1.41801E+00
  0.00000E+00   1.17332E+02  -8.71102E-01
  0.00000E+00   1.14628E+02  -3.76418E-01
  0.00000E+00   1.11706E+02  -2.23487E-01
  0.00000E+00   1.08948E+02  -3.33503E-01
  0.00000E+00   1.08148E+02  -8.62455E-02
  0.00000E+00   1.11505E+02  -1.01341E-01
  0.00000E+00   1.17053E+02  -2.48911E-01
  0.00000E+00   1.19964E+02  -6.42964E-01
  0.00000E+00   1.18641E+02  -7.52140E-01
  0.00000E+00   1.15871E+02  -5.54665E-01
  0.00000E+00   1.15472E+02  -4.24436E-01
  0.00000E+00   1.18970E+02  -4.64301E-01
  0.00000E+00   1.24120E+02  -4.21972E-01
  0.00000E+00   1.26907E+02   1.37810E-01
  0.00000E+00   1.24243E+02   4.86953E-01
  0.00000E+00   1.17043E+02   5.44534E-01
  0.00000E+00   1.09436E+02   4.87747E-01
  0.00000E+00   1.05079E+02   4.11261E-01
  0.00000E+00   1.05527E+02   4.61861E-01
  0.00000E+00   1.09083E+02   7.70792E-01
  0.00000E+00   1.11920E+02   1.14753E+00
  0.00000E+00   1.12502E+02   1.33748E+00
  0.00000E+00   1.10801E+02   1.35332E+00
  0.00000E+00   1.09009E+02   1.24567E+00
  0.00000E+00   1.09004E+02   1.25631E+00
  0.00000E+00   1.11490E+02   1.17735E+00
  0.00000E+00   1.14902E+02   1.09973E+00
  0.00000E+00   1.17609E+02   1.07330E+00
  0.00000E+00   1.18348E+02   9.66562E-01
  0.00000E+00   1.16634E+02   8.49596E-01
  0.00000E+00   1.13851E+02   9.51284E-01
  0.00000E+00   1.12578E+02   7.69831E-01
  0.00000E+00   1.14311E+02   4.21229E-01
  0.00000E+00   1.18814E+02  -8.48603E-02
  0.00000E+00   1.24336E+02  -5.30959E-01
  0.00000E+00   1.27005E+02  -8.34589E-01
  0.00000E+00   1.26402E+02  -7.53774E-01
  0.00000E+00   1.24410E+02  -2.98932E-01
  0.00000E+00   1.23229E+02   1.24889E-01
  0.00000E+00   1.24477E+02   1.88066E-01
  0.00000E+00   1.28575E+02  -7.35399E-02
  0.00000E+00   1.34564E+02  -4.91729E-01
  0.00000E+00   1.37305E+02  -7.89305E-01
  0.00000E+00   1.36523E+02  -9.48560E-01
  0.00000E+00   1.32858E+02  -1.30923E+00
  0.00000E+00   1.29305E+02  -1.35837E+00
  0.00000E+00   1.28315E+02  -1.35082E+00
  0.00000E+00   1.31043E+02  -1.48927E+00
  0.00000E+00   1.34898E+02  -1.54204E+00
  0.00000E+00   1.35709E+02  -1.73547E+00
  0.00000E+00   1.33250E+02  -1.70788E+00
  0.00000E+00   1.31188E+02  -1.79379E+00
  0.00000E+00   1.31181E+02  -1.40386E+00
  0.00000E+00   1.31744E+02  -1.15094E+00
  0.00000E+00   1.34215E+02  -6.94344E-01
  0.00000E+00   1.36706E+02  -3.38572E-01
  0.00000E+00   1.37716E+02   2.36015E-01
  0.00000E+00   1.36199E+02   5.18552E-01
  0.00000E+00   1.33696E+02   7.51191E-01
  0.00000E+00   1.31736E+02   1.12116E+00
  0.00000E+00   1.31906E+02   1.55283E+00
  0.00000E+00   1.32846E+02   2.13478E+00
  0.00000E+00   1.33664E+02   2.68841E+00
  0.00000E+00   1.35495E+02   3.23778E+00
  0.00000E+00   1.37341E+02   3.32400E+00
  0.00000E+00   1.37924E+02   2.83448E+00
  0.00000E+00   1.37900E+02   2.83577E+00
  0.00000E+00   1.37689E+02   2.94127E+00
  0.00000E+00   1.39288E+02   3.20792E+00
  0.00000E+00   1.42405E+02   3.38805E+00
  0.00000E+00   1.45394E+02   3.76173E+00
  0.00000E+00   1.47517E+02   3.61683E+00
  0.00000E+00   1.47757E+02   3.47154E+00
  0.00000E+00   1.47014E+02   3.55045E+00
  0.00000E+00   1.47450E+02   3.51867E+00
  0.00000E+00   1.50611E+02   3.28082E+00
  0.00000E+00   1.53442E+02   3.04250E+00
  0.00000E+00   1.55658E+02   2.42739E+00
  0.00000E+00   1.56096E+02   2.15206E+00
  0.00000E+00   1.55750E+02   2.15543E+00
  0.00000E+00   1.55475E+02   1.81501E+00
  0.00000E+00   1.56160E+02   1.80591E+00
  0.00000E+00   1.57711E+02   1.89767E+00
  0.00000E+00   1.61057E+02   1.44744E+00
  0.00000E+00   1.64925E+02   1.22390E+00
  0.00000E+00   1.66498E+02   1.21279E+00
  0.00000E+00   1.64893E+02   1.27034E+00
  0.00000E+00   1.61460E+02   1.27224E+00
  0.00000E+00   1.59062E+02   1.26908E+00
  0.00000E+00   1.58832E+02   9.09318E-01
  0.00000E+00   1.59018E+02   6.81044E-01
  0.00000E+00   1.59382E+02   5.05821E-01
  0.00000E+00   1.59347E+02   7.26911E-01
  0.00000E+00   1.58326E+02   7.26409E-01
  0.00000E+00   1.59018E+02   5.70997E-01
  0.00000E+00   1.58479E+02   6.75300E-01
  0.00000E+00   1.56176E+02   6.09654E-01
  0.00000E+00   1.51692E+02   4.36270E-01
  0.00000E+00   1.46313E+02   4.95457E-01
  0.00000E+00   1.39767E+02   8.36625E-01
  0.00000E+00   1.34504E+02   7.43768E-01
  0.00000E+00   1.33071E+02   1.22137E+00
  0.00000E+00   1.33631E+02   1.59299E+00
  0.00000E+00   1.34660E+02   1.56374E+00
  0.00000E+00   1.32749E+02   1.27455E+00
  0.00000E+00   1.28981E+02   1.36677E+00
  0.00000E+00   1.27599E+02   1.45562E+00
  0.00000E+00   1.27907E+02   1.57407E+00
  0.00000E+00   1.28682E+02   1.91329E+00
  0.00000E+00   1.29904E+02   2.33110E+00
  0.00000E+00   1.30829E+02   2.68697E+00
  0.00000E+00   1.30605E+02   3.04115E+00
  0.00000E+00   1.29008E+02   3.16297E+00
  0.00000E+00   1.27912E+02   3.23842E+00
  0.00000E+00   1.27887E+02   3.28495E+00
  0.00000E+00   1.28173E+02   3.36893E+00
  0.00000E+00   1.28302E+02   3.54483E+00
  0.00000E+00   1.28030E+02   3.57660E+00
  0.00000E+00   1.29067E+02   3.42551E+00
  0.00000E+00   1.30037E+02   3.43365E+00
  0.00000E+00   1.29817E+02   3.10768E+00
  0.00000E+00   1.27251E+02   2.89628E+00
  0.00000E+00   1.23375E+02   3.02183E+00
  0.00000E+00   1.18159E+02   2.88367E+00
  0.00000E+00   1.14202E+02   2.63531E+00
  0.00000E+00   1.11682E+02   2.33087E+00
  0.00000E+00   1.10554E+02   2.09570E+00
  0.00000E+00   1.09271E+02   2.48901E+00
  0.00000E+00   1.07566E+02   2.66207E+00
  0.00000E+00   1.05325E+02   2.49547E+00
  0.00000E+00   1.05047E+02   2.35939E+00
  0.00000E+00   1.06183E+02   2.43961E+00
  0.00000E+00   1.07654E+02   2.60613E+00
  0.00000E+00   1.08718E+02   2.74290E+00
  0.00000E+00   1.09423E+02   2.68250E+00
  0.00000E+00   1.10305E+02   2.71008E+00
  0.00000E+00   1.10982E+02   2.55160E+00
  0.00000E+00   1.11052E+02   2.64724E+00
  0.00000E+00   1.11623E+02   2.91900E+00
  0.00000E+00   1.11349E+02   3.24055E+00
  0.00000E+00   1.11408E+02   3.50804E+00
  0.00000E+00   1.11689E+02   3.42452E+00
  0.00000E+00   1.13057E+02   3.26601E+00
  0.00000E+00   1.14185E+02   3.06388E+00
  0.00000E+00   1.14455E+02   2.74699E+00
  0.00000E+00   1.13803E+02   2.63011E+00
  0.00000E+00   1.12927E+02   3.11403E+00
  0.00000E+00   1.11216E+02   2.84866E+00
  0.00000E+00   1.10685E+02   2.46754E+00
  0.00000E+00   1.10838E+02   2.19568E+00
  0.00000E+00   1.10662E+02   2.11431E+00
  0.00000E+00   1.10583E+02   2.06299E+00
  0.00000E+00   1.11554E+02   1.81336E+00
  0.00000E+00   1.12218E+02   1.71013E+00
  0.00000E+00   1.12439E+02   1.14375E+00
  0.00000E+00   1.13462E+02   9.37558E-01
  0.00000E+00   1.15630E+02   8.43471E-01
  0.00000E+00   1.18258E+02   7.23592E-01
  0.00000E+00   1.21770E+02   6.60023E-01
  0.00000E+00   1.23429E+02   8.23857E-01
  0.00000E+00   1.21547E+02   1.29669E+00
  0.00000E+00   1.21711E+02   1.74134E+00
  0.00000E+00   1.22851E+02   2.13827E+00
  0.00000E+00   1.22980E+02   2.24914E+00
  0.00000E+00   1.22931E+02   2.48528E+00
  0.00000E+00   1.24502E+02   2.53435E+00
  0.00000E+00   1.25913E+02   2.56917E+00
  0.00000E+00   1.26709E+02   2.75546E+00
  0.00000E+00   1.25787E+02   3.10475E+00
  0.00000E+00   1.23363E+02   3.54937E+00
  0.00000E+00   1.19922E+02   3.52530E+00
  0.00000E+00   1.17735E+02   3.12693E+00
  0.00000E+00   1.18009E+02   2.80528E+00
  0.00000E+00   1.18366E+02   2.60783E+00
  0.00000E+00   1.18576E+02   2.17208E+00
  0.00000E+00   1.19483E+02   1.68556E+00
  0.00000E+00   1.21931E+02   1.56015E+00
  0.00000E+00   1.24587E+02   1.73157E+00
  0.00000E+00   1.27751E+02   1.78068E+00
  0.00000E+00   1.29901E+02   1.69935E+00
  0.00000E+00   1.30887E+02   1.64685E+00
  0.00000E+00   1.32807E+02   1.42096E+00
  0.00000E+00   1.34643E+02   9.85055E-01
  0.00000E+00   1.35810E+02   4.72231E-01
  0.00000E+00   1.37398E+02   8.81611E-02
  0.00000E+00   1.37973E+02  -1.55948E-01
  0.00000E+00   1.37790E+02  -1.56995E-01
  0.00000E+00   1.37948E+02   5.29890E-02
  0.00000E+00   1.37688E+02   1.17705E-01
  0.00000E+00   1.35752E+02  -2.16656E-01
  0.00000E+00   1.34353E+02  -8.29686E-01
  0.00000E+00   1.32969E+02  -9.31004E-01
  0.00000E+00   1.32933E+02  -1.03653E+00
  0.00000E+00   1.32366E+02  -7.76305E-01
  0.00000E+00   1.35691E+02  -3.40988E-01
  0.00000E+00   1.40467E+02  -3.12274E-02
  0.00000E+00   1.45685E+02   2.23200E-01
  0.00000E+00   1.47139E+02   5.72153E-01
  0.00000E+00   1.45592E+02   1.08556E-01
  0.00000E+00   1.46047E+02   1.01487E-01
  0.00000E+00   1.49862E+02   1.95983E-02
  0.00000E+00   1.55080E+02  -1.39782E-01
  0.00000E+00   1.60988E+02   1.09394E-01
  0.00000E+00   1.66104E+02   2.46020E-01
  0.00000E+00   1.68300E+02   4.88217E-01
  0.00000E+00   1.67672E+02   7.79561E-01
  0.00000E+00   1.66467E+02   1.11156E+00
  0.00000E+00   1.67421E+02   8.00279E-01
  0.00000E+00   1.69305E+02   7.13557E-01
  0.00000E+00   1.70883E+02   2.08514E-01
  0.00000E+00   1.74358E+02  -2.52450E-01
  0.00000E+00   1.78316E+02  -4.59994E-01
  0.00000E+00   1.80123E+02  -7.21089E-01
  0.00000E+00   1.77067E+02  -4.28346E-01
  0.00000E+00   1.76123E+02  -5.92625E-01
  0.00000E+00   1.77033E+02  -3.10031E-01
  0.00000E+00   1.77718E+02  -2.04643E-01
  0.00000E+00   1.78572E+02   1.71483E-02
  0.00000E+00   1.78909E+02   6.96358E-02
  0.00000E+00   1.79279E+02   6.02199E-01
  0.00000E+00   1.80391E+02   9.29722E-01
  0.00000E+00   1.82681E+02   1.43873E+00
  0.00000E+00   1.84539E+02   1.85778E+00
  0.00000E+00   1.85444E+02   1.96654E+00
  0.00000E+00   1.86974E+02   2.48145E+00
  0.00000E+00   1.89950E+02   2.55636E+00
  0.00000E+00   1.95277E+02   2.73016E+00
  0.00000E+00   1.99629E+02   2.89344E+00
  0.00000E+00   2.03342E+02   2.55864E+00
  0.00000E+00   2.07338E+02   2.18037E+00
  0.00000E+00   2.10970E+02   1.81625E+00
  0.00000E+00   2.12141E+02   1.93903E+00
  0.00000E+00   2.13811E+02   2.21709E+00
  0.00000E+00   2.18786E+02   2.63757E+00
  0.00000E+00   2.23129E+02   2.61030E+00
  0.00000E+00   2.26636E+02   2.49335E+00
  0.00000E+00   2.31125E+02   2.35722E+00
  0.00000E+00   2.33797E+02   2.51423E+00
  0.00000E+00   2.36768E+02   2.94384E+00
  0.00000E+00   2.39264E+02   3.58035E+00
  0.00000E+00   2.43184E+02   3.80685E+00
  0.00000E+00   2.48939E+02   3.96431E+00
  0.00000E+00   2.51804E+02   3.97407E+00
  0.00000E+00   2.51890E+02   3.67202E+00
  0.00000E+00   2.51537E+02   3.30574E+00
  0.00000E+00   2.52169E+02   2.75830E+00
  0.00000E+00   2.50824E+02   2.25774E+00
  0.00000E+00   2.51602E+02   1.84306E+00
  0.00000E+00   2.56520E+02   1.66335E+00
  0.00000E+00   2.63208E+02   1.86185E+00
  0.00000E+00   2.72058E+02   1.54599E+00
  0.00000E+00   2.77457E+02   1.16566E+00
  0.00000E+00   2.80200E+02   9.87790E-01
  0.00000E+00   2.81893E+02   7.48825E-01
  0.00000E+00   2.81605E+02   5.83332E-01
  0.00000E+00   2.79433E+02   5.10552E-01
  0.00000E+00   2.75095E+02   4.90967E-01
  0.00000E+00   2.72967E+02  -1.05705E-01
  0.00000E+00   2.71487E+02  -4.31856E-01
  0.00000E+00   2.70490E+02  -2.57365E-01
  0.00000E+00   2.69668E+02  -6.94783E-01
  0.00000E+00   2.67934E+02  -9.65816E-01
  0.00000E+00   2.63395E+02  -9.67647E-01
  0.00000E+00   2.57110E+02  -1.03423E+00
  0.00000E+00   2.52838E+02  -6.83406E-01
  0.00000E+00   2.54628E+02  -5.73886E-01
  0.00000E+00   2.58867E+02  -1.44779E+00
  0.00000E+00   2.60449E+02  -1.69527E+00
  0.00000E+00   2.58917E+02  -1.69857E+00
  0.00000E+00   2.58419E+02  -1.43079E+00
  0.00000E+00   2.56221E+02  -1.53987E+00
  0.00000E+00   2.51726E+02  -1.92063E+00
  0.00000E+00   2.45829E+02  -3.11214E+00
  0.00000E+00   2.38694E+02  -3.53610E+00
  0.00000E+00   2.28191E+02  -4.20032E+00
  0.00000E+00   2.14805E+02  -3.43131E+00
  0.00000E+00   2.05669E+02  -2.69033E+00
  0.00000E+00   1.99673E+02  -2.32089E+00
  0.00000E+00   1.97822E+02  -1.54608E+00
  0.00000E+00   1.98483E+02  -1.00783E+00
  0.00000E+00   1.93587E+02  -1.14025E+00
  0.00000E+00   1.81951E+02  -1.21538E+00
  0.00000E+00   1.71079E+02  -8.42351E-01
  0.00000E+00   1.60591E+02  -7.42044E-01
  0.00000E+00   1.53241E+02  -8.26254E-01
  0.00000E+00   1.48878E+02  -8.65489E-01
  0.00000E+00   1.43295E+02  -6.16187E-01
  0.00000E+00   1.37727E+02  -6.54600E-01
  0.00000E+00   1.31539E+02   1.41866E-01
  0.00000E+00   1.25776E+02   1.15014E+00
  0.00000E+00   1.20369E+02   1.84846E+00
  0.00000E+00   1.13025E+02   2.04182E+00
  0.00000E+00   1.08116E+02   1.01836E+00
  0.00000E+00   1.07564E+02   2.26755E-01
  0.00000E+00   1.10122E+02   6.17021E-01
  0.00000E+00   1.10871E+02   1.34730E+00
  0.00000E+00   1.10761E+02   2.03179E+00
  0.00000E+00   1.10882E+02   2.43932E+00
  0.00000E+00   1.11875E+02   2.61836E+00
  0.00000E+00   1.12495E+02   2.57775E+00
  0.00000E+00   1.12748E+02   2.06661E+00
  0.00000E+00   1.13611E+02   1.91676E+00
  0.00000E+00   1.15753E+02   1.84888E+00
  0.00000E+00   1.16160E+02   2.16645E+00
  0.00000E+00   1.15075E+02   2.86644E+00
  0.00000E+00   1.13039E+02   3.52579E+00
  0.00000E+00   1.11398E+02   3.69379E+00
  0.00000E+00   1.10533E+02   3.77101E+00
  0.00000E+00   1.11646E+02   3.64541E+00
  0.00000E+00   1.12580E+02   3.36404E+00
  0.00000E+00   1.11768E+02   3.12266E+00
  0.00000E+00   1.10664E+02   2.76160E+00
  0.00000E+00   1.11504E+02   2.51767E+00
  0.00000E+00   1.11969E+02   2.51277E+00
  0.00000E+00   1.10405E+02   2.30685E+00
  0.00000E+00   1.08654E+02   1.86221E+00
  0.00000E+00   1.08107E+02   1.28949E+00
  0.00000E+00   1.08996E+02   8.35124E-01
  0.00000E+00   1.08343E+02   2.11856E-01
  0.00000E+00   1.06256E+02  -1.97579E-01
  0.00000E+00   1.05896E+02  -4.10051E-01
  0.00000E+00   1.06210E+02  -3.54057E-01
  0.00000E+00   1.06421E+02  -4.24477E-01
  0.00000E+00   1.04323E+02  -4.97470E-01
  0.00000E+00   1.01299E+02  -5.21373E-01
  0.00000E+00   1.00400E+02  -6.14457E-01
  0.00000E+00   1.01991E+02  -4.54313E-01
  0.00000E+00   1.03255E+02  -2.60725E-01
  0.00000E+00   1.01261E+02  -8.67426E-02
  0.00000E+00   9.78151E+01  -4.74790E-02
  0.00000E+00   9.49013E+01  -5.00519E-01
  0.00000E+00   9.38914E+01  -7.02649E-01
  0.00000E+00   9.25153E+01  -8.38103E-01
  0.00000E+00   9.17640E+01  -1.02069E+00
  0.00000E+00   9.23140E+01  -9.58143E-01
  0.00000E+00   9.33911E+01  -1.18462E+00
  0.00000E+00   9.41516E+01  -1.34099E+00
  0.00000E+00   9.28107E+01  -1.46475E+00
  0.00000E+00   9.10990E+01  -1.61246E+00
  0.00000E+00   9.00059E+01  -1.70937E+00
  0.00000E+00   9.00260E+01  -1.93556E+00
  0.00000E+00   8.88030E+01  -2.06087E+00
  0.00000E+00   8.66973E+01  -2.00117E+00
  0.00000E+00   8.54750E+01  -2.03546E+00
  0.00000E+00   8.51499E+01  -2.09482E+00
  0.00000E+00   8.50691E+01  -2.33129E+00
  0.00000E+00   8.53477E+01  -2.63627E+00
  0.00000E+00   8.55689E+01  -2.85137E+00
  0.00000E+00   8.73245E+01  -2.87286E+00
  0.00000E+00   8.94036E+01  -2.63863E+00
  0.00000E+00   9.22821E+01  -2.62993E+00
  0.00000E+00   9.52129E+01  -2.47194E+00
  0.00000E+00   9.74265E+01  -2.36952E+00
  0.00000E+00   9.93651E+01  -2.16492E+00
  0.00000E+00   1.02765E+02  -1.68041E+00
  0.00000E+00   1.06565E+02  -1.41496E+00
  0.00000E+00   1.08253E+02  -9.54328E-01
  0.00000E+00   1.06781E+02  -2.38716E-01
  0.00000E+00   1.06145E+02   2.95211E-02
  0.00000E+00   1.08126E+02   1.57589E-01
  0.00000E+00   1.10702E+02   4.19226E-01
  0.00000E+00   1.11485E+02   8.36901E-01
  0.00000E+00   1.11028E+02   1.16977E+00
  0.00000E+00   1.12076E+02   1.57620E+00
  0.00000E+00   1.15038E+02   1.83835E+00
  0.00000E+00   1.20021E+02   1.96722E+00
  0.00000E+00   1.23875E+02   2.25245E+00
  0.00000E+00   1.25738E+02   2.47688E+00
  0.00000E+00   1.28736E+02   2.41060E+00
  0.00000E+00   1.33106E+02   2.30229E+00
  0.00000E+00   1.37423E+02   1.97073E+00
  0.00000E+00   1.38700E+02   1.94766E+00
  0.00000E+00   1.37920E+02   2.12363E+00
  0.00000E+00   1.38866E+02   2.35713E+00
  0.00000E+00   1.40289E+02   2.10259E+00
  0.00000E+00   1.41912E+02   1.76018E+00
  0.00000E+00   1.43375E+02   1.31267E+00
  0.00000E+00   1.44860E+02   1.16977E+00
  0.00000E+00   1.46766E+02   1.10856E+00
  0.00000E+00   1.49602E+02   1.12548E+00
  0.00000E+00   1.54063E+02   9.49910E-01
  0.00000E+00   1.55882E+02   9.63822E-01
  0.00000E+00   1.55801E+02   6.48610E-01
  0.00000E+00   1.57369E+02   2.20711E-01
  0.00000E+00   1.60696E+02  -8.82533E-02
  0.00000E+00   1.61911E+02  -3.57492E-01
  0.00000E+00   1.59161E+02  -4.49354E-01
  0.00000E+00   1.57931E+02  -3.54710E-01
  0.00000E+00   1.60220E+02  -2.89752E-01
  0.00000E+00   1.62363E+02  -2.60332E-01
  0.00000E+00   1.61059E+02  -5.79416E-01
  0.00000E+00   1.59139E+02  -8.91257E-01
  0.00000E+00   1.58212E+02  -1.13306E+00
  0.00000E+00   1.59311E+02  -1.32974E+00
  0.00000E+00   1.60643E+02  -1.61530E+00
  0.00000E+00   1.60623E+02  -1.86869E+00
  0.00000E+00   1.59732E+02  -1.89527E+00
  0.00000E+00   1.61008E+02  -2.13627E+00
  0.00000E+00   1.62711E+02  -2.70247E+00
  0.00000E+00   1.61944E+02  -3.13977E+00
  0.00000E+00   1.58917E+02  -3.62136E+00
  0.00000E+00   1.58034E+02  -3.60484E+00
  0.00000E+00   1.57806E+02  -3.37235E+00
  0.00000E+00   1.57081E+02  -2.81315E+00
  0.00000E+00   1.56253E+02  -2.30662E+00
  0.00000E+00   1.56731E+02  -1.42458E+00
  0.00000E+00   1.58071E+02  -4.23055E-01
  0.00000E+00   1.61064E+02   5.74101E-02
  0.00000E+00   1.63632E+02   1.48644E-01
  0.00000E+00   1.62459E+02   3.12979E-01
  0.00000E+00   1.59100E+02   3.17154E-01
  0.00000E+00   1.55844E+02   4.04164E-01
  0.00000E+00   1.54803E+02   4.94285E-01
  0.00000E+00   1.54661E+02   4.29813E-01
  0.00000E+00   1.55874E+02  -1.71145E-01
  0.00000E+00   1.58794E+02  -4.53592E-01
  0.00000E+00   1.61932E+02  -4.26543E-01
  0.00000E+00   1.62539E+02  -2.68644E-01
  0.00000E+00   1.59178E+02  -2.48743E-01
  0.00000E+00   1.55877E+02  -1.37094E-01
  0.00000E+00   1.53166E+02   1.98066E-02
  0.00000E+00   1.51057E+02   2.74450E-01
  0.00000E+00   1.49686E+02   3.70432E-01
  0.00000E+00   1.46224E+02  -2.43396E-01
  0.00000E+00   1.41516E+02  -9.53696E-01
  0.00000E+00   1.38092E+02  -1.23513E+00
  0.00000E+00   1.35622E+02  -1.27018E+00
  0.00000E+00   1.32688E+02  -1.30538E+00
  0.00000E+00   1.31195E+02  -1.60812E+00
  0.00000E+00   1.30270E+02  -1.33112E+00
  0.00000E+00   1.29826E+02  -1.17243E+00
  0.00000E+00   1.30574E+02  -8.16965E-01
  0.00000E+00   1.30905E+02  -8.30374E-01
  0.00000E+00   1.29432E+02  -1.21357E+00
  0.00000E+00   1.28521E+02  -1.64140E+00
  0.00000E+00   1.29025E+02  -1.99095E+00
  0.00000E+00   1.30889E+02  -1.88899E+00
  0.00000E+00   1.32942E+02  -1.75885E+00
  0.00000E+00   1.34193E+02  -1.81447E+00
  0.00000E+00   1.35958E+02  -1.79971E+00
  0.00000E+00   1.37452E+02  -1.82962E+00
  0.00000E+00   1.40305E+02  -1.84625E+00
  0.00000E+00   1.43215E+02  -2.28156E+00
  0.00000E+00   1.43002E+02  -2.38054E+00
  0.00000E+00   1.43079E+02  -2.39043E+00
  0.00000E+00   1.45936E+02  -2.45829E+00
  0.00000E+00   1.49289E+02  -2.83271E+00
  0.00000E+00   1.49745E+02  -2.92666E+00
  0.00000E+00   1.45461E+02  -2.77565E+00
  0.00000E+00   1.41404E+02  -2.71534E+00
  0.00000E+00   1.41221E+02  -3.08570E+00
  0.00000E+00   1.42556E+02  -3.19513E+00
  0.00000E+00   1.42321E+02  -3.15938E+00
  0.00000E+00   1.40385E+02  -2.92218E+00
  0.00000E+00   1.39537E+02  -2.70568E+00
  0.00000E+00   1.41431E+02  -2.58742E+00
  0.00000E+00   1.43934E+02  -2.75219E+00
  0.00000E+00   1.43590E+02  -2.98775E+00
  0.00000E+00   1.40725E+02  -2.95352E+00
  0.00000E+00   1.38678E+02  -2.81765E+00
  0.00000E+00   1.38735E+02  -3.06676E+00
  0.00000E+00   1.40665E+02  -3.19670E+00
  0.00000E+00   1.41950E+02  -3.15162E+00
  0.00000E+00   1.43761E+02  -3.21839E+00
  0.00000E+00   1.46696E+02  -3.59580E+00
  0.00000E+00   1.49646E+02  -3.85031E+00
  0.00000E+00   1.50834E+02  -3.65881E+00
  0.00000E+00   1.49146E+02  -3.35257E+00
  0.00000E+00   1.49550E+02  -3.27968E+00
  0.00000E+00   1.49129E+02  -3.38413E+00
  0.00000E+00   1.48999E+02  -3.08096E+00
  0.00000E+00   1.47284E+02  -3.57812E+00
  0.00000E+00   1.45110E+02  -4.24805E+00
  0.00000E+00   1.43935E+02  -4.57013E+00
  0.00000E+00   1.45375E+02  -4.53238E+00
  0.00000E+00   1.47248E+02  -4.43294E+00
  0.00000E+00   1.46577E+02  -4.12499E+00
  0.00000E+00   1.43853E+02  -3.12630E+00
  0.00000E+00   1.42277E+02  -2.35365E+00
  0.00000E+00   1.41836E+02  -1.64228E+00
  0.00000E+00   1.40328E+02  -9.22311E-01
  0.00000E+00   1.37786E+02  -7.83740E-01
  0.00000E+00   1.36208E+02  -5.15148E-01
  0.00000E+00   1.35378E+02  -5.09569E-01
  0.00000E+00   1.37472E+02  -2.97117E-01
  0.00000E+00   1.39007E+02   7.86724E-01
  0.00000E+00   1.37927E+02   1.43617E+00
  0.00000E+00   1.40757E+02   1.61747E+00
  0.00000E+00   1.45498E+02   1.87199E+00
  0.00000E+00   1.46746E+02   1.80268E+00
  0.00000E+00   1.45397E+02   1.64047E+00
  0.00000E+00   1.42000E+02   1.38532E+00
  0.00000E+00   1.43081E+02   9.64124E-01
  0.00000E+00   1.44589E+02   7.68058E-01
  0.00000E+00   1.45019E+02   4.06667E-01
  0.00000E+00   1.44472E+02   4.67878E-01
  0.00000E+00   1.42769E+02   6.93688E-01
  0.00000E+00   1.41291E+02   7.04116E-01
  0.00000E+00   1.41930E+02   1.62644E-01
  0.00000E+00   1.40428E+02  -3.13548E-01
  0.00000E+00   1.35559E+02  -7.25336E-01
  0.00000E+00   1.33199E+02  -9.59343E-01
  0.00000E+00   1.34834E+02  -1.27580E+00
  0.00000E+00   1.37801E+02  -1.52096E+00
  0.00000E+00   1.36996E+02  -1.82226E+00
  0.00000E+00   1.34013E+02  -2.04588E+00
  0.00000E+00   1.31091E+02  -2.11855E+00
  0.00000E+00   1.28853E+02  -2.22576E+00
  0.00000E+00   1.26255E+02  -2.08440E+00
  0.00000E+00   1.23584E+02  -2.04160E+00
  0.00000E+00   1.22107E+02  -1.82046E+00
  0.00000E+00   1.22013E+02  -1.85236E+00
  0.00000E+00   1.23706E+02  -1.82425E+00
  0.00000E+00   1.24541E+02  -1.36970E+00
  0.00000E+00   1.22726E+02  -1.15480E+00
  0.00000E+00   1.21133E+02  -1.25352E+00
  0.00000E+00   1.21990E+02  -1.22122E+00
  0.00000E+00   1.23552E+02  -1.56292E+00
  0.00000E+00   1.23982E+02  -1.81299E+00
  0.00000E+00   1.20730E+02  -1.72895E+00
  0.00000E+00   1.17783E+02  -1.96732E+00
  0.00000E+00   1.16506E+02  -2.26953E+00
  0.00000E+00   1.16439E+02  -3.00080E+00
  0.00000E+00   1.15017E+02  -3.53089E+00
  0.00000E+00   1.11699E+02  -3.54932E+00
  0.00000E+00   1.08447E+02  -3.48447E+00
  0.00000E+00   1.07871E+02  -3.71535E+00
  0.00000E+00   1.09710E+02  -3.72755E+00
  0.00000E+00   1.10077E+02  -3.77695E+00
  0.00000E+00   1.08506E+02  -3.71144E+00
  0.00000E+00   1.06841E+02  -3.89777E+00
  0.00000E+00   1.05793E+02  -4.39759E+00
  0.00000E+00   1.05828E+02  -4.72546E+00
  0.00000E+00   1.04313E+02  -4.81918E+00
  0.00000E+00   1.02549E+02  -4.37160E+00
  0.00000E+00   1.02811E+02  -3.81276E+00
  0.00000E+00   1.03860E+02  -3.59750E+00
  0.00000E+00   1.03695E+02  -3.31438E+00
  0.00000E+00   1.01566E+02  -3.37248E+00
  0.00000E+00   9.99519E+01  -3.53064E+00
  0.00000E+00   1.00768E+02  -3.80776E+00
  0.00000E+00   1.02062E+02  -3.90367E+00
  0.00000E+00   1.00606E+02  -3.86119E+00
  0.00000E+00   9.85525E+01  -3.40478E+00
  0.00000E+00   9.68346E+01  -2.85753E+00
  0.00000E+00   9.72289E+01  -2.70001E+00
  0.00000E+00   9.91305E+01  -2.77316E+00
  0.00000E+00   9.99547E+01  -3.04082E+00
  0.00000E+00   9.88067E+01  -3.04441E+00
  0.00000E+00   9.94873E+01  -3.25547E+00
  0.00000E+00   1.01903E+02  -3.23658E+00
  0.00000E+00   1.03986E+02  -3.26306E+00
  0.00000E+00   1.02171E+02  -3.21070E+00
  0.00000E+00   9.68938E+01  -3.13595E+00
  0.00000E+00   9.26020E+01  -2.93174E+00
  0.00000E+00   9.29431E+01  -2.70729E+00
  0.00000E+00   9.60761E+01  -2.51705E+00
  0.00000E+00   9.57661E+01  -2.34980E+00
  0.00000E+00   9.27067E+01  -2.13695E+00
  0.00000E+00   9.20640E+01  -2.35494E+00
  0.00000E+00   9.39053E+01  -2.32412E+00
  0.00000E+00   9.29305E+01  -2.23832E+00
  0.00000E+00   8.76250E+01  -1.74721E+00
  0.00000E+00   8.39334E+01  -1.57906E+00
  0.00000E+00   8.33957E+01  -1.51231E+00
  0.00000E+00   8.40899E+01  -1.40991E+00
  0.00000E+00   8.38020E+01  -1.45087E+00
  0.00000E+00   8.34650E+01  -1.64703E+00
  0.00000E+00   8.42608E+01  -1.91192E+00
  0.00000E+00   8.64962E+01  -2.05741E+00
  0.00000E+00   8.93140E+01  -2.24982E+00
  0.00000E+00   8.92846E+01  -2.54924E+00
  0.00000E+00   8.74721E+01  -2.62498E+00
  0.00000E+00   8.62201E+01  -2.41748E+00
  0.00000E+00   8.66614E+01  -2.24123E+00
  0.00000E+00   8.76211E+01  -2.20757E+00
  0.00000E+00   8.73183E+01  -2.20431E+00
  0.00000E+00   8.65945E+01  -2.30823E+00
  0.00000E+00   8.79016E+01  -2.20835E+00
  0.00000E+00   9.02323E+01  -2.04029E+00
  0.00000E+00   9.01256E+01  -1.92044E+00
  0.00000E+00   8.69312E+01  -1.71954E+00
  0.00000E+00   8.36994E+01  -1.21739E+00
  0.00000E+00   8.33081E+01  -7.23201E-01
  0.00000E+00   8.55926E+01  -3.86356E-01
  0.00000E+00   8.74310E+01  -6.10863E-02
  0.00000E+00   8.76373E+01   2.96756E-01
  0.00000E+00   8.56754E+01   5.80964E-01
  0.00000E+00   8.40694E+01   7.40547E-01
  0.00000E+00   8.40308E+01   6.71875E-01
  0.00000E+00   8.44518E+01   5.99645E-01
