  0.00000E+00   7.00016E-03   4.98539E-05
  0.00000E+00   6.09155E-03  -3.25219E-06
  0.00000E+00   5.49214E-03  -1.29505E-04
  0.00000E+00   4.94224E-03  -7.88193E-05
  0.00000E+00   4.94735E-03  -3.41565E-05
  0.00000E+00   5.21877E-03  -2.02417E-05
  0.00000E+00   5.75347E-03  -6.45814E-05
  0.00000E+00   6.60401E-03  -1.15514E-04
  0.00000E+00   7.98979E-03  -1.59884E-04
  0.00000E+00   9.59973E-03  -1.35316E-04
  0.00000E+00   1.15583E-02  -9.18174E-05
  0.00000E+00   1.42452E-02  -1.14086E-04
  0.00000E+00   1.79202E-02  -1.11982E-04
  0.00000E+00   2.27444E-02  -1.40058E-04
  0.00000E+00   2.91208E-02  -1.94236E-04
  0.00000E+00   3.77350E-02  -2.71129E-04
  0.00000E+00   4.93926E-02  -3.47608E-04
  0.00000E+00   6.51854E-02  -4.07229E-04
  0.00000E+00   8.64996E-02  -4.85723E-04
  0.00000E+00   1.15434E-01  -6.10917E-04
  0.00000E+00   1.54566E-01  -7.52359E-04
  0.00000E+00   2.07584E-01  -8.88946E-04
  0.00000E+00   2.79410E-01  -1.04391E-03
  0.00000E+00   3.77084E-01  -1.20913E-03
  0.00000E+00   5.09786E-01  -1.36224E-03
  0.00000E+00   6.90019E-01  -1.53085E-03
  0.00000E+00   9.34888E-01  -1.70647E-03
  0.00000E+00   1.26704E+00  -1.81720E-03
  0.00000E+00   1.71659E+00  -1.85345E-03
  0.00000E+00   2.32327E+00  -1.76949E-03
  0.00000E+00   3.13860E+00  -1.54696E-03
  0.00000E+00   4.22825E+00  -1.13319E-03
  0.00000E+00   5.67431E+00  -4.24301E-04
  0.00000E+00   7.57670E+00   8.47764E-04
  0.00000E+00   1.00528E+01   3.27593E-03
  0.00000E+00   1.32350E+01   8.21706E-03
  0.00000E+00   1.72627E+01   1.86825E-02
  0.00000E+00   2.22689E+01   3.98816E-02
  0.00000E+00   2.83566E+01   7.87271E-02
  0.00000E+00   3.55577E+01   1.42731E-01
  0.00000E+00   4.37528E+01   2.37211E-01
  0.00000E+00   5.24955E+01   3.66251E-01
  0.00000E+00   6.06329E+01   5.34901E-01
  0.00000E+00   6.57491E+01   7.07908E-01
  0.00000E+00   6.44379E+01   7.73775E-01
  0.00000E+00   5.60116E+01   6.04217E-01
  0.00000E+00   4.49255E+01   2.46172E-01
  0.00000E+00   3.58733E+01  -8.61575E-02
  0.00000E+00   3.14210E+01  -2.55832E-01
  0.00000E+00   3.03036E+01  -3.21317E-01
  0.00000E+00   3.02890E+01  -5.01325E-01
  0.00000E+00   3.00713E+01  -6.20377E-01
  0.00000E+00   2.92690E+01  -6.48550E-01
  0.00000E+00   2.80857E+01  -5.88850E-01
  0.00000E+00   2.70617E+01  -4.50950E-01
  0.00000E+00   2.66493E+01  -5.00215E-01
  0.00000E+00   2.69929E+01  -5.36019E-01
  0.00000E+00   2.78374E+01  -6.00115E-01
  0.00000E+00   2.87919E+01  -6.09939E-01
  0.00000E+00   2.90258E+01  -6.38914E-01
  0.00000E+00   2.86492E+01  -6.06352E-01
  0.00000E+00   2.86690E+01  -5.52294E-01
  0.00000E+00   2.96478E+01  -5.51698E-01
  0.00000E+00   3.12652E+01  -5.31511E-01
  0.00000E+00   3.29862E+01  -5.51388E-01
  0.00000E+00   3.42419E+01  -5.52637E-01
  0.00000E+00   3.50874E+01  -4.37788E-01
  0.00000E+00   3.60501E+01  -3.02060E-01
  0.00000E+00   3.76658E+01  -2.23804E-01
  0.00000E+00   4.01146E+01  -1.59936E-01
  0.00000E+00   4.29520E+01  -1.37608E-01
  0.00000E+00   4.55119E+01  -1.49343E-01
  0.00000E+00   4.72758E+01  -1.17986E-01
  0.00000E+00   4.85489E+01  -7.52544E-02
  0.00000E+00   4.94282E+01  -1.11921E-01
  0.00000E+00   4.93499E+01  -2.36393E-01
  0.00000E+00   4.79975E+01  -2.84760E-01
  0.00000E+00   4.61589E+01  -3.10363E-01
  0.00000E+00   4.51282E+01  -3.61288E-01
  0.00000E+00   4.51613E+01  -3.04495E-01
  0.00000E+00   4.55134E+01  -2.31127E-01
  0.00000E+00   4.56292E+01  -9.91479E-02
  0.00000E+00   4.57592E+01   2.58933E-02
  0.00000E+00   4.63334E+01   8.04633E-02
  0.00000E+00   4.73923E+01   8.89118E-02
  0.00000E+00   4.86573E+01   4.36599E-02
  0.00000E+00   5.00363E+01  -4.80969E-02
  0.00000E+00   5.13024E+01  -1.87606E-01
  0.00000E+00   5.19233E+01  -2.24484E-01
  0.00000E+00   5.21790E+01  -1.48820E-01
  0.00000E+00   5.15192E+01  -9.03195E-02
  0.00000E+00   5.01498E+01   1.32318E-02
  0.00000E+00   4.85698E+01   2.00200E-01
  0.00000E+00   4.72668E+01   2.66668E-01
  0.00000E+00   4.65897E+01   2.78289E-01
  0.00000E+00   4.67282E+01   2.58669E-01
  0.00000E+00   4.78586E+01   2.46045E-01
  0.00000E+00   4.92199E+01   2.88117E-01
  0.00000E+00   4.97818E+01   3.95514E-01
  0.00000E+00   4.99047E+01   5.78107E-01
  0.00000E+00   5.03184E+01   7.13784E-01
  0.00000E+00   5.22058E+01   8.69998E-01
  0.00000E+00   5.51275E+01   9.32912E-01
  0.00000E+00   5.78535E+01   9.14308E-01
  0.00000E+00   5.97456E+01   8.54379E-01
  0.00000E+00   6.07755E+01   8.22953E-01
  0.00000E+00   6.12859E+01   6.66764E-01
  0.00000E+00   6.17470E+01   3.27447E-01
  0.00000E+00   6.24467E+01  -2.48057E-02
  0.00000E+00   6.31286E+01  -1.92074E-01
  0.00000E+00   6.33118E+01  -3.06264E-01
  0.00000E+00   6.27570E+01  -5.28457E-01
  0.00000E+00   6.19883E+01  -7.24300E-01
  0.00000E+00   6.17425E+01  -8.77314E-01
  0.00000E+00   6.27423E+01  -9.17699E-01
  0.00000E+00   6.46644E+01  -1.16328E+00
  0.00000E+00   6.60444E+01  -1.29593E+00
  0.00000E+00   6.55512E+01  -1.20484E+00
  0.00000E+00   6.38085E+01  -1.12815E+00
  0.00000E+00   6.20809E+01  -1.22866E+00
  0.00000E+00   6.08307E+01  -1.35879E+00
  0.00000E+00   6.02679E+01  -1.44122E+00
  0.00000E+00   5.94663E+01  -1.43293E+00
  0.00000E+00   5.84677E+01  -1.36204E+00
  0.00000E+00   5.79673E+01  -1.36415E+00
  0.00000E+00   5.83941E+01  -1.33783E+00
  0.00000E+00   5.95249E+01  -1.24922E+00
  0.00000E+00   6.01455E+01  -1.19973E+00
  0.00000E+00   6.00116E+01  -1.16161E+00
  0.00000E+00   5.96199E+01  -1.14939E+00
  0.00000E+00   5.98549E+01  -1.16174E+00
  0.00000E+00   6.02843E+01  -1.16666E+00
  0.00000E+00   5.99940E+01  -1.24093E+00
  0.00000E+00   5.85466E+01  -1.40174E+00
  0.00000E+00   5.70202E+01  -1.53402E+00
  0.00000E+00   5.58427E+01  -1.49641E+00
  0.00000E+00   5.48254E+01  -1.21614E+00
  0.00000E+00   5.44010E+01  -9.71753E-01
  0.00000E+00   5.43532E+01  -9.55782E-01
  0.00000E+00   5.48838E+01  -1.09408E+00
  0.00000E+00   5.55617E+01  -1.19392E+00
  0.00000E+00   5.59225E+01  -1.21514E+00
  0.00000E+00   5.61622E+01  -1.21060E+00
  0.00000E+00   5.68957E+01  -1.16515E+00
  0.00000E+00   5.74566E+01  -1.01236E+00
  0.00000E+00   5.66854E+01  -9.65840E-01
  0.00000E+00   5.53399E+01  -9.15623E-01
  0.00000E+00   5.39855E+01  -7.59117E-01
  0.00000E+00   5.27299E+01  -5.67132E-01
  0.00000E+00   5.15320E+01  -4.29599E-01
  0.00000E+00   5.06981E+01  -3.49199E-01
  0.00000E+00   5.14899E+01  -3.48846E-01
  0.00000E+00   5.31045E+01  -3.27392E-01
  0.00000E+00   5.50885E+01  -3.10409E-01
  0.00000E+00   5.70043E+01  -2.18101E-01
  0.00000E+00   5.83319E+01  -1.09209E-01
  0.00000E+00   5.88468E+01   1.12854E-01
  0.00000E+00   5.90202E+01   3.17799E-01
  0.00000E+00   6.00762E+01   5.23862E-01
  0.00000E+00   6.28793E+01   7.44867E-01
  0.00000E+00   6.66764E+01   1.02298E+00
  0.00000E+00   7.03862E+01   1.24501E+00
  0.00000E+00   7.28379E+01   1.40123E+00
  0.00000E+00   7.25197E+01   1.42082E+00
  0.00000E+00   6.96087E+01   1.42732E+00
  0.00000E+00   6.58540E+01   1.40597E+00
  0.00000E+00   6.31631E+01   1.44802E+00
  0.00000E+00   6.28008E+01   1.46709E+00
  0.00000E+00   6.49604E+01   1.71901E+00
  0.00000E+00   6.84773E+01   2.00998E+00
  0.00000E+00   7.20333E+01   2.45219E+00
  0.00000E+00   7.37538E+01   2.81295E+00
  0.00000E+00   7.33604E+01   3.12696E+00
  0.00000E+00   7.27136E+01   3.31130E+00
  0.00000E+00   7.38941E+01   3.40534E+00
  0.00000E+00   7.69663E+01   3.38789E+00
  0.00000E+00   8.04770E+01   3.33306E+00
  0.00000E+00   8.27831E+01   3.23761E+00
  0.00000E+00   8.24649E+01   3.11253E+00
  0.00000E+00   7.99575E+01   2.89823E+00
  0.00000E+00   7.71822E+01   2.58561E+00
  0.00000E+00   7.42777E+01   2.21855E+00
  0.00000E+00   7.09005E+01   1.95010E+00
  0.00000E+00   6.86287E+01   1.82611E+00
  0.00000E+00   6.87209E+01   1.62436E+00
  0.00000E+00   7.02824E+01   1.51297E+00
  0.00000E+00   7.18065E+01   1.48570E+00
  0.00000E+00   7.28508E+01   1.54756E+00
  0.00000E+00   7.30795E+01   1.61102E+00
  0.00000E+00   7.27112E+01   1.71950E+00
  0.00000E+00   7.20762E+01   1.94715E+00
  0.00000E+00   7.23382E+01   2.09512E+00
  0.00000E+00   7.40177E+01   2.22476E+00
  0.00000E+00   7.66290E+01   2.29605E+00
  0.00000E+00   7.92769E+01   2.20975E+00
  0.00000E+00   8.11104E+01   2.15621E+00
  0.00000E+00   8.14608E+01   2.12291E+00
  0.00000E+00   8.08024E+01   2.03004E+00
  0.00000E+00   7.99514E+01   1.93684E+00
  0.00000E+00   7.97229E+01   1.66495E+00
  0.00000E+00   8.07647E+01   1.30941E+00
  0.00000E+00   8.20860E+01   9.78113E-01
  0.00000E+00   8.30290E+01   5.93777E-01
  0.00000E+00   8.29599E+01   5.05398E-01
  0.00000E+00   8.16655E+01   3.17273E-01
  0.00000E+00   7.92845E+01   2.23336E-01
  0.00000E+00   7.74333E+01   1.46171E-01
  0.00000E+00   7.70973E+01   9.77645E-02
  0.00000E+00   7.80473E+01   5.91599E-02
  0.00000E+00   7.97588E+01  -8.32585E-02
  0.00000E+00   8.14292E+01   1.77102E-02
  0.00000E+00   8.14209E+01  -3.07565E-02
  0.00000E+00   7.96138E+01  -1.23314E-01
  0.00000E+00   7.67427E+01  -1.68198E-01
  0.00000E+00   7.37847E+01  -1.47679E-01
  0.00000E+00   7.20513E+01  -2.14914E-01
  0.00000E+00   7.20114E+01  -4.60079E-01
  0.00000E+00   7.25165E+01  -6.52464E-01
  0.00000E+00   7.19884E+01  -5.88446E-01
  0.00000E+00   7.05442E+01  -3.20950E-01
  0.00000E+00   6.92648E+01  -2.46400E-02
  0.00000E+00   6.90960E+01   3.39957E-01
  0.00000E+00   6.94582E+01   4.66773E-01
  0.00000E+00   7.04767E+01   5.59891E-01
  0.00000E+00   7.15262E+01   6.56609E-01
  0.00000E+00   7.20413E+01   8.48384E-01
  0.00000E+00   7.16924E+01   1.06520E+00
  0.00000E+00   7.08801E+01   1.32881E+00
  0.00000E+00   7.04296E+01   1.50444E+00
  0.00000E+00   6.99229E+01   1.78510E+00
  0.00000E+00   6.96857E+01   1.84429E+00
  0.00000E+00   6.92049E+01   2.01999E+00
  0.00000E+00   6.80432E+01   2.17550E+00
  0.00000E+00   6.67345E+01   2.44499E+00
  0.00000E+00   6.59325E+01   2.68334E+00
  0.00000E+00   6.56875E+01   2.68013E+00
  0.00000E+00   6.62196E+01   2.71439E+00
  0.00000E+00   6.74834E+01   2.61216E+00
  0.00000E+00   6.83814E+01   2.57336E+00
  0.00000E+00   6.89569E+01   2.70575E+00
  0.00000E+00   6.96993E+01   2.98705E+00
  0.00000E+00   7.08354E+01   3.30129E+00
  0.00000E+00   7.19062E+01   3.46972E+00
  0.00000E+00   7.29085E+01   3.50156E+00
  0.00000E+00   7.43159E+01   3.57603E+00
  0.00000E+00   7.56263E+01   3.62270E+00
  0.00000E+00   7.59193E+01   3.73088E+00
  0.00000E+00   7.55435E+01   3.76935E+00
  0.00000E+00   7.55448E+01   3.76916E+00
  0.00000E+00   7.61156E+01   3.66987E+00
  0.00000E+00   7.71936E+01   3.69765E+00
  0.00000E+00   7.82394E+01   3.87136E+00
  0.00000E+00   7.88305E+01   4.17545E+00
  0.00000E+00   7.87128E+01   4.47317E+00
  0.00000E+00   7.87224E+01   4.64237E+00
  0.00000E+00   7.88930E+01   4.62659E+00
  0.00000E+00   7.82012E+01   4.44745E+00
  0.00000E+00   7.65863E+01   4.35216E+00
  0.00000E+00   7.50376E+01   4.35416E+00
  0.00000E+00   7.38873E+01   4.23749E+00
  0.00000E+00   7.34255E+01   4.20667E+00
  0.00000E+00   7.37489E+01   4.16476E+00
  0.00000E+00   7.47723E+01   4.11714E+00
  0.00000E+00   7.54586E+01   4.01634E+00
  0.00000E+00   7.49086E+01   3.97427E+00
  0.00000E+00   7.30335E+01   3.89397E+00
  0.00000E+00   7.01384E+01   3.55901E+00
  0.00000E+00   6.73572E+01   3.16780E+00
  0.00000E+00   6.59582E+01   2.90323E+00
  0.00000E+00   6.59835E+01   2.64312E+00
  0.00000E+00   6.62443E+01   2.32910E+00
  0.00000E+00   6.68825E+01   1.81296E+00
  0.00000E+00   6.72763E+01   1.38570E+00
  0.00000E+00   6.74730E+01   1.05281E+00
  0.00000E+00   6.76396E+01   6.97281E-01
  0.00000E+00   6.83368E+01   5.29514E-01
  0.00000E+00   6.97191E+01   4.61235E-01
  0.00000E+00   7.10393E+01   2.41500E-01
  0.00000E+00   7.18952E+01   8.34175E-02
  0.00000E+00   7.23073E+01  -4.59835E-02
  0.00000E+00   7.18980E+01  -1.77339E-01
  0.00000E+00   7.05084E+01  -2.67474E-01
  0.00000E+00   6.85906E+01  -3.66375E-01
  0.00000E+00   6.71763E+01  -4.68962E-01
  0.00000E+00   6.65820E+01  -6.12289E-01
  0.00000E+00   6.68627E+01  -7.03526E-01
  0.00000E+00   6.83234E+01  -7.19057E-01
  0.00000E+00   7.03548E+01  -6.67162E-01
  0.00000E+00   7.24578E+01  -6.01383E-01
  0.00000E+00   7.37818E+01  -5.15997E-01
  0.00000E+00   7.46752E+01  -4.79623E-01
  0.00000E+00   7.57581E+01  -3.59994E-01
  0.00000E+00   7.76121E+01  -3.54184E-01
  0.00000E+00   8.02489E+01  -3.45386E-01
  0.00000E+00   8.33706E+01  -2.63842E-01
  0.00000E+00   8.69066E+01  -2.02067E-02
  0.00000E+00   9.01938E+01   1.09293E-01
  0.00000E+00   9.25804E+01   1.26493E-01
  0.00000E+00   9.44472E+01   1.20738E-01
  0.00000E+00   9.65220E+01  -5.63423E-03
  0.00000E+00   9.96433E+01  -1.59892E-01
  0.00000E+00   1.03227E+02  -4.67264E-01
  0.00000E+00   1.05769E+02  -7.87192E-01
  0.00000E+00   1.06856E+02  -1.17379E+00
  0.00000E+00   1.07093E+02  -1.43285E+00
  0.00000E+00   1.08095E+02  -1.55612E+00
  0.00000E+00   1.11152E+02  -1.42899E+00
  0.00000E+00   1.14887E+02  -1.21381E+00
  0.00000E+00   1.18031E+02  -1.02643E+00
  0.00000E+00   1.19851E+02  -9.14780E-01
  0.00000E+00   1.19312E+02  -9.08218E-01
  0.00000E+00   1.17583E+02  -9.70552E-01
  0.00000E+00   1.15087E+02  -1.12841E+00
  0.00000E+00   1.11720E+02  -1.21587E+00
  0.00000E+00   1.08549E+02  -1.28748E+00
  0.00000E+00   1.05392E+02  -1.16759E+00
  0.00000E+00   1.02722E+02  -9.36907E-01
  0.00000E+00   1.00902E+02  -8.64156E-01
  0.00000E+00   1.00548E+02  -8.34518E-01
  0.00000E+00   1.01891E+02  -6.84602E-01
  0.00000E+00   1.04109E+02  -5.48276E-01
  0.00000E+00   1.06347E+02  -6.57827E-01
  0.00000E+00   1.08569E+02  -8.90492E-01
  0.00000E+00   1.09927E+02  -1.26953E+00
  0.00000E+00   1.10990E+02  -1.66935E+00
  0.00000E+00   1.11929E+02  -2.17720E+00
  0.00000E+00   1.12799E+02  -2.57033E+00
  0.00000E+00   1.13928E+02  -2.89101E+00
  0.00000E+00   1.15914E+02  -3.15631E+00
  0.00000E+00   1.18764E+02  -3.39990E+00
  0.00000E+00   1.21839E+02  -3.40421E+00
  0.00000E+00   1.24144E+02  -3.57970E+00
  0.00000E+00   1.25159E+02  -3.51273E+00
  0.00000E+00   1.25620E+02  -3.39848E+00
  0.00000E+00   1.25798E+02  -3.36350E+00
  0.00000E+00   1.26612E+02  -3.14198E+00
  0.00000E+00   1.29119E+02  -2.83555E+00
  0.00000E+00   1.32228E+02  -2.66441E+00
  0.00000E+00   1.33770E+02  -2.18245E+00
  0.00000E+00   1.32579E+02  -1.69618E+00
  0.00000E+00   1.28733E+02  -1.31698E+00
  0.00000E+00   1.23998E+02  -1.08727E+00
  0.00000E+00   1.19508E+02  -9.38610E-01
  0.00000E+00   1.16065E+02  -6.89318E-01
  0.00000E+00   1.14539E+02  -4.95623E-01
  0.00000E+00   1.14952E+02  -6.51784E-01
  0.00000E+00   1.15610E+02  -9.28201E-01
  0.00000E+00   1.15637E+02  -9.70990E-01
  0.00000E+00   1.15605E+02  -9.65583E-01
  0.00000E+00   1.15339E+02  -7.62748E-01
  0.00000E+00   1.14160E+02  -5.31345E-01
  0.00000E+00   1.12548E+02  -4.88977E-01
  0.00000E+00   1.10698E+02  -6.26254E-01
  0.00000E+00   1.09981E+02  -7.55307E-01
  0.00000E+00   1.10559E+02  -8.84970E-01
  0.00000E+00   1.11847E+02  -8.33404E-01
  0.00000E+00   1.13392E+02  -8.19803E-01
  0.00000E+00   1.14045E+02  -1.07359E+00
  0.00000E+00   1.14089E+02  -1.17877E+00
  0.00000E+00   1.14005E+02  -1.31284E+00
  0.00000E+00   1.13477E+02  -1.41552E+00
  0.00000E+00   1.14345E+02  -1.57778E+00
  0.00000E+00   1.16381E+02  -1.57811E+00
  0.00000E+00   1.17976E+02  -1.71169E+00
  0.00000E+00   1.18010E+02  -1.72936E+00
  0.00000E+00   1.15784E+02  -1.79754E+00
  0.00000E+00   1.13255E+02  -1.87702E+00
  0.00000E+00   1.11370E+02  -1.90278E+00
  0.00000E+00   1.11742E+02  -2.02490E+00
  0.00000E+00   1.13347E+02  -2.49455E+00
  0.00000E+00   1.15493E+02  -2.78726E+00
  0.00000E+00   1.17067E+02  -3.03424E+00
  0.00000E+00   1.16783E+02  -3.54271E+00
  0.00000E+00   1.14903E+02  -3.78189E+00
  0.00000E+00   1.12520E+02  -3.75664E+00
  0.00000E+00   1.11008E+02  -3.64316E+00
  0.00000E+00   1.11525E+02  -3.67218E+00
  0.00000E+00   1.12157E+02  -3.80799E+00
  0.00000E+00   1.12083E+02  -4.08158E+00
  0.00000E+00   1.10916E+02  -4.29869E+00
  0.00000E+00   1.08664E+02  -4.49530E+00
  0.00000E+00   1.05897E+02  -4.45725E+00
  0.00000E+00   1.02568E+02  -4.45777E+00
  0.00000E+00   9.97341E+01  -4.33003E+00
  0.00000E+00   9.87769E+01  -3.92778E+00
  0.00000E+00   9.92459E+01  -3.46158E+00
  0.00000E+00   1.00619E+02  -3.08981E+00
  0.00000E+00   1.01688E+02  -2.73314E+00
  0.00000E+00   1.01384E+02  -2.48473E+00
  0.00000E+00   1.00713E+02  -2.12413E+00
  0.00000E+00   1.00585E+02  -1.71202E+00
  0.00000E+00   1.00244E+02  -1.60793E+00
  0.00000E+00   1.00621E+02  -1.68494E+00
  0.00000E+00   1.02112E+02  -1.90852E+00
  0.00000E+00   1.03788E+02  -1.70983E+00
  0.00000E+00   1.05030E+02  -1.34207E+00
  0.00000E+00   1.06385E+02  -9.76597E-01
  0.00000E+00   1.07413E+02  -5.96136E-01
  0.00000E+00   1.07657E+02  -2.52639E-01
  0.00000E+00   1.07649E+02   8.32383E-02
  0.00000E+00   1.07255E+02   5.50755E-01
  0.00000E+00   1.05850E+02   9.15930E-01
  0.00000E+00   1.04093E+02   9.51098E-01
  0.00000E+00   1.02217E+02   1.05753E+00
  0.00000E+00   1.00957E+02   1.30703E+00
  0.00000E+00   1.00566E+02   1.35577E+00
  0.00000E+00   1.01162E+02   1.29607E+00
  0.00000E+00   1.02406E+02   1.34942E+00
  0.00000E+00   1.03492E+02   1.40322E+00
  0.00000E+00   1.03817E+02   1.45253E+00
  0.00000E+00   1.03899E+02   1.53244E+00
  0.00000E+00   1.03862E+02   1.53561E+00
  0.00000E+00   1.03983E+02   1.51058E+00
  0.00000E+00   1.04007E+02   1.40766E+00
  0.00000E+00   1.04110E+02   1.29017E+00
  0.00000E+00   1.04103E+02   1.03969E+00
  0.00000E+00   1.04033E+02   6.48541E-01
  0.00000E+00   1.03650E+02   2.96822E-01
  0.00000E+00   1.02925E+02  -2.19182E-01
  0.00000E+00   1.01932E+02  -5.98178E-01
  0.00000E+00   1.01246E+02  -9.41801E-01
  0.00000E+00   1.00534E+02  -1.05762E+00
  0.00000E+00   1.00244E+02  -1.20506E+00
  0.00000E+00   9.97770E+01  -1.24578E+00
  0.00000E+00   9.86299E+01  -1.36328E+00
  0.00000E+00   9.70758E+01  -1.40860E+00
  0.00000E+00   9.63679E+01  -1.59322E+00
  0.00000E+00   9.64899E+01  -1.62812E+00
  0.00000E+00   9.67334E+01  -1.58075E+00
  0.00000E+00   9.66320E+01  -1.40666E+00
  0.00000E+00   9.63966E+01  -1.38273E+00
  0.00000E+00   9.68050E+01  -1.30478E+00
  0.00000E+00   9.78055E+01  -1.04232E+00
  0.00000E+00   9.89814E+01  -8.68582E-01
  0.00000E+00   9.96960E+01  -7.62753E-01
  0.00000E+00   9.88067E+01  -5.65673E-01
  0.00000E+00   9.66083E+01  -3.23793E-01
  0.00000E+00   9.41687E+01  -4.98835E-02
  0.00000E+00   9.20498E+01   1.90878E-01
  0.00000E+00   9.05892E+01   3.82761E-01
  0.00000E+00   8.97056E+01   4.20295E-01
  0.00000E+00   8.84069E+01   2.21855E-01
  0.00000E+00   8.61757E+01  -1.08748E-01
  0.00000E+00   8.31161E+01  -4.22901E-01
  0.00000E+00   8.05013E+01  -6.13389E-01
  0.00000E+00   7.80308E+01  -5.75154E-01
  0.00000E+00   7.57054E+01  -5.01877E-01
  0.00000E+00   7.40585E+01  -4.52751E-01
  0.00000E+00   7.35426E+01  -3.91334E-01
  0.00000E+00   7.31431E+01  -5.06631E-01
  0.00000E+00   7.26361E+01  -5.20479E-01
  0.00000E+00   7.13984E+01  -6.08814E-01
  0.00000E+00   6.96468E+01  -7.20399E-01
  0.00000E+00   6.79869E+01  -8.11187E-01
  0.00000E+00   6.69249E+01  -9.87464E-01
  0.00000E+00   6.58136E+01  -9.85013E-01
  0.00000E+00   6.49520E+01  -9.14412E-01
  0.00000E+00   6.45244E+01  -1.08952E+00
  0.00000E+00   6.50517E+01  -1.14804E+00
  0.00000E+00   6.59014E+01  -1.24963E+00
  0.00000E+00   6.64089E+01  -1.37610E+00
  0.00000E+00   6.63767E+01  -1.41473E+00
  0.00000E+00   6.56866E+01  -1.38067E+00
  0.00000E+00   6.43590E+01  -1.45122E+00
  0.00000E+00   6.32142E+01  -1.56560E+00
  0.00000E+00   6.23847E+01  -1.70672E+00
  0.00000E+00   6.18911E+01  -1.71161E+00
  0.00000E+00   6.18043E+01  -1.85114E+00
  0.00000E+00   6.15868E+01  -1.98827E+00
  0.00000E+00   6.09453E+01  -1.96549E+00
  0.00000E+00   5.99073E+01  -2.06989E+00
  0.00000E+00   5.87834E+01  -2.08875E+00
  0.00000E+00   5.79270E+01  -2.07650E+00
  0.00000E+00   5.76892E+01  -2.06619E+00
  0.00000E+00   5.78574E+01  -2.07208E+00
  0.00000E+00   5.81394E+01  -2.01129E+00
  0.00000E+00   5.81804E+01  -1.91747E+00
  0.00000E+00   5.84858E+01  -1.83861E+00
  0.00000E+00   5.92988E+01  -1.80815E+00
  0.00000E+00   6.03098E+01  -1.87020E+00
  0.00000E+00   6.14867E+01  -1.92651E+00
  0.00000E+00   6.26022E+01  -1.98961E+00
  0.00000E+00   6.38094E+01  -2.09928E+00
  0.00000E+00   6.51457E+01  -2.18442E+00
  0.00000E+00   6.63788E+01  -2.26113E+00
  0.00000E+00   6.74375E+01  -2.34715E+00
  0.00000E+00   6.79625E+01  -2.45946E+00
  0.00000E+00   6.81619E+01  -2.54459E+00
  0.00000E+00   6.84282E+01  -2.56401E+00
  0.00000E+00   6.89632E+01  -2.38255E+00
  0.00000E+00   6.93419E+01  -2.00476E+00
  0.00000E+00   6.92857E+01  -1.59947E+00
  0.00000E+00   6.93261E+01  -1.29230E+00
  0.00000E+00   6.98059E+01  -1.01856E+00
  0.00000E+00   7.04610E+01  -8.73518E-01
  0.00000E+00   7.05793E+01  -8.10999E-01
  0.00000E+00   6.99831E+01  -7.61070E-01
  0.00000E+00   6.91329E+01  -7.10720E-01
  0.00000E+00   6.84191E+01  -4.92035E-01
  0.00000E+00   6.81499E+01  -3.96314E-01
  0.00000E+00   6.87284E+01  -3.47530E-01
  0.00000E+00   7.02133E+01  -2.71741E-01
  0.00000E+00   7.16591E+01  -1.29249E-01
  0.00000E+00   7.23274E+01  -8.10593E-03
  0.00000E+00   7.24674E+01   2.10193E-01
  0.00000E+00   7.23678E+01   3.99290E-01
  0.00000E+00   7.24578E+01   6.15600E-01
  0.00000E+00   7.33720E+01   7.27963E-01
  0.00000E+00   7.50136E+01   8.65858E-01
  0.00000E+00   7.70960E+01   1.13099E+00
  0.00000E+00   7.90955E+01   1.32437E+00
  0.00000E+00   8.03803E+01   1.45165E+00
  0.00000E+00   8.08270E+01   1.56916E+00
  0.00000E+00   8.10375E+01   1.68168E+00
  0.00000E+00   8.16578E+01   1.80661E+00
  0.00000E+00   8.29831E+01   1.82208E+00
  0.00000E+00   8.39215E+01   1.76623E+00
  0.00000E+00   8.38487E+01   1.85820E+00
  0.00000E+00   8.25004E+01   1.92039E+00
  0.00000E+00   8.05588E+01   1.89357E+00
  0.00000E+00   7.89409E+01   1.66484E+00
  0.00000E+00   7.78401E+01   1.61364E+00
  0.00000E+00   7.69387E+01   1.63213E+00
  0.00000E+00   7.67754E+01   1.46755E+00
  0.00000E+00   7.68061E+01   1.26326E+00
  0.00000E+00   7.67951E+01   1.10651E+00
  0.00000E+00   7.70251E+01   1.01784E+00
  0.00000E+00   7.68867E+01   1.01736E+00
  0.00000E+00   7.63793E+01   1.11393E+00
  0.00000E+00   7.54595E+01   1.37097E+00
  0.00000E+00   7.45804E+01   1.67064E+00
  0.00000E+00   7.36433E+01   1.62827E+00
  0.00000E+00   7.29983E+01   1.62396E+00
  0.00000E+00   7.25016E+01   1.51421E+00
  0.00000E+00   7.20221E+01   1.38993E+00
  0.00000E+00   7.11982E+01   1.06543E+00
  0.00000E+00   7.05952E+01   5.74523E-01
  0.00000E+00   7.04272E+01   1.48324E-01
  0.00000E+00   7.11580E+01  -1.33570E-01
  0.00000E+00   7.20093E+01  -5.18444E-01
  0.00000E+00   7.22993E+01  -9.49000E-01
  0.00000E+00   7.16135E+01  -1.12048E+00
  0.00000E+00   7.05991E+01  -1.21936E+00
  0.00000E+00   7.03870E+01  -1.04744E+00
  0.00000E+00   7.07757E+01  -7.65262E-01
  0.00000E+00   7.12275E+01  -5.46762E-01
  0.00000E+00   7.16591E+01  -2.66601E-01
  0.00000E+00   7.22637E+01  -1.43535E-01
  0.00000E+00   7.32913E+01  -1.47444E-02
  0.00000E+00   7.40778E+01   2.41567E-01
  0.00000E+00   7.45519E+01   2.52076E-01
  0.00000E+00   7.42561E+01   1.68007E-01
  0.00000E+00   7.38604E+01   9.79045E-02
  0.00000E+00   7.36527E+01  -8.38649E-02
  0.00000E+00   7.36645E+01  -2.82641E-01
  0.00000E+00   7.40624E+01  -3.70214E-01
  0.00000E+00   7.48392E+01  -4.04835E-01
  0.00000E+00   7.55998E+01  -3.60647E-01
  0.00000E+00   7.59555E+01  -4.03409E-01
  0.00000E+00   7.63912E+01  -4.43525E-01
  0.00000E+00   7.71666E+01  -4.77997E-01
  0.00000E+00   7.85704E+01  -4.34135E-01
  0.00000E+00   8.08371E+01  -2.28000E-01
  0.00000E+00   8.34539E+01  -7.67234E-02
  0.00000E+00   8.61358E+01   9.88873E-02
  0.00000E+00   8.85650E+01   2.05626E-01
  0.00000E+00   9.07076E+01   1.67630E-01
  0.00000E+00   9.24643E+01   1.50058E-01
  0.00000E+00   9.39215E+01   2.27429E-01
  0.00000E+00   9.47304E+01   2.39813E-01
  0.00000E+00   9.51190E+01   3.32076E-01
  0.00000E+00   9.52170E+01   5.55295E-01
  0.00000E+00   9.41707E+01   7.73852E-01
  0.00000E+00   9.23452E+01   6.64769E-01
  0.00000E+00   9.00457E+01   6.10815E-01
  0.00000E+00   8.79469E+01   7.84598E-01
  0.00000E+00   8.66829E+01   8.21859E-01
  0.00000E+00   8.59607E+01   1.13835E+00
  0.00000E+00   8.58357E+01   1.56212E+00
  0.00000E+00   8.61223E+01   1.79290E+00
  0.00000E+00   8.58789E+01   1.91206E+00
  0.00000E+00   8.61156E+01   1.84411E+00
  0.00000E+00   8.71686E+01   1.83285E+00
  0.00000E+00   8.85714E+01   1.78208E+00
  0.00000E+00   9.01042E+01   1.78502E+00
  0.00000E+00   9.14610E+01   1.71409E+00
  0.00000E+00   9.22751E+01   1.53721E+00
  0.00000E+00   9.16195E+01   1.26454E+00
  0.00000E+00   8.93053E+01   9.05477E-01
  0.00000E+00   8.60360E+01   5.94929E-01
  0.00000E+00   8.24950E+01   3.40439E-01
  0.00000E+00   8.01152E+01   3.12738E-01
  0.00000E+00   7.88506E+01   2.81043E-01
  0.00000E+00   7.88059E+01   2.94998E-01
  0.00000E+00   7.91906E+01   3.49856E-01
  0.00000E+00   7.97068E+01   4.84567E-01
  0.00000E+00   8.05704E+01   4.90759E-01
  0.00000E+00   8.18157E+01   3.07023E-01
  0.00000E+00   8.29863E+01   3.72360E-02
  0.00000E+00   8.34349E+01  -8.05501E-02
  0.00000E+00   8.35569E+01   1.27928E-01
  0.00000E+00   8.39804E+01   2.95926E-01
  0.00000E+00   8.44847E+01   3.77232E-01
  0.00000E+00   8.57714E+01   4.49130E-01
  0.00000E+00   8.75189E+01   5.85489E-01
  0.00000E+00   8.93602E+01   7.08951E-01
  0.00000E+00   9.11504E+01   7.84572E-01
  0.00000E+00   9.31438E+01   9.84945E-01
  0.00000E+00   9.51855E+01   1.19083E+00
  0.00000E+00   9.73467E+01   1.44216E+00
  0.00000E+00   9.96225E+01   1.69268E+00
  0.00000E+00   1.00220E+02   1.93569E+00
  0.00000E+00   9.81309E+01   2.15118E+00
  0.00000E+00   9.57764E+01   2.21451E+00
  0.00000E+00   9.40457E+01   2.03886E+00
  0.00000E+00   9.28986E+01   1.89261E+00
  0.00000E+00   9.30514E+01   1.66381E+00
  0.00000E+00   9.38660E+01   1.45890E+00
  0.00000E+00   9.41056E+01   1.37697E+00
  0.00000E+00   9.36316E+01   1.36586E+00
  0.00000E+00   9.30969E+01   1.26383E+00
  0.00000E+00   9.33660E+01   1.07286E+00
  0.00000E+00   9.44895E+01   1.08362E+00
  0.00000E+00   9.51033E+01   1.19719E+00
  0.00000E+00   9.53089E+01   1.26613E+00
  0.00000E+00   9.52168E+01   1.38940E+00
  0.00000E+00   9.47216E+01   1.59226E+00
  0.00000E+00   9.35650E+01   1.52478E+00
  0.00000E+00   9.18675E+01   1.43383E+00
  0.00000E+00   9.01376E+01   1.27919E+00
  0.00000E+00   8.90142E+01   1.00537E+00
  0.00000E+00   8.94131E+01   8.21847E-01
  0.00000E+00   9.09806E+01   6.90613E-01
  0.00000E+00   9.27103E+01   6.65200E-01
  0.00000E+00   9.36893E+01   7.52663E-01
  0.00000E+00   9.38035E+01   7.72325E-01
  0.00000E+00   9.37611E+01   7.25092E-01
  0.00000E+00   9.33760E+01   5.50616E-01
  0.00000E+00   9.30460E+01   2.90096E-01
  0.00000E+00   9.28516E+01   2.15995E-02
  0.00000E+00   9.35864E+01  -2.51233E-01
  0.00000E+00   9.53359E+01  -4.23891E-01
  0.00000E+00   9.70036E+01  -4.80478E-01
  0.00000E+00   9.79006E+01  -5.57030E-01
  0.00000E+00   9.83939E+01  -4.75696E-01
  0.00000E+00   9.90133E+01  -4.57762E-01
  0.00000E+00   9.92041E+01  -3.26077E-01
  0.00000E+00   9.92237E+01  -4.32864E-01
  0.00000E+00   9.88972E+01  -6.26458E-01
  0.00000E+00   9.81334E+01  -8.55299E-01
  0.00000E+00   9.73023E+01  -7.18730E-01
  0.00000E+00   9.69983E+01  -7.06329E-01
  0.00000E+00   9.68071E+01  -5.15284E-01
  0.00000E+00   9.62493E+01  -5.02781E-01
  0.00000E+00   9.50087E+01  -4.32137E-01
  0.00000E+00   9.33473E+01  -3.83331E-01
  0.00000E+00   9.23426E+01  -2.49747E-01
  0.00000E+00   9.30707E+01  -2.21997E-01
  0.00000E+00   9.39758E+01  -8.76885E-02
  0.00000E+00   9.36185E+01   8.53536E-02
  0.00000E+00   9.17924E+01   3.40792E-01
  0.00000E+00   8.91832E+01   4.53487E-01
  0.00000E+00   8.77215E+01   4.38757E-01
  0.00000E+00   8.74259E+01   4.11316E-01
  0.00000E+00   8.75353E+01   2.95084E-01
  0.00000E+00   8.81270E+01   1.25666E-01
  0.00000E+00   8.83325E+01   1.32020E-01
  0.00000E+00   8.80663E+01   8.91826E-02
  0.00000E+00   8.67715E+01  -1.68505E-01
  0.00000E+00   8.48049E+01  -2.02253E-01
  0.00000E+00   8.22777E+01   4.60958E-02
  0.00000E+00   7.97982E+01   2.42319E-01
  0.00000E+00   7.79190E+01   3.97306E-01
  0.00000E+00   7.61037E+01   4.52537E-01
  0.00000E+00   7.40056E+01   3.90742E-01
  0.00000E+00   7.19553E+01   2.53490E-01
  0.00000E+00   6.98244E+01   1.31791E-01
  0.00000E+00   6.82521E+01  -6.64778E-02
  0.00000E+00   6.73089E+01  -1.72004E-01
  0.00000E+00   6.67122E+01  -1.15739E-01
  0.00000E+00   6.68654E+01  -3.93081E-02
  0.00000E+00   6.68686E+01   7.27434E-02
  0.00000E+00   6.68666E+01   2.05303E-02
  0.00000E+00   6.72261E+01  -2.34708E-03
  0.00000E+00   6.75015E+01  -2.60887E-02
  0.00000E+00   6.75669E+01   8.54552E-04
  0.00000E+00   6.81716E+01  -7.40314E-02
  0.00000E+00   6.88165E+01  -8.19942E-02
  0.00000E+00   6.83149E+01  -1.67275E-01
  0.00000E+00   6.65747E+01  -2.27000E-01
  0.00000E+00   6.54271E+01  -3.27696E-01
  0.00000E+00   6.55699E+01  -1.78112E-01
  0.00000E+00   6.66248E+01  -1.13636E-01
  0.00000E+00   6.77517E+01   1.14959E-01
  0.00000E+00   6.83976E+01   3.11459E-01
  0.00000E+00   6.81458E+01   2.38366E-01
  0.00000E+00   6.70931E+01  -4.78448E-02
  0.00000E+00   6.57424E+01  -1.53473E-01
  0.00000E+00   6.48866E+01  -1.00535E-01
  0.00000E+00   6.50165E+01   6.06060E-02
  0.00000E+00   6.56684E+01   3.63425E-01
  0.00000E+00   6.64073E+01   6.63983E-01
  0.00000E+00   6.68034E+01   7.57147E-01
  0.00000E+00   6.62771E+01   7.33352E-01
  0.00000E+00   6.51466E+01   8.21392E-01
  0.00000E+00   6.39406E+01   8.57160E-01
  0.00000E+00   6.28579E+01   8.53072E-01
  0.00000E+00   6.18504E+01   7.93280E-01
  0.00000E+00   6.11249E+01   8.52941E-01
  0.00000E+00   6.11118E+01   9.66078E-01
  0.00000E+00   6.15455E+01   9.91048E-01
  0.00000E+00   6.19440E+01   8.95831E-01
  0.00000E+00   6.22564E+01   6.98580E-01
  0.00000E+00   6.20447E+01   5.84658E-01
  0.00000E+00   6.15056E+01   5.33296E-01
  0.00000E+00   6.12814E+01   6.35411E-01
  0.00000E+00   6.16923E+01   6.52946E-01
  0.00000E+00   6.26619E+01   6.43210E-01
  0.00000E+00   6.35674E+01   5.08913E-01
  0.00000E+00   6.44801E+01   4.98162E-01
  0.00000E+00   6.53502E+01   4.62069E-01
  0.00000E+00   6.62313E+01   2.05696E-01
  0.00000E+00   6.70158E+01  -5.75555E-02
  0.00000E+00   6.75895E+01  -2.46883E-01
  0.00000E+00   6.81617E+01  -4.25619E-01
  0.00000E+00   6.88333E+01  -6.09025E-01
  0.00000E+00   6.95840E+01  -7.71358E-01
  0.00000E+00   6.98618E+01  -8.27231E-01
  0.00000E+00   6.98863E+01  -9.13656E-01
  0.00000E+00   7.00623E+01  -1.02433E+00
  0.00000E+00   7.06443E+01  -1.05137E+00
  0.00000E+00   7.10416E+01  -1.10514E+00
  0.00000E+00   7.13821E+01  -1.13962E+00
  0.00000E+00   7.17244E+01  -1.08767E+00
  0.00000E+00   7.22631E+01  -1.06084E+00
  0.00000E+00   7.27436E+01  -9.22823E-01
  0.00000E+00   7.34136E+01  -7.61860E-01
  0.00000E+00   7.42152E+01  -6.82097E-01
  0.00000E+00   7.47532E+01  -6.33060E-01
  0.00000E+00   7.47896E+01  -4.64124E-01
  0.00000E+00   7.47929E+01  -3.05458E-01
  0.00000E+00   7.55182E+01  -2.45003E-01
  0.00000E+00   7.70618E+01  -2.53199E-01
  0.00000E+00   7.90835E+01  -2.35502E-01
  0.00000E+00   8.11017E+01  -2.14153E-01
  0.00000E+00   8.19753E+01  -3.91517E-01
  0.00000E+00   8.16626E+01  -6.87547E-01
  0.00000E+00   8.14757E+01  -8.55044E-01
  0.00000E+00   8.21280E+01  -9.19058E-01
  0.00000E+00   8.29911E+01  -8.25725E-01
  0.00000E+00   8.39874E+01  -9.04833E-01
  0.00000E+00   8.51350E+01  -9.27947E-01
  0.00000E+00   8.67066E+01  -9.27604E-01
  0.00000E+00   8.84095E+01  -9.16940E-01
  0.00000E+00   8.98931E+01  -8.00424E-01
  0.00000E+00   9.06753E+01  -6.90621E-01
  0.00000E+00   9.10739E+01  -6.03942E-01
  0.00000E+00   9.11879E+01  -5.98640E-01
  0.00000E+00   9.16361E+01  -6.31476E-01
  0.00000E+00   9.24471E+01  -6.34215E-01
  0.00000E+00   9.29672E+01  -3.67149E-01
  0.00000E+00   9.24955E+01  -3.00119E-01
  0.00000E+00   9.16636E+01  -2.77876E-01
  0.00000E+00   9.04608E+01  -6.24645E-01
  0.00000E+00   8.96230E+01  -8.02665E-01
  0.00000E+00   8.90957E+01  -9.74544E-01
  0.00000E+00   8.91096E+01  -1.03152E+00
  0.00000E+00   9.00168E+01  -9.51237E-01
  0.00000E+00   9.12701E+01  -7.85084E-01
  0.00000E+00   9.24758E+01  -5.76069E-01
  0.00000E+00   9.39036E+01  -5.96837E-01
  0.00000E+00   9.55806E+01  -7.25494E-01
  0.00000E+00   9.71462E+01  -1.03218E+00
  0.00000E+00   9.90709E+01  -1.28331E+00
  0.00000E+00   1.01696E+02  -1.38659E+00
  0.00000E+00   1.04771E+02  -1.34703E+00
  0.00000E+00   1.07791E+02  -1.22920E+00
  0.00000E+00   1.09966E+02  -9.41583E-01
  0.00000E+00   1.11145E+02  -7.07084E-01
  0.00000E+00   1.11680E+02  -4.97975E-01
  0.00000E+00   1.11849E+02  -2.12833E-01
  0.00000E+00   1.11571E+02  -3.38230E-02
  0.00000E+00   1.12008E+02   6.47451E-03
  0.00000E+00   1.13330E+02   1.97987E-01
  0.00000E+00   1.14271E+02   6.34305E-01
  0.00000E+00   1.14571E+02   1.14585E+00
  0.00000E+00   1.14634E+02   1.63811E+00
  0.00000E+00   1.14303E+02   1.68823E+00
  0.00000E+00   1.13284E+02   1.48587E+00
  0.00000E+00   1.11933E+02   1.10792E+00
  0.00000E+00   1.09242E+02   8.44621E-01
  0.00000E+00   1.04630E+02   7.96036E-01
  0.00000E+00   1.00306E+02   6.71693E-01
  0.00000E+00   9.83481E+01   2.80898E-01
  0.00000E+00   9.83261E+01   8.63562E-02
  0.00000E+00   1.00616E+02  -2.16510E-01
  0.00000E+00   1.03009E+02  -4.49296E-01
  0.00000E+00   1.05155E+02  -6.55800E-01
  0.00000E+00   1.06709E+02  -8.98084E-01
  0.00000E+00   1.07224E+02  -1.14530E+00
