  0.00000E+00   2.28696E-04  -4.93961E-06
  0.00000E+00   2.38003E-04  -1.57982E-05
  0.00000E+00   2.50892E-04  -2.54502E-05
  0.00000E+00   2.89503E-04  -2.95090E-05
  0.00000E+00   3.57046E-04  -3.11561E-05
  0.00000E+00   4.61414E-04  -3.34503E-05
  0.00000E+00   6.17009E-04  -3.82410E-05
  0.00000E+00   8.45598E-04  -4.66868E-05
  0.00000E+00   1.18000E-03  -6.01923E-05
  0.00000E+00   1.66854E-03  -8.11772E-05
  0.00000E+00   2.38355E-03  -1.13482E-04
  0.00000E+00   3.43251E-03  -1.62856E-04
  0.00000E+00   4.97508E-03  -2.37748E-04
  0.00000E+00   7.24899E-03  -3.50590E-04
  0.00000E+00   1.06073E-02  -5.19813E-04
  0.00000E+00   1.55743E-02  -7.72843E-04
  0.00000E+00   2.29253E-02  -1.15037E-03
  0.00000E+00   3.38018E-02  -1.71215E-03
  0.00000E+00   4.98709E-02  -2.54441E-03
  0.00000E+00   7.35418E-02  -3.76840E-03
  0.00000E+00   1.08247E-01  -5.54875E-03
  0.00000E+00   1.58790E-01  -8.09931E-03
  0.00000E+00   2.31752E-01  -1.16838E-02
  0.00000E+00   3.35929E-01  -1.66109E-02
  0.00000E+00   4.82785E-01  -2.32291E-02
  0.00000E+00   6.86851E-01  -3.19336E-02
  0.00000E+00   9.66025E-01  -4.31989E-02
  0.00000E+00   1.34162E+00  -5.76402E-02
  0.00000E+00   1.83803E+00  -7.60941E-02
  0.00000E+00   2.48182E+00  -9.97042E-02
  0.00000E+00   3.30020E+00  -1.30000E-01
  0.00000E+00   4.31905E+00  -1.68953E-01
  0.00000E+00   5.56065E+00  -2.18983E-01
  0.00000E+00   7.04148E+00  -2.82776E-01
  0.00000E+00   8.77041E+00  -3.62888E-01
  0.00000E+00   1.07467E+01  -4.60499E-01
  0.00000E+00   1.29594E+01  -5.73820E-01
  0.00000E+00   1.53853E+01  -7.01469E-01
  0.00000E+00   1.79747E+01  -8.40610E-01
  0.00000E+00   2.06681E+01  -9.65305E-01
  0.00000E+00   2.34095E+01  -1.03169E+00
  0.00000E+00   2.62082E+01  -1.01604E+00
  0.00000E+00   2.92182E+01  -9.76528E-01
  0.00000E+00   3.22436E+01  -9.77578E-01
  0.00000E+00   3.46562E+01  -9.86320E-01
  0.00000E+00   3.62269E+01  -8.81115E-01
  0.00000E+00   3.69045E+01  -7.34442E-01
  0.00000E+00   3.54186E+01  -6.22985E-01
  0.00000E+00   3.19294E+01  -6.47627E-01
  0.00000E+00   2.98649E+01  -4.22127E-01
  0.00000E+00   2.83874E+01  -4.54680E-01
  0.00000E+00   2.72554E+01  -4.24876E-01
  0.00000E+00   2.71739E+01  -4.72662E-01
  0.00000E+00   2.75822E+01  -3.83975E-01
  0.00000E+00   2.80702E+01  -3.59524E-01
  0.00000E+00   2.87447E+01  -2.36514E-01
  0.00000E+00   2.97847E+01  -9.70575E-02
  0.00000E+00   3.07706E+01   1.02681E-01
  0.00000E+00   3.18483E+01   2.06437E-01
  0.00000E+00   3.30987E+01   1.46658E-01
  0.00000E+00   3.43672E+01   8.96116E-02
  0.00000E+00   3.54745E+01  -1.09411E-02
  0.00000E+00   3.64360E+01  -2.31361E-01
  0.00000E+00   3.78036E+01  -3.81314E-01
  0.00000E+00   3.94900E+01  -4.98943E-01
  0.00000E+00   4.11179E+01  -4.98243E-01
  0.00000E+00   4.28839E+01  -4.96200E-01
  0.00000E+00   4.51586E+01  -5.52957E-01
  0.00000E+00   4.78209E+01  -6.01642E-01
  0.00000E+00   5.05127E+01  -6.57962E-01
  0.00000E+00   5.35934E+01  -7.33008E-01
  0.00000E+00   5.72631E+01  -7.93788E-01
  0.00000E+00   6.17615E+01  -9.28137E-01
  0.00000E+00   6.50918E+01  -9.17262E-01
  0.00000E+00   6.72531E+01  -8.85710E-01
  0.00000E+00   6.96303E+01  -7.11019E-01
  0.00000E+00   7.28366E+01  -5.30836E-01
  0.00000E+00   7.62406E+01  -2.44084E-01
  0.00000E+00   7.92351E+01  -5.80095E-02
  0.00000E+00   8.01596E+01  -5.61451E-02
  0.00000E+00   7.91102E+01   1.24311E-02
  0.00000E+00   7.74069E+01   3.87178E-02
  0.00000E+00   7.55253E+01  -1.82886E-02
  0.00000E+00   7.36322E+01   1.91369E-01
  0.00000E+00   7.12439E+01   7.88422E-02
  0.00000E+00   6.69582E+01   1.23716E-01
  0.00000E+00   6.39938E+01   3.74752E-01
  0.00000E+00   6.27523E+01   4.37482E-01
  0.00000E+00   6.36251E+01   5.19616E-01
  0.00000E+00   6.58039E+01   6.36731E-01
  0.00000E+00   6.85662E+01   6.82009E-01
  0.00000E+00   7.11318E+01   5.90278E-01
  0.00000E+00   7.33755E+01   2.87375E-01
  0.00000E+00   7.43724E+01   2.08590E-01
  0.00000E+00   7.46816E+01   4.85954E-02
  0.00000E+00   7.40734E+01  -1.29182E-01
  0.00000E+00   7.37807E+01  -1.00420E-01
  0.00000E+00   7.45968E+01  -7.71705E-03
  0.00000E+00   7.59724E+01   4.95268E-02
  0.00000E+00   7.78621E+01  -6.33725E-02
  0.00000E+00   8.01208E+01  -1.14173E-01
  0.00000E+00   8.20041E+01  -3.78777E-01
  0.00000E+00   8.38822E+01  -7.14641E-01
  0.00000E+00   8.59651E+01  -1.18979E+00
  0.00000E+00   8.78285E+01  -1.73242E+00
  0.00000E+00   8.91458E+01  -1.82823E+00
  0.00000E+00   8.95767E+01  -1.85367E+00
  0.00000E+00   8.97166E+01  -1.73097E+00
  0.00000E+00   9.05579E+01  -1.73428E+00
  0.00000E+00   9.10892E+01  -1.66648E+00
  0.00000E+00   9.01702E+01  -1.74430E+00
  0.00000E+00   8.81771E+01  -1.75486E+00
  0.00000E+00   8.65968E+01  -1.61028E+00
  0.00000E+00   8.69248E+01  -1.70617E+00
  0.00000E+00   8.86419E+01  -1.69155E+00
  0.00000E+00   8.99217E+01  -1.62835E+00
  0.00000E+00   9.03373E+01  -1.69477E+00
  0.00000E+00   9.00188E+01  -1.85519E+00
  0.00000E+00   8.99811E+01  -1.80138E+00
  0.00000E+00   9.09693E+01  -1.94915E+00
  0.00000E+00   9.32087E+01  -2.09339E+00
  0.00000E+00   9.65315E+01  -2.42550E+00
  0.00000E+00   1.00205E+02  -2.49918E+00
  0.00000E+00   1.02302E+02  -2.70718E+00
  0.00000E+00   1.01814E+02  -2.86186E+00
  0.00000E+00   9.94649E+01  -2.84534E+00
  0.00000E+00   9.67448E+01  -2.80765E+00
  0.00000E+00   9.40045E+01  -2.82965E+00
  0.00000E+00   9.30931E+01  -2.88638E+00
  0.00000E+00   9.26591E+01  -3.19844E+00
  0.00000E+00   9.17870E+01  -3.34925E+00
  0.00000E+00   9.00025E+01  -3.30120E+00
  0.00000E+00   8.76183E+01  -3.13369E+00
  0.00000E+00   8.48121E+01  -2.96421E+00
  0.00000E+00   8.25570E+01  -2.80738E+00
  0.00000E+00   7.91789E+01  -2.68273E+00
  0.00000E+00   7.77985E+01  -2.61977E+00
  0.00000E+00   7.85333E+01  -2.48586E+00
  0.00000E+00   7.86419E+01  -2.56380E+00
  0.00000E+00   7.87761E+01  -2.63107E+00
  0.00000E+00   7.96065E+01  -2.62464E+00
  0.00000E+00   8.12052E+01  -2.82700E+00
  0.00000E+00   8.32204E+01  -2.86639E+00
  0.00000E+00   8.47532E+01  -2.84359E+00
  0.00000E+00   8.42384E+01  -2.86743E+00
  0.00000E+00   8.26375E+01  -2.75648E+00
  0.00000E+00   8.18014E+01  -2.52102E+00
  0.00000E+00   8.14987E+01  -2.52978E+00
  0.00000E+00   8.03859E+01  -2.40092E+00
  0.00000E+00   7.77920E+01  -2.36113E+00
  0.00000E+00   7.50980E+01  -2.13406E+00
  0.00000E+00   7.45314E+01  -1.89135E+00
  0.00000E+00   7.54941E+01  -1.80129E+00
  0.00000E+00   7.63627E+01  -1.68889E+00
  0.00000E+00   7.64886E+01  -1.45883E+00
  0.00000E+00   7.56315E+01  -1.13811E+00
  0.00000E+00   7.61352E+01  -1.11055E+00
  0.00000E+00   7.71846E+01  -1.26370E+00
  0.00000E+00   7.83618E+01  -1.20127E+00
  0.00000E+00   7.89038E+01  -1.13676E+00
  0.00000E+00   7.91232E+01  -1.22877E+00
  0.00000E+00   8.00088E+01  -1.24137E+00
  0.00000E+00   8.19260E+01  -1.14929E+00
  0.00000E+00   8.47641E+01  -9.76021E-01
  0.00000E+00   8.80707E+01  -6.89683E-01
  0.00000E+00   9.12617E+01  -3.29180E-01
  0.00000E+00   9.29595E+01  -2.17590E-01
  0.00000E+00   9.10936E+01  -8.14301E-02
  0.00000E+00   8.81847E+01   6.23920E-02
  0.00000E+00   8.62058E+01   2.32623E-01
  0.00000E+00   8.61084E+01   5.54987E-01
  0.00000E+00   8.63382E+01   7.55632E-01
  0.00000E+00   8.67327E+01   7.51725E-01
  0.00000E+00   8.67999E+01   6.24551E-01
  0.00000E+00   8.82805E+01   6.16048E-01
  0.00000E+00   9.09664E+01   3.66893E-01
  0.00000E+00   9.22034E+01   1.82525E-01
  0.00000E+00   9.16759E+01  -1.26959E-01
  0.00000E+00   9.10546E+01  -4.28797E-01
  0.00000E+00   9.12356E+01  -6.40072E-01
  0.00000E+00   9.31716E+01  -8.29938E-01
  0.00000E+00   9.59717E+01  -1.09242E+00
  0.00000E+00   9.83268E+01  -1.11196E+00
  0.00000E+00   9.96917E+01  -1.38037E+00
  0.00000E+00   1.01926E+02  -1.54711E+00
  0.00000E+00   1.04710E+02  -1.62211E+00
  0.00000E+00   1.06330E+02  -1.60533E+00
  0.00000E+00   1.07656E+02  -1.62659E+00
  0.00000E+00   1.07530E+02  -1.59040E+00
  0.00000E+00   1.06457E+02  -1.46723E+00
  0.00000E+00   1.06811E+02  -1.25748E+00
  0.00000E+00   1.07706E+02  -9.96242E-01
  0.00000E+00   1.06136E+02  -6.66487E-01
  0.00000E+00   1.02872E+02  -4.81935E-01
  0.00000E+00   9.87613E+01  -4.14577E-01
  0.00000E+00   9.53076E+01  -2.02977E-01
  0.00000E+00   9.25726E+01  -3.93224E-02
  0.00000E+00   9.05522E+01   3.29786E-01
  0.00000E+00   8.93141E+01   2.31648E-01
  0.00000E+00   8.93584E+01   1.08810E-01
  0.00000E+00   8.88701E+01   2.09227E-01
  0.00000E+00   8.80756E+01   3.16906E-01
  0.00000E+00   8.61522E+01   2.79843E-01
  0.00000E+00   8.48072E+01   2.88960E-01
  0.00000E+00   8.40854E+01   7.06606E-02
  0.00000E+00   8.29237E+01   9.64308E-02
  0.00000E+00   8.13704E+01   6.98816E-02
  0.00000E+00   8.11868E+01  -7.48849E-02
  0.00000E+00   8.20768E+01  -1.08416E-01
  0.00000E+00   8.29415E+01  -1.61268E-01
  0.00000E+00   8.30416E+01  -8.47707E-02
  0.00000E+00   8.36662E+01  -5.69809E-02
  0.00000E+00   8.51837E+01   1.25715E-01
  0.00000E+00   8.75962E+01   2.64163E-01
  0.00000E+00   9.09278E+01   2.81268E-01
  0.00000E+00   9.34408E+01   5.13530E-02
  0.00000E+00   9.47338E+01   4.40418E-02
  0.00000E+00   9.53666E+01   2.97906E-02
  0.00000E+00   9.51251E+01   8.92456E-02
  0.00000E+00   9.47715E+01   8.00767E-03
  0.00000E+00   9.52708E+01   1.84295E-02
  0.00000E+00   9.65383E+01   2.62771E-01
  0.00000E+00   9.87715E+01   6.52058E-01
  0.00000E+00   1.01531E+02   9.53028E-01
  0.00000E+00   1.04087E+02   7.70206E-01
  0.00000E+00   1.05795E+02   7.67288E-01
  0.00000E+00   1.05605E+02   7.26813E-01
  0.00000E+00   1.04631E+02   4.51986E-01
  0.00000E+00   1.04209E+02   1.01779E-01
  0.00000E+00   1.04154E+02  -2.79005E-01
  0.00000E+00   1.04786E+02  -5.68837E-01
  0.00000E+00   1.06073E+02  -7.39165E-01
  0.00000E+00   1.06822E+02  -4.41066E-01
  0.00000E+00   1.07130E+02  -2.14084E-01
  0.00000E+00   1.07469E+02  -1.11290E-01
  0.00000E+00   1.08189E+02  -1.87529E-01
  0.00000E+00   1.09763E+02  -3.18929E-01
  0.00000E+00   1.12048E+02  -5.53050E-01
  0.00000E+00   1.12234E+02  -6.95309E-01
  0.00000E+00   1.10884E+02  -6.46247E-01
  0.00000E+00   1.08591E+02  -5.42021E-01
  0.00000E+00   1.06524E+02  -5.53323E-01
  0.00000E+00   1.06025E+02  -7.38993E-01
  0.00000E+00   1.06684E+02  -7.83998E-01
  0.00000E+00   1.05214E+02  -7.22499E-01
  0.00000E+00   1.02150E+02  -5.71658E-01
  0.00000E+00   9.99970E+01  -5.48927E-01
  0.00000E+00   1.00811E+02  -7.22154E-01
  0.00000E+00   1.02487E+02  -9.76172E-01
  0.00000E+00   1.02839E+02  -1.09098E+00
  0.00000E+00   1.01939E+02  -1.16923E+00
  0.00000E+00   1.01691E+02  -1.00602E+00
  0.00000E+00   1.02233E+02  -9.48740E-01
  0.00000E+00   1.03107E+02  -7.93247E-01
  0.00000E+00   1.03801E+02  -5.22634E-01
  0.00000E+00   1.04408E+02  -9.40437E-02
  0.00000E+00   1.05419E+02   1.98732E-01
  0.00000E+00   1.06883E+02   4.09920E-01
  0.00000E+00   1.09455E+02   6.24974E-01
  0.00000E+00   1.13182E+02   7.72364E-01
  0.00000E+00   1.16221E+02   8.92966E-01
  0.00000E+00   1.18333E+02   1.02162E+00
  0.00000E+00   1.20127E+02   1.16970E+00
  0.00000E+00   1.19790E+02   1.07938E+00
  0.00000E+00   1.16871E+02   9.50570E-01
  0.00000E+00   1.13623E+02   8.27284E-01
  0.00000E+00   1.11851E+02   5.15026E-01
  0.00000E+00   1.11717E+02   2.15629E-01
  0.00000E+00   1.12857E+02  -5.14407E-02
  0.00000E+00   1.13270E+02  -2.49323E-01
  0.00000E+00   1.12015E+02  -4.21309E-01
  0.00000E+00   1.08932E+02  -6.03384E-01
  0.00000E+00   1.06113E+02  -6.07234E-01
  0.00000E+00   1.04920E+02  -6.38553E-01
  0.00000E+00   1.04850E+02  -6.74008E-01
  0.00000E+00   1.04503E+02  -8.53411E-01
  0.00000E+00   1.04533E+02  -9.27822E-01
  0.00000E+00   1.03714E+02  -8.87672E-01
  0.00000E+00   1.01796E+02  -8.84536E-01
  0.00000E+00   9.97633E+01  -9.85032E-01
  0.00000E+00   9.87185E+01  -1.07123E+00
  0.00000E+00   9.93437E+01  -9.48611E-01
  0.00000E+00   1.00452E+02  -8.74950E-01
  0.00000E+00   1.00547E+02  -6.69626E-01
  0.00000E+00   1.01419E+02  -3.59081E-01
  0.00000E+00   1.02105E+02  -1.40119E-01
  0.00000E+00   1.03212E+02  -6.70869E-02
  0.00000E+00   1.05289E+02  -3.01989E-01
  0.00000E+00   1.07481E+02  -6.62768E-01
  0.00000E+00   1.08846E+02  -9.23165E-01
  0.00000E+00   1.09840E+02  -8.68904E-01
  0.00000E+00   1.10909E+02  -8.14286E-01
  0.00000E+00   1.11755E+02  -9.10499E-01
  0.00000E+00   1.13324E+02  -1.02624E+00
  0.00000E+00   1.15299E+02  -1.12911E+00
  0.00000E+00   1.18314E+02  -1.36722E+00
  0.00000E+00   1.21432E+02  -1.54178E+00
  0.00000E+00   1.23502E+02  -1.84310E+00
  0.00000E+00   1.24596E+02  -2.15173E+00
  0.00000E+00   1.24757E+02  -2.29167E+00
  0.00000E+00   1.25408E+02  -2.32647E+00
  0.00000E+00   1.27190E+02  -2.27032E+00
  0.00000E+00   1.29262E+02  -2.33839E+00
  0.00000E+00   1.29981E+02  -2.31463E+00
  0.00000E+00   1.30552E+02  -2.32434E+00
  0.00000E+00   1.30734E+02  -2.13765E+00
  0.00000E+00   1.30876E+02  -2.00349E+00
  0.00000E+00   1.30452E+02  -2.05519E+00
  0.00000E+00   1.30586E+02  -1.90223E+00
  0.00000E+00   1.31706E+02  -1.56336E+00
  0.00000E+00   1.34387E+02  -1.34929E+00
  0.00000E+00   1.37499E+02  -8.22118E-01
  0.00000E+00   1.38673E+02  -5.20742E-01
  0.00000E+00   1.37877E+02  -2.70631E-01
  0.00000E+00   1.36237E+02   2.48775E-02
  0.00000E+00   1.35783E+02   5.16411E-01
  0.00000E+00   1.36115E+02   5.74168E-01
  0.00000E+00   1.35408E+02   5.67625E-01
  0.00000E+00   1.34473E+02   4.91760E-01
  0.00000E+00   1.32730E+02   4.85637E-01
  0.00000E+00   1.30479E+02   3.44464E-01
  0.00000E+00   1.29444E+02   1.34038E-01
  0.00000E+00   1.29848E+02   1.06284E-01
  0.00000E+00   1.30819E+02  -1.50619E-01
  0.00000E+00   1.32507E+02  -1.82183E-01
  0.00000E+00   1.35742E+02  -3.14598E-01
  0.00000E+00   1.38551E+02  -5.54982E-01
  0.00000E+00   1.39563E+02  -7.91003E-01
  0.00000E+00   1.40164E+02  -1.03322E+00
  0.00000E+00   1.41734E+02  -1.07477E+00
  0.00000E+00   1.44583E+02  -1.10252E+00
  0.00000E+00   1.48082E+02  -1.34288E+00
  0.00000E+00   1.51201E+02  -1.50836E+00
  0.00000E+00   1.53520E+02  -1.76265E+00
  0.00000E+00   1.55048E+02  -2.04172E+00
  0.00000E+00   1.56060E+02  -2.06608E+00
  0.00000E+00   1.57460E+02  -2.00268E+00
  0.00000E+00   1.59446E+02  -1.63646E+00
  0.00000E+00   1.61493E+02  -1.35915E+00
  0.00000E+00   1.63810E+02  -9.36319E-01
  0.00000E+00   1.66005E+02  -6.03489E-01
  0.00000E+00   1.67460E+02  -3.76859E-01
  0.00000E+00   1.69614E+02  -4.06363E-02
  0.00000E+00   1.72167E+02   1.88033E-01
  0.00000E+00   1.73129E+02   4.90909E-01
  0.00000E+00   1.73452E+02   7.62897E-01
  0.00000E+00   1.74463E+02   7.88213E-01
  0.00000E+00   1.74211E+02   1.02488E+00
  0.00000E+00   1.72686E+02   1.03497E+00
  0.00000E+00   1.72262E+02   7.45764E-01
  0.00000E+00   1.72690E+02   3.54507E-01
  0.00000E+00   1.72882E+02   5.02503E-02
  0.00000E+00   1.71586E+02   1.32874E-01
  0.00000E+00   1.68074E+02   1.02213E-01
  0.00000E+00   1.63675E+02  -2.19292E-01
  0.00000E+00   1.60827E+02  -5.04996E-01
  0.00000E+00   1.59123E+02  -5.56154E-01
  0.00000E+00   1.58631E+02  -7.16750E-01
  0.00000E+00   1.58906E+02  -6.86918E-01
  0.00000E+00   1.59860E+02  -5.01515E-01
  0.00000E+00   1.60872E+02  -3.81665E-01
  0.00000E+00   1.62148E+02   7.36063E-04
  0.00000E+00   1.62288E+02   4.22146E-01
  0.00000E+00   1.61437E+02   4.44167E-01
  0.00000E+00   1.60422E+02   1.01544E-01
  0.00000E+00   1.59804E+02  -2.71734E-01
  0.00000E+00   1.59723E+02  -1.89537E-01
  0.00000E+00   1.60436E+02  -4.32145E-01
  0.00000E+00   1.61054E+02  -4.17975E-01
  0.00000E+00   1.63040E+02  -2.62507E-01
  0.00000E+00   1.64179E+02   7.56350E-02
  0.00000E+00   1.65558E+02   9.98427E-02
  0.00000E+00   1.65256E+02  -8.01716E-02
  0.00000E+00   1.66708E+02  -5.50788E-02
  0.00000E+00   1.67997E+02  -1.78864E-01
  0.00000E+00   1.68058E+02  -4.26678E-01
  0.00000E+00   1.66860E+02  -3.42405E-01
  0.00000E+00   1.64106E+02  -3.02697E-01
  0.00000E+00   1.63301E+02  -1.30291E-01
  0.00000E+00   1.64959E+02  -2.30730E-01
  0.00000E+00   1.68364E+02  -2.60394E-01
  0.00000E+00   1.70131E+02  -4.84052E-01
  0.00000E+00   1.70865E+02  -4.41337E-01
  0.00000E+00   1.70498E+02  -4.14591E-01
  0.00000E+00   1.71006E+02  -1.66290E-01
  0.00000E+00   1.71905E+02   2.74093E-01
  0.00000E+00   1.74051E+02   6.90452E-01
  0.00000E+00   1.75693E+02   8.69394E-01
  0.00000E+00   1.76733E+02   5.82345E-01
  0.00000E+00   1.77114E+02   4.62874E-01
  0.00000E+00   1.76852E+02   2.20279E-01
  0.00000E+00   1.75394E+02   5.85260E-02
  0.00000E+00   1.73759E+02  -7.50235E-02
  0.00000E+00   1.71522E+02  -3.13511E-01
  0.00000E+00   1.70093E+02  -7.55469E-01
  0.00000E+00   1.70184E+02  -1.11551E+00
  0.00000E+00   1.70305E+02  -1.53564E+00
  0.00000E+00   1.70323E+02  -1.79609E+00
  0.00000E+00   1.68480E+02  -1.97580E+00
  0.00000E+00   1.65903E+02  -2.53002E+00
  0.00000E+00   1.64416E+02  -2.95577E+00
  0.00000E+00   1.63920E+02  -3.31671E+00
  0.00000E+00   1.63228E+02  -3.35364E+00
  0.00000E+00   1.62994E+02  -3.34886E+00
  0.00000E+00   1.62409E+02  -3.42084E+00
  0.00000E+00   1.62670E+02  -3.64984E+00
  0.00000E+00   1.60274E+02  -3.85171E+00
  0.00000E+00   1.56096E+02  -4.07830E+00
  0.00000E+00   1.51655E+02  -4.51490E+00
  0.00000E+00   1.49404E+02  -4.90484E+00
  0.00000E+00   1.47914E+02  -5.23412E+00
  0.00000E+00   1.47093E+02  -5.47915E+00
  0.00000E+00   1.46841E+02  -5.79113E+00
  0.00000E+00   1.46015E+02  -5.72133E+00
  0.00000E+00   1.46043E+02  -5.91062E+00
  0.00000E+00   1.45966E+02  -6.29378E+00
  0.00000E+00   1.46187E+02  -6.56871E+00
  0.00000E+00   1.46433E+02  -6.75645E+00
  0.00000E+00   1.45699E+02  -6.66745E+00
  0.00000E+00   1.45003E+02  -6.70106E+00
  0.00000E+00   1.45281E+02  -6.77870E+00
  0.00000E+00   1.46763E+02  -6.81599E+00
  0.00000E+00   1.48438E+02  -6.71489E+00
  0.00000E+00   1.49768E+02  -6.62625E+00
  0.00000E+00   1.50573E+02  -6.49725E+00
  0.00000E+00   1.51184E+02  -6.45782E+00
  0.00000E+00   1.52419E+02  -6.44634E+00
  0.00000E+00   1.53798E+02  -6.51026E+00
  0.00000E+00   1.54790E+02  -6.54277E+00
  0.00000E+00   1.53596E+02  -6.44783E+00
  0.00000E+00   1.51043E+02  -6.37786E+00
  0.00000E+00   1.48942E+02  -6.45555E+00
  0.00000E+00   1.47596E+02  -6.41789E+00
  0.00000E+00   1.47479E+02  -6.36280E+00
  0.00000E+00   1.48263E+02  -6.28206E+00
  0.00000E+00   1.48915E+02  -6.34202E+00
  0.00000E+00   1.48329E+02  -6.29206E+00
  0.00000E+00   1.46366E+02  -6.02587E+00
  0.00000E+00   1.43911E+02  -5.95186E+00
  0.00000E+00   1.42412E+02  -6.25732E+00
  0.00000E+00   1.42781E+02  -6.32586E+00
  0.00000E+00   1.44067E+02  -6.04470E+00
  0.00000E+00   1.45070E+02  -5.80939E+00
  0.00000E+00   1.45330E+02  -5.83506E+00
  0.00000E+00   1.44995E+02  -5.95110E+00
  0.00000E+00   1.44797E+02  -6.08564E+00
  0.00000E+00   1.44760E+02  -6.20163E+00
  0.00000E+00   1.45916E+02  -6.46882E+00
  0.00000E+00   1.47224E+02  -6.37786E+00
  0.00000E+00   1.47555E+02  -6.59000E+00
  0.00000E+00   1.47090E+02  -6.70467E+00
  0.00000E+00   1.45936E+02  -7.10090E+00
  0.00000E+00   1.46135E+02  -7.28147E+00
  0.00000E+00   1.46843E+02  -7.43628E+00
  0.00000E+00   1.48261E+02  -7.46654E+00
  0.00000E+00   1.49025E+02  -7.43540E+00
  0.00000E+00   1.48871E+02  -7.41196E+00
  0.00000E+00   1.48026E+02  -7.32052E+00
  0.00000E+00   1.48511E+02  -7.26252E+00
  0.00000E+00   1.50617E+02  -7.53437E+00
  0.00000E+00   1.53605E+02  -7.83992E+00
  0.00000E+00   1.56276E+02  -7.96368E+00
  0.00000E+00   1.56896E+02  -8.14841E+00
  0.00000E+00   1.55301E+02  -8.08023E+00
  0.00000E+00   1.52232E+02  -7.78395E+00
  0.00000E+00   1.49435E+02  -7.70895E+00
  0.00000E+00   1.48168E+02  -7.97682E+00
  0.00000E+00   1.47743E+02  -7.98175E+00
  0.00000E+00   1.48513E+02  -7.99856E+00
  0.00000E+00   1.48346E+02  -7.67881E+00
  0.00000E+00   1.47195E+02  -7.62674E+00
  0.00000E+00   1.46301E+02  -7.57374E+00
  0.00000E+00   1.45979E+02  -7.49371E+00
  0.00000E+00   1.45768E+02  -7.69818E+00
  0.00000E+00   1.46190E+02  -7.64858E+00
  0.00000E+00   1.45783E+02  -7.64862E+00
  0.00000E+00   1.43645E+02  -7.56995E+00
  0.00000E+00   1.40679E+02  -7.57356E+00
  0.00000E+00   1.37656E+02  -7.72121E+00
  0.00000E+00   1.34168E+02  -7.78304E+00
  0.00000E+00   1.32557E+02  -7.98567E+00
  0.00000E+00   1.31677E+02  -7.81964E+00
  0.00000E+00   1.31200E+02  -7.79958E+00
  0.00000E+00   1.30775E+02  -7.44395E+00
  0.00000E+00   1.31082E+02  -7.57812E+00
  0.00000E+00   1.32241E+02  -7.78321E+00
  0.00000E+00   1.33330E+02  -8.23750E+00
  0.00000E+00   1.34474E+02  -8.29352E+00
  0.00000E+00   1.35901E+02  -8.23104E+00
  0.00000E+00   1.36950E+02  -8.17169E+00
  0.00000E+00   1.37823E+02  -7.93735E+00
  0.00000E+00   1.38605E+02  -7.97807E+00
  0.00000E+00   1.38970E+02  -8.18986E+00
  0.00000E+00   1.38706E+02  -8.37557E+00
  0.00000E+00   1.36442E+02  -8.63477E+00
  0.00000E+00   1.33362E+02  -8.69024E+00
  0.00000E+00   1.30590E+02  -8.41029E+00
  0.00000E+00   1.29803E+02  -8.35872E+00
  0.00000E+00   1.30178E+02  -8.40435E+00
  0.00000E+00   1.30661E+02  -8.22684E+00
  0.00000E+00   1.31358E+02  -8.15733E+00
  0.00000E+00   1.31768E+02  -8.14913E+00
  0.00000E+00   1.31598E+02  -8.11388E+00
  0.00000E+00   1.29910E+02  -7.86035E+00
  0.00000E+00   1.29209E+02  -7.48058E+00
  0.00000E+00   1.29682E+02  -7.05418E+00
  0.00000E+00   1.28936E+02  -6.56910E+00
  0.00000E+00   1.27749E+02  -6.16293E+00
  0.00000E+00   1.26320E+02  -5.62366E+00
  0.00000E+00   1.25465E+02  -4.87377E+00
  0.00000E+00   1.24502E+02  -4.24820E+00
  0.00000E+00   1.24045E+02  -3.55732E+00
  0.00000E+00   1.24163E+02  -3.22270E+00
  0.00000E+00   1.23246E+02  -2.68299E+00
  0.00000E+00   1.20977E+02  -2.35761E+00
  0.00000E+00   1.18500E+02  -2.19581E+00
  0.00000E+00   1.16880E+02  -1.68854E+00
  0.00000E+00   1.14601E+02  -1.41868E+00
  0.00000E+00   1.14202E+02  -1.57228E+00
  0.00000E+00   1.14225E+02  -1.35397E+00
  0.00000E+00   1.15893E+02  -1.37361E+00
  0.00000E+00   1.18373E+02  -1.38739E+00
  0.00000E+00   1.18787E+02  -1.24311E+00
  0.00000E+00   1.17341E+02  -1.03162E+00
  0.00000E+00   1.15405E+02  -7.33753E-01
  0.00000E+00   1.14071E+02  -5.55981E-01
  0.00000E+00   1.12544E+02  -3.74639E-01
  0.00000E+00   1.11884E+02  -4.97630E-01
  0.00000E+00   1.11495E+02  -4.44105E-01
  0.00000E+00   1.12151E+02  -3.13983E-01
  0.00000E+00   1.13290E+02  -4.30524E-01
  0.00000E+00   1.14722E+02  -3.29104E-01
  0.00000E+00   1.16006E+02  -3.83333E-01
  0.00000E+00   1.16555E+02  -2.69335E-01
  0.00000E+00   1.17740E+02  -1.38069E-01
  0.00000E+00   1.19652E+02  -2.74916E-01
  0.00000E+00   1.21085E+02  -3.02474E-01
  0.00000E+00   1.21369E+02  -4.28777E-01
  0.00000E+00   1.20384E+02  -5.09771E-01
  0.00000E+00   1.19228E+02  -6.97166E-01
  0.00000E+00   1.17841E+02  -8.36515E-01
  0.00000E+00   1.16762E+02  -1.00096E+00
  0.00000E+00   1.15633E+02  -9.93371E-01
  0.00000E+00   1.14981E+02  -1.06368E+00
  0.00000E+00   1.14243E+02  -1.04547E+00
  0.00000E+00   1.13781E+02  -1.05205E+00
  0.00000E+00   1.13904E+02  -1.31988E+00
  0.00000E+00   1.14210E+02  -1.38130E+00
  0.00000E+00   1.13731E+02  -1.54032E+00
  0.00000E+00   1.11539E+02  -1.50936E+00
  0.00000E+00   1.10163E+02  -1.44056E+00
  0.00000E+00   1.10024E+02  -1.61786E+00
  0.00000E+00   1.09844E+02  -1.96749E+00
  0.00000E+00   1.10103E+02  -2.13541E+00
  0.00000E+00   1.11243E+02  -2.30605E+00
  0.00000E+00   1.11798E+02  -2.39106E+00
  0.00000E+00   1.11586E+02  -2.49155E+00
  0.00000E+00   1.09698E+02  -2.49727E+00
  0.00000E+00   1.07407E+02  -2.25098E+00
  0.00000E+00   1.05243E+02  -2.06831E+00
  0.00000E+00   1.04642E+02  -1.95247E+00
  0.00000E+00   1.05261E+02  -1.91020E+00
  0.00000E+00   1.06015E+02  -1.87510E+00
  0.00000E+00   1.06456E+02  -1.78952E+00
  0.00000E+00   1.05892E+02  -1.97579E+00
  0.00000E+00   1.04936E+02  -2.13197E+00
  0.00000E+00   1.04195E+02  -2.01562E+00
  0.00000E+00   1.04127E+02  -2.02056E+00
  0.00000E+00   1.04481E+02  -2.01323E+00
  0.00000E+00   1.05911E+02  -2.15416E+00
  0.00000E+00   1.07710E+02  -2.24690E+00
  0.00000E+00   1.09546E+02  -2.48272E+00
  0.00000E+00   1.10921E+02  -2.45793E+00
  0.00000E+00   1.12234E+02  -2.32151E+00
  0.00000E+00   1.12933E+02  -2.36597E+00
  0.00000E+00   1.12860E+02  -2.36066E+00
  0.00000E+00   1.12661E+02  -2.18492E+00
  0.00000E+00   1.12008E+02  -2.17702E+00
  0.00000E+00   1.12307E+02  -2.11935E+00
  0.00000E+00   1.13739E+02  -2.09888E+00
  0.00000E+00   1.16099E+02  -2.06046E+00
  0.00000E+00   1.18706E+02  -2.10619E+00
  0.00000E+00   1.21941E+02  -2.38069E+00
  0.00000E+00   1.24753E+02  -2.66192E+00
  0.00000E+00   1.27463E+02  -2.78725E+00
  0.00000E+00   1.28974E+02  -2.95848E+00
  0.00000E+00   1.29202E+02  -3.01482E+00
  0.00000E+00   1.28866E+02  -3.09643E+00
  0.00000E+00   1.28856E+02  -2.94009E+00
  0.00000E+00   1.30394E+02  -2.62604E+00
  0.00000E+00   1.33639E+02  -2.52013E+00
  0.00000E+00   1.35610E+02  -2.33170E+00
  0.00000E+00   1.36330E+02  -1.97962E+00
  0.00000E+00   1.36076E+02  -1.69963E+00
  0.00000E+00   1.35809E+02  -1.28183E+00
  0.00000E+00   1.35757E+02  -9.87285E-01
  0.00000E+00   1.35340E+02  -7.35306E-01
  0.00000E+00   1.34770E+02  -5.98534E-01
  0.00000E+00   1.35796E+02  -4.87837E-01
  0.00000E+00   1.37556E+02  -4.89188E-01
  0.00000E+00   1.39852E+02  -6.64648E-01
  0.00000E+00   1.41470E+02  -1.05484E+00
  0.00000E+00   1.42129E+02  -1.11001E+00
  0.00000E+00   1.40711E+02  -1.17192E+00
  0.00000E+00   1.40038E+02  -1.22417E+00
  0.00000E+00   1.40908E+02  -1.23529E+00
  0.00000E+00   1.41194E+02  -1.34551E+00
  0.00000E+00   1.41206E+02  -1.47799E+00
  0.00000E+00   1.40535E+02  -1.66785E+00
  0.00000E+00   1.39912E+02  -1.81384E+00
  0.00000E+00   1.38526E+02  -2.08329E+00
  0.00000E+00   1.38083E+02  -2.12014E+00
  0.00000E+00   1.37599E+02  -2.20769E+00
  0.00000E+00   1.37797E+02  -2.42903E+00
  0.00000E+00   1.38945E+02  -2.82427E+00
  0.00000E+00   1.38961E+02  -3.28085E+00
  0.00000E+00   1.40315E+02  -3.58715E+00
  0.00000E+00   1.42397E+02  -3.76376E+00
  0.00000E+00   1.44416E+02  -3.57690E+00
  0.00000E+00   1.44657E+02  -3.16717E+00
  0.00000E+00   1.42211E+02  -2.96667E+00
  0.00000E+00   1.37656E+02  -2.60205E+00
  0.00000E+00   1.33518E+02  -2.24707E+00
  0.00000E+00   1.31502E+02  -2.09563E+00
  0.00000E+00   1.29995E+02  -2.60323E+00
  0.00000E+00   1.29158E+02  -2.76405E+00
  0.00000E+00   1.28033E+02  -3.04255E+00
  0.00000E+00   1.25839E+02  -2.91984E+00
  0.00000E+00   1.25055E+02  -2.74801E+00
  0.00000E+00   1.25290E+02  -2.58199E+00
  0.00000E+00   1.26881E+02  -2.15937E+00
  0.00000E+00   1.29889E+02  -2.06425E+00
  0.00000E+00   1.33130E+02  -2.26976E+00
  0.00000E+00   1.34958E+02  -2.42191E+00
  0.00000E+00   1.34631E+02  -2.21757E+00
  0.00000E+00   1.32835E+02  -2.04648E+00
  0.00000E+00   1.31570E+02  -2.10736E+00
  0.00000E+00   1.32205E+02  -2.08574E+00
  0.00000E+00   1.35853E+02  -2.27713E+00
  0.00000E+00   1.41050E+02  -2.34727E+00
  0.00000E+00   1.46109E+02  -2.36444E+00
  0.00000E+00   1.49953E+02  -2.28089E+00
  0.00000E+00   1.52377E+02  -1.97892E+00
  0.00000E+00   1.52440E+02  -1.59576E+00
  0.00000E+00   1.52075E+02  -1.20899E+00
  0.00000E+00   1.52950E+02  -9.96574E-01
  0.00000E+00   1.55064E+02  -1.19674E+00
  0.00000E+00   1.57463E+02  -1.20324E+00
  0.00000E+00   1.58813E+02  -1.16656E+00
  0.00000E+00   1.60202E+02  -1.15890E+00
  0.00000E+00   1.61438E+02  -1.04260E+00
  0.00000E+00   1.63211E+02  -8.20527E-01
  0.00000E+00   1.64923E+02  -4.13111E-01
  0.00000E+00   1.68516E+02   7.90078E-02
  0.00000E+00   1.72683E+02   2.09278E-01
  0.00000E+00   1.75786E+02   4.25273E-01
  0.00000E+00   1.76692E+02   4.84691E-01
  0.00000E+00   1.74587E+02   2.33850E-01
  0.00000E+00   1.71037E+02   1.07221E-01
  0.00000E+00   1.67828E+02  -1.60560E-02
  0.00000E+00   1.66583E+02   7.81526E-02
  0.00000E+00   1.66003E+02  -3.41837E-02
  0.00000E+00   1.64708E+02  -4.63464E-01
  0.00000E+00   1.63296E+02  -5.19053E-01
  0.00000E+00   1.63122E+02  -2.76871E-01
  0.00000E+00   1.62835E+02  -3.22204E-02
  0.00000E+00   1.62299E+02   4.46818E-02
  0.00000E+00   1.62408E+02   2.19794E-01
  0.00000E+00   1.63310E+02   2.60893E-01
  0.00000E+00   1.63993E+02  -1.52078E-01
  0.00000E+00   1.62863E+02  -1.34870E-01
  0.00000E+00   1.62501E+02   5.84196E-03
  0.00000E+00   1.62776E+02   3.38066E-01
  0.00000E+00   1.63557E+02   6.03014E-01
  0.00000E+00   1.65921E+02   6.84575E-01
  0.00000E+00   1.68042E+02   6.97557E-01
  0.00000E+00   1.68410E+02   8.16537E-01
  0.00000E+00   1.67466E+02   6.64684E-01
  0.00000E+00   1.64622E+02   3.15061E-01
  0.00000E+00   1.63490E+02   1.42259E-01
  0.00000E+00   1.63613E+02   2.12401E-01
  0.00000E+00   1.65000E+02   4.83847E-02
  0.00000E+00   1.65937E+02  -1.55137E-01
  0.00000E+00   1.66139E+02  -3.22461E-01
  0.00000E+00   1.64794E+02  -4.71663E-01
  0.00000E+00   1.62927E+02  -4.67358E-01
  0.00000E+00   1.61456E+02  -3.86290E-01
  0.00000E+00   1.60754E+02  -4.05750E-02
  0.00000E+00   1.59555E+02   2.62037E-01
  0.00000E+00   1.58441E+02   1.12538E-01
  0.00000E+00   1.57336E+02   1.59028E-01
  0.00000E+00   1.54951E+02   3.37052E-01
  0.00000E+00   1.54063E+02   5.15679E-01
  0.00000E+00   1.54756E+02   7.59478E-01
  0.00000E+00   1.54760E+02   9.18539E-01
  0.00000E+00   1.52448E+02   1.01878E+00
  0.00000E+00   1.49253E+02   1.31595E+00
  0.00000E+00   1.46532E+02   1.39739E+00
  0.00000E+00   1.45600E+02   1.21030E+00
  0.00000E+00   1.45761E+02   1.18014E+00
  0.00000E+00   1.46849E+02   1.30187E+00
  0.00000E+00   1.48171E+02   1.40482E+00
  0.00000E+00   1.49944E+02   1.61362E+00
  0.00000E+00   1.52163E+02   1.43295E+00
  0.00000E+00   1.53924E+02   1.44734E+00
  0.00000E+00   1.55319E+02   1.50947E+00
  0.00000E+00   1.57944E+02   1.45946E+00
  0.00000E+00   1.61350E+02   1.43531E+00
  0.00000E+00   1.65175E+02   1.39189E+00
  0.00000E+00   1.70031E+02   1.12064E+00
  0.00000E+00   1.75189E+02   9.18413E-01
  0.00000E+00   1.80088E+02   8.22972E-01
  0.00000E+00   1.84106E+02   8.44518E-01
  0.00000E+00   1.87568E+02   8.19817E-01
  0.00000E+00   1.90253E+02   6.61826E-01
  0.00000E+00   1.92327E+02   5.65914E-01
  0.00000E+00   1.93365E+02   4.14380E-01
  0.00000E+00   1.94174E+02   3.24333E-01
  0.00000E+00   1.95050E+02   4.88510E-01
  0.00000E+00   1.95511E+02   5.09582E-01
  0.00000E+00   1.94702E+02   7.84228E-01
  0.00000E+00   1.93634E+02   1.12324E+00
  0.00000E+00   1.92267E+02   1.41197E+00
  0.00000E+00   1.91416E+02   1.28908E+00
  0.00000E+00   1.92979E+02   1.20502E+00
  0.00000E+00   1.95885E+02   1.13525E+00
  0.00000E+00   1.98544E+02   1.15733E+00
  0.00000E+00   1.98063E+02   1.14085E+00
  0.00000E+00   1.95619E+02   1.22399E+00
  0.00000E+00   1.93826E+02   1.15851E+00
  0.00000E+00   1.93142E+02   1.09197E+00
  0.00000E+00   1.93186E+02   1.18495E+00
  0.00000E+00   1.93541E+02   1.24939E+00
  0.00000E+00   1.95408E+02   1.06964E+00
  0.00000E+00   1.99050E+02   7.94221E-01
  0.00000E+00   2.00690E+02   5.67311E-01
  0.00000E+00   2.01475E+02   6.48133E-01
  0.00000E+00   2.00774E+02   7.93944E-01
  0.00000E+00   1.97995E+02   6.49458E-01
  0.00000E+00   1.96911E+02   5.60937E-01
  0.00000E+00   1.96119E+02   5.66704E-01
  0.00000E+00   1.96087E+02   5.71161E-01
  0.00000E+00   1.97086E+02   8.14394E-01
  0.00000E+00   1.97673E+02   1.12451E+00
  0.00000E+00   1.97755E+02   1.63212E+00
  0.00000E+00   1.96459E+02   2.35225E+00
  0.00000E+00   1.94278E+02   2.82758E+00
  0.00000E+00   1.92055E+02   3.18767E+00
  0.00000E+00   1.90300E+02   3.58216E+00
  0.00000E+00   1.89980E+02   3.91949E+00
  0.00000E+00   1.89469E+02   4.25897E+00
  0.00000E+00   1.89620E+02   4.58589E+00
  0.00000E+00   1.90337E+02   5.00518E+00
  0.00000E+00   1.89338E+02   5.33955E+00
  0.00000E+00   1.87434E+02   5.07400E+00
  0.00000E+00   1.87543E+02   5.00735E+00
  0.00000E+00   1.89169E+02   5.08532E+00
  0.00000E+00   1.90366E+02   5.44349E+00
  0.00000E+00   1.91601E+02   5.81519E+00
  0.00000E+00   1.91001E+02   6.06353E+00
  0.00000E+00   1.89719E+02   6.27322E+00
  0.00000E+00   1.85689E+02   6.12666E+00
  0.00000E+00   1.82188E+02   6.26494E+00
  0.00000E+00   1.79559E+02   6.45323E+00
  0.00000E+00   1.78552E+02   6.36629E+00
  0.00000E+00   1.76937E+02   6.01139E+00
  0.00000E+00   1.75475E+02   5.68221E+00
  0.00000E+00   1.74656E+02   5.90863E+00
  0.00000E+00   1.75438E+02   5.62497E+00
  0.00000E+00   1.75431E+02   5.38272E+00
  0.00000E+00   1.77169E+02   5.30643E+00
  0.00000E+00   1.79032E+02   4.92957E+00
  0.00000E+00   1.79883E+02   4.81637E+00
  0.00000E+00   1.80783E+02   4.59886E+00
  0.00000E+00   1.79871E+02   4.54896E+00
  0.00000E+00   1.79914E+02   4.29349E+00
  0.00000E+00   1.78930E+02   4.18292E+00
  0.00000E+00   1.77881E+02   4.24064E+00
  0.00000E+00   1.79042E+02   4.06666E+00
  0.00000E+00   1.79840E+02   4.01172E+00
  0.00000E+00   1.80029E+02   3.86676E+00
  0.00000E+00   1.79780E+02   3.86896E+00
  0.00000E+00   1.81325E+02   3.88983E+00
  0.00000E+00   1.82792E+02   4.08863E+00
  0.00000E+00   1.84433E+02   4.08399E+00
  0.00000E+00   1.85611E+02   3.83858E+00
  0.00000E+00   1.85910E+02   3.65542E+00
  0.00000E+00   1.87602E+02   3.26980E+00
  0.00000E+00   1.90626E+02   2.69581E+00
  0.00000E+00   1.93529E+02   2.33005E+00
  0.00000E+00   1.96234E+02   2.13809E+00
  0.00000E+00   1.96735E+02   1.95703E+00
  0.00000E+00   1.95609E+02   1.82555E+00
  0.00000E+00   1.94292E+02   1.53039E+00
  0.00000E+00   1.94886E+02   1.32454E+00
  0.00000E+00   1.97432E+02   1.04849E+00
  0.00000E+00   1.99691E+02   8.40277E-01
  0.00000E+00   2.00406E+02   6.51631E-01
  0.00000E+00   1.98564E+02   7.31844E-01
  0.00000E+00   1.97263E+02   6.82656E-01
