  0.00000E+00  -3.53729E-03   5.89527E-05
  0.00000E+00  -3.21276E-03   2.36037E-05
  0.00000E+00  -2.81235E-03  -9.50719E-06
  0.00000E+00  -2.20007E-03   1.23018E-05
  0.00000E+00  -1.70694E-03   1.36980E-05
  0.00000E+00  -1.31847E-03   2.66275E-06
  0.00000E+00  -1.00773E-03  -1.05908E-05
  0.00000E+00  -7.54214E-04   3.12206E-06
  0.00000E+00  -5.81533E-04   1.37178E-05
  0.00000E+00  -4.60208E-04   9.96639E-06
  0.00000E+00  -3.48579E-04   6.51443E-06
  0.00000E+00  -2.70498E-04   2.95065E-06
  0.00000E+00  -2.15259E-04  -3.86283E-07
  0.00000E+00  -1.68921E-04   1.17641E-06
  0.00000E+00  -1.26735E-04   4.84900E-06
  0.00000E+00  -1.02517E-04   5.69960E-06
  0.00000E+00  -8.48015E-05   5.48522E-06
  0.00000E+00  -6.89392E-05   4.96339E-06
  0.00000E+00  -5.71071E-05   3.58437E-06
  0.00000E+00  -4.49209E-05   2.31766E-06
  0.00000E+00  -3.50084E-05   1.53142E-06
  0.00000E+00  -2.77642E-05   7.84724E-07
  0.00000E+00  -2.17326E-05   3.25661E-07
  0.00000E+00  -1.55704E-05   1.12086E-07
  0.00000E+00  -1.18235E-05  -1.86221E-07
  0.00000E+00  -9.39998E-06  -6.85152E-07
  0.00000E+00  -7.64056E-06  -9.97917E-07
  0.00000E+00  -7.17539E-06  -1.20032E-06
  0.00000E+00  -6.68069E-06  -1.25650E-06
  0.00000E+00  -5.77246E-06  -1.23935E-06
  0.00000E+00  -4.73018E-06  -1.27883E-06
  0.00000E+00  -3.53235E-06  -1.31151E-06
  0.00000E+00  -2.53231E-06  -1.18540E-06
  0.00000E+00  -1.84436E-06  -9.04215E-07
  0.00000E+00  -1.54570E-06  -6.42774E-07
  0.00000E+00  -1.36878E-06  -4.98516E-07
  0.00000E+00  -1.22106E-06  -4.33130E-07
  0.00000E+00  -1.06879E-06  -3.53570E-07
  0.00000E+00  -9.36675E-07  -2.44912E-07
  0.00000E+00  -8.70439E-07  -1.16720E-07
  0.00000E+00  -8.12158E-07  -6.73242E-11
  0.00000E+00  -6.48525E-07   9.63741E-08
  0.00000E+00  -3.97095E-07   1.52708E-07
  0.00000E+00  -8.77046E-08   1.63735E-07
  0.00000E+00   1.70023E-07   1.42949E-07
  0.00000E+00   2.86167E-07   1.12758E-07
  0.00000E+00   3.26421E-07   9.47173E-08
  0.00000E+00   2.90735E-07   9.37000E-08
  0.00000E+00   2.39369E-07   9.80036E-08
  0.00000E+00   1.97127E-07   9.65774E-08
  0.00000E+00   1.69282E-07   8.45143E-08
  0.00000E+00   1.41991E-07   6.54410E-08
  0.00000E+00   1.22025E-07   4.33746E-08
  0.00000E+00   1.20405E-07   2.03464E-08
  0.00000E+00   1.43624E-07  -4.45476E-09
  0.00000E+00   1.84187E-07  -3.19990E-08
  0.00000E+00   2.50367E-07  -5.82723E-08
  0.00000E+00   3.36385E-07  -7.96622E-08
  0.00000E+00   4.36214E-07  -9.15559E-08
  0.00000E+00   5.35748E-07  -9.24468E-08
  0.00000E+00   6.13467E-07  -8.37508E-08
  0.00000E+00   6.61384E-07  -6.98682E-08
  0.00000E+00   6.83575E-07  -5.48802E-08
  0.00000E+00   6.83418E-07  -4.17799E-08
  0.00000E+00   6.57739E-07  -3.27944E-08
  0.00000E+00   6.12436E-07  -2.82966E-08
  0.00000E+00   5.53568E-07  -2.71510E-08
  0.00000E+00   4.92178E-07  -2.74449E-08
  0.00000E+00   4.35970E-07  -2.76685E-08
  0.00000E+00   3.86002E-07  -2.68211E-08
  0.00000E+00   3.42455E-07  -2.43269E-08
  0.00000E+00   3.03393E-07  -2.05779E-08
  0.00000E+00   2.67507E-07  -1.63105E-08
  0.00000E+00   2.32095E-07  -1.19129E-08
  0.00000E+00   1.97560E-07  -7.85587E-09
  0.00000E+00   1.66681E-07  -4.28646E-09
  0.00000E+00   1.44670E-07  -1.11785E-09
  0.00000E+00   1.34526E-07   1.62481E-09
  0.00000E+00   1.36016E-07   3.82809E-09
  0.00000E+00   1.47441E-07   5.48633E-09
  0.00000E+00   1.64107E-07   6.55101E-09
  0.00000E+00   1.83151E-07   7.22203E-09
  0.00000E+00   2.01206E-07   7.68898E-09
  0.00000E+00   2.16037E-07   8.04333E-09
  0.00000E+00   2.25222E-07   8.31104E-09
  0.00000E+00   2.27682E-07   8.43780E-09
  0.00000E+00   2.24256E-07   8.31813E-09
  0.00000E+00   2.16817E-07   7.89241E-09
  0.00000E+00   2.07305E-07   7.20523E-09
  0.00000E+00   1.97624E-07   6.43267E-09
  0.00000E+00   1.88223E-07   5.86348E-09
  0.00000E+00   1.79355E-07   5.75403E-09
  0.00000E+00   1.71638E-07   6.18967E-09
  0.00000E+00   1.64741E-07   7.07547E-09
  0.00000E+00   1.58078E-07   8.26020E-09
  0.00000E+00   1.50437E-07   9.52878E-09
  0.00000E+00   1.41380E-07   1.06918E-08
  0.00000E+00   1.30938E-07   1.16441E-08
  0.00000E+00   1.19227E-07   1.23785E-08
  0.00000E+00   1.06980E-07   1.28965E-08
  0.00000E+00   9.54406E-08   1.31981E-08
  0.00000E+00   8.54079E-08   1.32890E-08
  0.00000E+00   7.76593E-08   1.31763E-08
  0.00000E+00   7.27720E-08   1.28741E-08
  0.00000E+00   7.09513E-08   1.24012E-08
  0.00000E+00   7.16996E-08   1.17993E-08
  0.00000E+00   7.42348E-08   1.11030E-08
  0.00000E+00   7.77977E-08   1.03398E-08
  0.00000E+00   8.16060E-08   9.51005E-09
  0.00000E+00   8.50624E-08   8.56890E-09
  0.00000E+00   8.76462E-08   7.47443E-09
  0.00000E+00   8.90761E-08   6.22117E-09
  0.00000E+00   8.94862E-08   4.86705E-09
  0.00000E+00   8.90134E-08   3.53655E-09
  0.00000E+00   8.78749E-08   2.39044E-09
  0.00000E+00   8.61936E-08   1.56906E-09
  0.00000E+00   8.38930E-08   1.15080E-09
  0.00000E+00   8.11365E-08   1.13444E-09
  0.00000E+00   7.80446E-08   1.44072E-09
  0.00000E+00   7.48279E-08   1.94338E-09
  0.00000E+00   7.18300E-08   2.50494E-09
  0.00000E+00   6.93317E-08   3.01236E-09
  0.00000E+00   6.76383E-08   3.39731E-09
  0.00000E+00   6.68827E-08   3.63754E-09
  0.00000E+00   6.69639E-08   3.74218E-09
  0.00000E+00   6.76811E-08   3.73520E-09
  0.00000E+00   6.87201E-08   3.64033E-09
  0.00000E+00   6.97324E-08   3.46842E-09
  0.00000E+00   7.04264E-08   3.21985E-09
  0.00000E+00   7.05766E-08   2.89286E-09
  0.00000E+00   7.00730E-08   2.48900E-09
  0.00000E+00   6.88861E-08   2.01286E-09
  0.00000E+00   6.70605E-08   1.47603E-09
  0.00000E+00   6.46901E-08   8.99577E-10
  0.00000E+00   6.18406E-08   3.09390E-10
  0.00000E+00   5.85713E-08  -2.67702E-10
  0.00000E+00   5.49704E-08  -8.03957E-10
  0.00000E+00   5.11012E-08  -1.27789E-09
  0.00000E+00   4.70097E-08  -1.67564E-09
  0.00000E+00   4.27684E-08  -1.99149E-09
  0.00000E+00   3.84762E-08  -2.22959E-09
  0.00000E+00   3.42523E-08  -2.39982E-09
  0.00000E+00   3.02359E-08  -2.51338E-09
  0.00000E+00   2.65721E-08  -2.58106E-09
  0.00000E+00   2.33925E-08  -2.61266E-09
  0.00000E+00   2.07915E-08  -2.61555E-09
  0.00000E+00   1.88151E-08  -2.59259E-09
  0.00000E+00   1.74366E-08  -2.54328E-09
  0.00000E+00   1.65680E-08  -2.46370E-09
  0.00000E+00   1.60928E-08  -2.34784E-09
  0.00000E+00   1.58888E-08  -2.18864E-09
  0.00000E+00   1.58499E-08  -1.98049E-09
  0.00000E+00   1.59006E-08  -1.72073E-09
  0.00000E+00   1.60017E-08  -1.41198E-09
  0.00000E+00   1.61500E-08  -1.06418E-09
  0.00000E+00   1.63664E-08  -6.94922E-10
  0.00000E+00   1.66879E-08  -3.26947E-10
  0.00000E+00   1.71570E-08   1.63406E-11
  0.00000E+00   1.78015E-08   3.15576E-10
  0.00000E+00   1.86258E-08   5.60252E-10
  0.00000E+00   1.96133E-08   7.50934E-10
  0.00000E+00   2.07212E-08   8.99037E-10
  0.00000E+00   2.18856E-08   1.02329E-09
  0.00000E+00   2.30322E-08   1.14453E-09
  0.00000E+00   2.40808E-08   1.27963E-09
  0.00000E+00   2.49622E-08   1.43728E-09
  0.00000E+00   2.56292E-08   1.61591E-09
  0.00000E+00   2.60603E-08   1.80486E-09
  0.00000E+00   2.62574E-08   1.98728E-09
  0.00000E+00   2.62447E-08   2.14410E-09
  0.00000E+00   2.60610E-08   2.25778E-09
  0.00000E+00   2.57507E-08   2.31532E-09
  0.00000E+00   2.53518E-08   2.30963E-09
  0.00000E+00   2.48898E-08   2.23979E-09
  0.00000E+00   2.43761E-08   2.11055E-09
  0.00000E+00   2.38101E-08   1.93132E-09
  0.00000E+00   2.31790E-08   1.71502E-09
  0.00000E+00   2.24647E-08   1.47678E-09
  0.00000E+00   2.16529E-08   1.23281E-09
  0.00000E+00   2.07383E-08   9.99047E-10
  0.00000E+00   1.97290E-08   7.89870E-10
  0.00000E+00   1.86480E-08   6.17081E-10
  0.00000E+00   1.75304E-08   4.88964E-10
  0.00000E+00   1.64192E-08   4.09600E-10
  0.00000E+00   1.53582E-08   3.78531E-10
  0.00000E+00   1.43867E-08   3.90818E-10
  0.00000E+00   1.35338E-08   4.37513E-10
  0.00000E+00   1.28143E-08   5.06618E-10
  0.00000E+00   1.22276E-08   5.84501E-10
  0.00000E+00   1.17589E-08   6.57503E-10
  0.00000E+00   1.13821E-08   7.13588E-10
  0.00000E+00   1.10629E-08   7.43848E-10
  0.00000E+00   1.07643E-08   7.43528E-10
  0.00000E+00   1.04533E-08   7.12445E-10
  0.00000E+00   1.01056E-08   6.54633E-10
  0.00000E+00   9.70973E-09   5.77339E-10
  0.00000E+00   9.26867E-09   4.89735E-10
  0.00000E+00   8.80002E-09   4.01530E-10
  0.00000E+00   8.33360E-09   3.21727E-10
  0.00000E+00   7.90702E-09   2.57621E-10
  0.00000E+00   7.55989E-09   2.14121E-10
  0.00000E+00   7.32696E-09   1.93445E-10
  0.00000E+00   7.23264E-09   1.95167E-10
  0.00000E+00   7.28768E-09   2.16506E-10
  0.00000E+00   7.48750E-09   2.52833E-10
  0.00000E+00   7.81265E-09   2.98339E-10
  0.00000E+00   8.23132E-09   3.46828E-10
  0.00000E+00   8.70326E-09   3.92517E-10
  0.00000E+00   9.18452E-09   4.30768E-10
  0.00000E+00   9.63261E-09   4.58631E-10
  0.00000E+00   1.00113E-08   4.75148E-10
  0.00000E+00   1.02940E-08   4.81356E-10
  0.00000E+00   1.04658E-08   4.79976E-10
  0.00000E+00   1.05235E-08   4.74894E-10
  0.00000E+00   1.04751E-08   4.70505E-10
  0.00000E+00   1.03373E-08   4.70988E-10
  0.00000E+00   1.01319E-08   4.79604E-10
  0.00000E+00   9.88218E-09   4.98111E-10
  0.00000E+00   9.60929E-09   5.26384E-10
  0.00000E+00   9.32944E-09   5.62306E-10
  0.00000E+00   9.05253E-09   6.01963E-10
  0.00000E+00   8.78166E-09   6.40139E-10
  0.00000E+00   8.51375E-09   6.71000E-10
  0.00000E+00   8.24120E-09   6.88912E-10
  0.00000E+00   7.95419E-09   6.89238E-10
  0.00000E+00   7.64281E-09   6.68997E-10
  0.00000E+00   7.29906E-09   6.27275E-10
  0.00000E+00   6.91854E-09   5.65338E-10
  0.00000E+00   6.50174E-09   4.86446E-10
  0.00000E+00   6.05435E-09   3.95416E-10
  0.00000E+00   5.58702E-09   2.98002E-10
  0.00000E+00   5.11439E-09   2.00209E-10
  0.00000E+00   4.65381E-09   1.07627E-10
  0.00000E+00   4.22380E-09   2.48827E-11
  0.00000E+00   3.84231E-09  -4.47296E-11
  0.00000E+00   3.52501E-09  -9.94188E-11
  0.00000E+00   3.28374E-09  -1.38857E-10
  0.00000E+00   3.12534E-09  -1.63976E-10
  0.00000E+00   3.05093E-09  -1.76643E-10
  0.00000E+00   3.05569E-09  -1.79285E-10
  0.00000E+00   3.12923E-09  -1.74517E-10
  0.00000E+00   3.25651E-09  -1.64835E-10
  0.00000E+00   3.41927E-09  -1.52392E-10
  0.00000E+00   3.59779E-09  -1.38875E-10
  0.00000E+00   3.77279E-09  -1.25468E-10
  0.00000E+00   3.92727E-09  -1.12894E-10
  0.00000E+00   4.04803E-09  -1.01494E-10
  0.00000E+00   4.12679E-09  -9.13458E-11
  0.00000E+00   4.16053E-09  -8.23743E-11
  0.00000E+00   4.15132E-09  -7.44575E-11
  0.00000E+00   4.10546E-09  -6.75049E-11
  0.00000E+00   4.03227E-09  -6.15068E-11
  0.00000E+00   3.94257E-09  -5.65476E-11
  0.00000E+00   3.84720E-09  -5.27786E-11
  0.00000E+00   3.75572E-09  -5.03574E-11
  0.00000E+00   3.67549E-09  -4.93676E-11
  0.00000E+00   3.61123E-09  -4.97328E-11
  0.00000E+00   3.56492E-09  -5.11432E-11
  0.00000E+00   3.53614E-09  -5.30103E-11
  0.00000E+00   3.52261E-09  -5.44646E-11
  0.00000E+00   3.52089E-09  -5.44031E-11
  0.00000E+00   3.52703E-09  -5.15845E-11
  0.00000E+00   3.53719E-09  -4.47599E-11
  0.00000E+00   3.54806E-09  -3.28247E-11
  0.00000E+00   3.55716E-09  -1.49718E-11
  0.00000E+00   3.56295E-09   9.17476E-12
  0.00000E+00   3.56492E-09   3.94673E-11
  0.00000E+00   3.56359E-09   7.51997E-11
  0.00000E+00   3.56039E-09   1.15137E-10
  0.00000E+00   3.55758E-09   1.57608E-10
  0.00000E+00   3.55811E-09   2.00649E-10
  0.00000E+00   3.56533E-09   2.42178E-10
  0.00000E+00   3.58271E-09   2.80186E-10
  0.00000E+00   3.61341E-09   3.12918E-10
  0.00000E+00   3.65993E-09   3.39013E-10
  0.00000E+00   3.72366E-09   3.57611E-10
  0.00000E+00   3.80455E-09   3.68387E-10
  0.00000E+00   3.90089E-09   3.71550E-10
  0.00000E+00   4.00928E-09   3.67774E-10
  0.00000E+00   4.12479E-09   3.58105E-10
  0.00000E+00   4.24139E-09   3.43838E-10
  0.00000E+00   4.35243E-09   3.26390E-10
  0.00000E+00   4.45138E-09   3.07177E-10
  0.00000E+00   4.53242E-09   2.87506E-10
  0.00000E+00   4.59103E-09   2.68493E-10
  0.00000E+00   4.62445E-09   2.51016E-10
  0.00000E+00   4.63180E-09   2.35682E-10
  0.00000E+00   4.61408E-09   2.22835E-10
  0.00000E+00   4.57384E-09   2.12577E-10
  0.00000E+00   4.51468E-09   2.04809E-10
  0.00000E+00   4.44069E-09   1.99279E-10
  0.00000E+00   4.35583E-09   1.95637E-10
  0.00000E+00   4.26343E-09   1.93493E-10
  0.00000E+00   4.16578E-09   1.92463E-10
  0.00000E+00   4.06400E-09   1.92211E-10
  0.00000E+00   3.95810E-09   1.92473E-10
  0.00000E+00   3.84723E-09   1.93068E-10
  0.00000E+00   3.73009E-09   1.93885E-10
  0.00000E+00   3.60544E-09   1.94865E-10
  0.00000E+00   3.47256E-09   1.95967E-10
  0.00000E+00   3.33162E-09   1.97125E-10
  0.00000E+00   3.18390E-09   1.98215E-10
  0.00000E+00   3.03183E-09   1.99031E-10
  0.00000E+00   2.87876E-09   1.99271E-10
  0.00000E+00   2.72864E-09   1.98552E-10
  0.00000E+00   2.58554E-09   1.96438E-10
  0.00000E+00   2.45307E-09   1.92487E-10
  0.00000E+00   2.33399E-09   1.86305E-10
  0.00000E+00   2.22977E-09   1.77604E-10
  0.00000E+00   2.14045E-09   1.66253E-10
  0.00000E+00   2.06460E-09   1.52304E-10
  0.00000E+00   1.99954E-09   1.36004E-10
  0.00000E+00   1.94167E-09   1.17778E-10
  0.00000E+00   1.88695E-09   9.81873E-11
  0.00000E+00   1.83140E-09   7.78755E-11
  0.00000E+00   1.77151E-09   5.75000E-11
  0.00000E+00   1.70471E-09   3.76675E-11
  0.00000E+00   1.62950E-09   1.88788E-11
  0.00000E+00   1.54560E-09   1.49121E-12
  0.00000E+00   1.45384E-09  -1.42966E-11
  0.00000E+00   1.35597E-09  -2.84383E-11
  0.00000E+00   1.25434E-09  -4.10134E-11
  0.00000E+00   1.15160E-09  -5.21881E-11
  0.00000E+00   1.05032E-09  -6.21701E-11
  0.00000E+00   9.52763E-10  -7.11649E-11
  0.00000E+00   8.60687E-10  -7.93403E-11
  0.00000E+00   7.75231E-10  -8.68039E-11
  0.00000E+00   6.96936E-10  -9.35944E-11
  0.00000E+00   6.25826E-10  -9.96861E-11
  0.00000E+00   5.61540E-10  -1.05004E-10
  0.00000E+00   5.03500E-10  -1.09445E-10
  0.00000E+00   4.51055E-10  -1.12897E-10
  0.00000E+00   4.03611E-10  -1.15262E-10
  0.00000E+00   3.60697E-10  -1.16464E-10
  0.00000E+00   3.21997E-10  -1.16456E-10
  0.00000E+00   2.87317E-10  -1.15221E-10
  0.00000E+00   2.56533E-10  -1.12759E-10
  0.00000E+00   2.29516E-10  -1.09086E-10
  0.00000E+00   2.06058E-10  -1.04219E-10
  0.00000E+00   1.85825E-10  -9.81723E-11
  0.00000E+00   1.68333E-10  -9.09576E-11
  0.00000E+00   1.52975E-10  -8.25861E-11
  0.00000E+00   1.39064E-10  -7.30768E-11
  0.00000E+00   1.25918E-10  -6.24679E-11
  0.00000E+00   1.12941E-10  -5.08282E-11
  0.00000E+00   9.97112E-11  -3.82674E-11
  0.00000E+00   8.60414E-11  -2.49429E-11
  0.00000E+00   7.20126E-11  -1.10616E-11
  0.00000E+00   5.79704E-11   3.12394E-12
  0.00000E+00   4.44857E-11   1.73255E-11
  0.00000E+00   3.22853E-11   3.12330E-11
  0.00000E+00   2.21645E-11   4.45317E-11
  0.00000E+00   1.48941E-11   5.69209E-11
  0.00000E+00   1.11342E-11   6.81309E-11
  0.00000E+00   1.13681E-11   7.79383E-11
  0.00000E+00   1.58625E-11   8.61771E-11
  0.00000E+00   2.46571E-11   9.27443E-11
  0.00000E+00   3.75831E-11   9.76014E-11
  0.00000E+00   5.43037E-11   1.00771E-10
  0.00000E+00   7.43681E-11   1.02329E-10
  0.00000E+00   9.72714E-11   1.02395E-10
  0.00000E+00   1.22508E-10   1.01119E-10
  0.00000E+00   1.49616E-10   9.86682E-11
  0.00000E+00   1.78198E-10   9.52180E-11
  0.00000E+00   2.07937E-10   9.09382E-11
  0.00000E+00   2.38579E-10   8.59860E-11
  0.00000E+00   2.69920E-10   8.05007E-11
  0.00000E+00   3.01771E-10   7.46010E-11
  0.00000E+00   3.33937E-10   6.83854E-11
  0.00000E+00   3.66185E-10   6.19351E-11
  0.00000E+00   3.98231E-10   5.53187E-11
  0.00000E+00   4.29738E-10   4.85978E-11
  0.00000E+00   4.60316E-10   4.18329E-11
  0.00000E+00   4.89541E-10   3.50884E-11
  0.00000E+00   5.16980E-10   2.84357E-11
  0.00000E+00   5.42215E-10   2.19543E-11
  0.00000E+00   5.64878E-10   1.57307E-11
  0.00000E+00   5.84669E-10   9.85457E-12
  0.00000E+00   6.01383E-10   4.41349E-12
  0.00000E+00   6.14920E-10  -5.13483E-13
  0.00000E+00   6.25290E-10  -4.86229E-12
  0.00000E+00   6.32612E-10  -8.58944E-12
  0.00000E+00   6.37102E-10  -1.16759E-11
  0.00000E+00   6.39057E-10  -1.41288E-11
  0.00000E+00   6.38840E-10  -1.59804E-11
  0.00000E+00   6.36853E-10  -1.72856E-11
  0.00000E+00   6.33529E-10  -1.81166E-11
  0.00000E+00   6.29303E-10  -1.85576E-11
  0.00000E+00   6.24607E-10  -1.86989E-11
  0.00000E+00   6.19852E-10  -1.86313E-11
  0.00000E+00   6.15422E-10  -1.84421E-11
  0.00000E+00   6.11666E-10  -1.82123E-11
  0.00000E+00   6.08887E-10  -1.80152E-11
  0.00000E+00   6.07339E-10  -1.79157E-11
  0.00000E+00   6.07214E-10  -1.79709E-11
  0.00000E+00   6.08639E-10  -1.82305E-11
  0.00000E+00   6.11663E-10  -1.87366E-11
  0.00000E+00   6.16258E-10  -1.95234E-11
  0.00000E+00   6.22309E-10  -2.06166E-11
  0.00000E+00   6.29626E-10  -2.20313E-11
  0.00000E+00   6.37944E-10  -2.37709E-11
  0.00000E+00   6.46938E-10  -2.58263E-11
  0.00000E+00   6.56241E-10  -2.81750E-11
  0.00000E+00   6.65467E-10  -3.07826E-11
  0.00000E+00   6.74226E-10  -3.36043E-11
  0.00000E+00   6.82152E-10  -3.65879E-11
  0.00000E+00   6.88921E-10  -3.96778E-11
  0.00000E+00   6.94262E-10  -4.28186E-11
  0.00000E+00   6.97973E-10  -4.59590E-11
  0.00000E+00   6.99922E-10  -4.90544E-11
  0.00000E+00   7.00050E-10  -5.20691E-11
  0.00000E+00   6.98370E-10  -5.49769E-11
  0.00000E+00   6.94957E-10  -5.77603E-11
  0.00000E+00   6.89946E-10  -6.04097E-11
  0.00000E+00   6.83525E-10  -6.29213E-11
  0.00000E+00   6.75925E-10  -6.52950E-11
  0.00000E+00   6.67414E-10  -6.75330E-11
  0.00000E+00   6.58289E-10  -6.96381E-11
  0.00000E+00   6.48868E-10  -7.16135E-11
  0.00000E+00   6.39476E-10  -7.34617E-11
  0.00000E+00   6.30435E-10  -7.51853E-11
  0.00000E+00   6.22048E-10  -7.67866E-11
  0.00000E+00   6.14581E-10  -7.82679E-11
  0.00000E+00   6.08249E-10  -7.96305E-11
  0.00000E+00   6.03198E-10  -8.08744E-11
  0.00000E+00   5.99501E-10  -8.19970E-11
  0.00000E+00   5.97141E-10  -8.29916E-11
  0.00000E+00   5.96021E-10  -8.38463E-11
  0.00000E+00   5.95964E-10  -8.45434E-11
  0.00000E+00   5.96731E-10  -8.50590E-11
  0.00000E+00   5.98036E-10  -8.53639E-11
  0.00000E+00   5.99576E-10  -8.54251E-11
  0.00000E+00   6.01046E-10  -8.52080E-11
  0.00000E+00   6.02174E-10  -8.46794E-11
  0.00000E+00   6.02733E-10  -8.38103E-11
  0.00000E+00   6.02557E-10  -8.25794E-11
  0.00000E+00   6.01553E-10  -8.09749E-11
  0.00000E+00   5.99692E-10  -7.89967E-11
  0.00000E+00   5.97011E-10  -7.66570E-11
  0.00000E+00   5.93591E-10  -7.39806E-11
  0.00000E+00   5.89543E-10  -7.10030E-11
  0.00000E+00   5.84988E-10  -6.77696E-11
  0.00000E+00   5.80038E-10  -6.43322E-11
  0.00000E+00   5.74784E-10  -6.07472E-11
  0.00000E+00   5.69281E-10  -5.70721E-11
  0.00000E+00   5.63549E-10  -5.33628E-11
  0.00000E+00   5.57575E-10  -4.96716E-11
  0.00000E+00   5.51317E-10  -4.60448E-11
  0.00000E+00   5.44719E-10  -4.25214E-11
  0.00000E+00   5.37722E-10  -3.91324E-11
  0.00000E+00   5.30278E-10  -3.59005E-11
  0.00000E+00   5.22358E-10  -3.28402E-11
  0.00000E+00   5.13960E-10  -2.99585E-11
  0.00000E+00   5.05111E-10  -2.72563E-11
  0.00000E+00   4.95862E-10  -2.47292E-11
  0.00000E+00   4.86283E-10  -2.23690E-11
  0.00000E+00   4.76451E-10  -2.01652E-11
  0.00000E+00   4.66442E-10  -1.81057E-11
  0.00000E+00   4.56319E-10  -1.61781E-11
  0.00000E+00   4.46124E-10  -1.43702E-11
  0.00000E+00   4.35875E-10  -1.26703E-11
  0.00000E+00   4.25564E-10  -1.10673E-11
  0.00000E+00   4.15156E-10  -9.55089E-12
  0.00000E+00   4.04603E-10  -8.11154E-12
  0.00000E+00   3.93845E-10  -6.74030E-12
  0.00000E+00   3.82822E-10  -5.42916E-12
  0.00000E+00   3.71481E-10  -4.17136E-12
  0.00000E+00   3.59786E-10  -2.96192E-12
  0.00000E+00   3.47720E-10  -1.79827E-12
  0.00000E+00   3.35288E-10  -6.80941E-13
  0.00000E+00   3.22519E-10   3.85922E-13
  0.00000E+00   3.09459E-10   1.39420E-12
  0.00000E+00   2.96171E-10   2.33186E-12
  0.00000E+00   2.82728E-10   3.18333E-12
  0.00000E+00   2.69206E-10   3.93040E-12
  0.00000E+00   2.55685E-10   4.55341E-12
  0.00000E+00   2.42241E-10   5.03275E-12
  0.00000E+00   2.28945E-10   5.35045E-12
  0.00000E+00   2.15865E-10   5.49174E-12
  0.00000E+00   2.03061E-10   5.44640E-12
  0.00000E+00   1.90590E-10   5.20969E-12
  0.00000E+00   1.78508E-10   4.78290E-12
  0.00000E+00   1.66867E-10   4.17341E-12
  0.00000E+00   1.55717E-10   3.39419E-12
  0.00000E+00   1.45106E-10   2.46300E-12
  0.00000E+00   1.35082E-10   1.40129E-12
  0.00000E+00   1.25686E-10   2.32930E-13
  0.00000E+00   1.16954E-10  -1.01709E-12
  0.00000E+00   1.08913E-10  -2.32379E-12
  0.00000E+00   1.01581E-10  -3.66324E-12
  0.00000E+00   9.49657E-11  -5.01327E-12
  0.00000E+00   8.90617E-11  -6.35403E-12
  0.00000E+00   8.38512E-11  -7.66823E-12
  0.00000E+00   7.93042E-11  -8.94129E-12
  0.00000E+00   7.53791E-11  -1.01613E-11
  0.00000E+00   7.20240E-11  -1.13189E-11
  0.00000E+00   6.91786E-11  -1.24071E-11
  0.00000E+00   6.67759E-11  -1.34212E-11
  0.00000E+00   6.47449E-11  -1.43586E-11
  0.00000E+00   6.30128E-11  -1.52185E-11
  0.00000E+00   6.15082E-11  -1.60016E-11
  0.00000E+00   6.01633E-11  -1.67101E-11
  0.00000E+00   5.89176E-11  -1.73472E-11
  0.00000E+00   5.77195E-11  -1.79169E-11
  0.00000E+00   5.65291E-11  -1.84234E-11
  0.00000E+00   5.53199E-11  -1.88709E-11
  0.00000E+00   5.40791E-11  -1.92632E-11
  0.00000E+00   5.28079E-11  -1.96037E-11
  0.00000E+00   5.15209E-11  -1.98945E-11
  0.00000E+00   5.02434E-11  -2.01373E-11
  0.00000E+00   4.90096E-11  -2.03326E-11
  0.00000E+00   4.78586E-11  -2.04804E-11
  0.00000E+00   4.68316E-11  -2.05799E-11
  0.00000E+00   4.59678E-11  -2.06306E-11
  0.00000E+00   4.53017E-11  -2.06319E-11
  0.00000E+00   4.48608E-11  -2.05839E-11
  0.00000E+00   4.46635E-11  -2.04873E-11
  0.00000E+00   4.47192E-11  -2.03444E-11
  0.00000E+00   4.50280E-11  -2.01584E-11
  0.00000E+00   4.55822E-11  -1.99340E-11
  0.00000E+00   4.63678E-11  -1.96772E-11
  0.00000E+00   4.73667E-11  -1.93950E-11
  0.00000E+00   4.85589E-11  -1.90953E-11
  0.00000E+00   4.99242E-11  -1.87866E-11
  0.00000E+00   5.14438E-11  -1.84772E-11
  0.00000E+00   5.31015E-11  -1.81751E-11
  0.00000E+00   5.48841E-11  -1.78872E-11
  0.00000E+00   5.67810E-11  -1.76192E-11
  0.00000E+00   5.87845E-11  -1.73750E-11
  0.00000E+00   6.08885E-11  -1.71567E-11
  0.00000E+00   6.30879E-11  -1.69640E-11
  0.00000E+00   6.53780E-11  -1.67948E-11
  0.00000E+00   6.77536E-11  -1.66451E-11
  0.00000E+00   7.02089E-11  -1.65091E-11
  0.00000E+00   7.27370E-11  -1.63801E-11
  0.00000E+00   7.53300E-11  -1.62504E-11
  0.00000E+00   7.79791E-11  -1.61122E-11
  0.00000E+00   8.06749E-11  -1.59579E-11
  0.00000E+00   8.34072E-11  -1.57805E-11
  0.00000E+00   8.61652E-11  -1.55738E-11
  0.00000E+00   8.89373E-11  -1.53331E-11
  0.00000E+00   9.17110E-11  -1.50545E-11
  0.00000E+00   9.44723E-11  -1.47357E-11
  0.00000E+00   9.72056E-11  -1.43755E-11
  0.00000E+00   9.98934E-11  -1.39738E-11
  0.00000E+00   1.02516E-10  -1.35313E-11
  0.00000E+00   1.05050E-10  -1.30495E-11
  0.00000E+00   1.07473E-10  -1.25306E-11
  0.00000E+00   1.09758E-10  -1.19771E-11
  0.00000E+00   1.11878E-10  -1.13920E-11
  0.00000E+00   1.13805E-10  -1.07786E-11
  0.00000E+00   1.15512E-10  -1.01402E-11
  0.00000E+00   1.16973E-10  -9.48059E-12
  0.00000E+00   1.18164E-10  -8.80364E-12
  0.00000E+00   1.19065E-10  -8.11336E-12
  0.00000E+00   1.19659E-10  -7.41388E-12
  0.00000E+00   1.19934E-10  -6.70937E-12
  0.00000E+00   1.19879E-10  -6.00402E-12
  0.00000E+00   1.19492E-10  -5.30192E-12
  0.00000E+00   1.18774E-10  -4.60705E-12
  0.00000E+00   1.17728E-10  -3.92319E-12
  0.00000E+00   1.16364E-10  -3.25389E-12
  0.00000E+00   1.14695E-10  -2.60241E-12
  0.00000E+00   1.12736E-10  -1.97172E-12
  0.00000E+00   1.10508E-10  -1.36446E-12
  0.00000E+00   1.08031E-10  -7.82954E-13
  0.00000E+00   1.05331E-10  -2.29186E-13
  0.00000E+00   1.02435E-10   2.95180E-13
  0.00000E+00   9.93705E-11   7.88804E-13
  0.00000E+00   9.61688E-11   1.25066E-12
  0.00000E+00   9.28610E-11   1.68003E-12
  0.00000E+00   8.94790E-11   2.07650E-12
  0.00000E+00   8.60548E-11   2.43993E-12
  0.00000E+00   8.26197E-11   2.77050E-12
  0.00000E+00   7.92038E-11   3.06864E-12
  0.00000E+00   7.58355E-11   3.33506E-12
  0.00000E+00   7.25405E-11   3.57074E-12
  0.00000E+00   6.93418E-11   3.77695E-12
  0.00000E+00   6.62591E-11   3.95520E-12
  0.00000E+00   6.33089E-11   4.10732E-12
  0.00000E+00   6.05038E-11   4.23538E-12
  0.00000E+00   5.78534E-11   4.34173E-12
  0.00000E+00   5.53640E-11   4.42895E-12
  0.00000E+00   5.30390E-11   4.49985E-12
  0.00000E+00   5.08794E-11   4.55735E-12
  0.00000E+00   4.88842E-11   4.60446E-12
  0.00000E+00   4.70505E-11   4.64419E-12
  0.00000E+00   4.53741E-11   4.67943E-12
  0.00000E+00   4.38496E-11   4.71288E-12
  0.00000E+00   4.24706E-11   4.74691E-12
  0.00000E+00   4.12297E-11   4.78356E-12
  0.00000E+00   4.01191E-11   4.82441E-12
  0.00000E+00   3.91301E-11   4.87057E-12
  0.00000E+00   3.82536E-11   4.92273E-12
  0.00000E+00   3.74802E-11   4.98112E-12
  0.00000E+00   3.68002E-11   5.04563E-12
  0.00000E+00   3.62043E-11   5.11588E-12
  0.00000E+00   3.56836E-11   5.19131E-12
  0.00000E+00   3.52298E-11   5.27130E-12
  0.00000E+00   3.48358E-11   5.35529E-12
  0.00000E+00   3.44957E-11   5.44284E-12
  0.00000E+00   3.42051E-11   5.53375E-12
  0.00000E+00   3.39612E-11   5.62805E-12
  0.00000E+00   3.37628E-11   5.72607E-12
  0.00000E+00   3.36099E-11   5.82840E-12
  0.00000E+00   3.35038E-11   5.93585E-12
  0.00000E+00   3.34466E-11   6.04940E-12
  0.00000E+00   3.34411E-11   6.17011E-12
  0.00000E+00   3.34902E-11   6.29906E-12
  0.00000E+00   3.35964E-11   6.43720E-12
  0.00000E+00   3.37618E-11   6.58532E-12
  0.00000E+00   3.39879E-11   6.74396E-12
  0.00000E+00   3.42746E-11   6.91332E-12
  0.00000E+00   3.46212E-11   7.09324E-12
  0.00000E+00   3.50252E-11   7.28319E-12
  0.00000E+00   3.54829E-11   7.48223E-12
  0.00000E+00   3.59895E-11   7.68905E-12
  0.00000E+00   3.65389E-11   7.90197E-12
  0.00000E+00   3.71238E-11   8.11902E-12
  0.00000E+00   3.77363E-11   8.33793E-12
  0.00000E+00   3.83677E-11   8.55624E-12
  0.00000E+00   3.90088E-11   8.77132E-12
  0.00000E+00   3.96504E-11   8.98044E-12
  0.00000E+00   4.02831E-11   9.18084E-12
  0.00000E+00   4.08979E-11   9.36977E-12
  0.00000E+00   4.14861E-11   9.54454E-12
  0.00000E+00   4.20397E-11   9.70263E-12
  0.00000E+00   4.25513E-11   9.84164E-12
  0.00000E+00   4.30144E-11   9.95946E-12
  0.00000E+00   4.34232E-11   1.00542E-11
  0.00000E+00   4.37728E-11   1.01243E-11
  0.00000E+00   4.40593E-11   1.01685E-11
  0.00000E+00   4.42796E-11   1.01859E-11
  0.00000E+00   4.44316E-11   1.01759E-11
  0.00000E+00   4.45139E-11   1.01384E-11
  0.00000E+00   4.45260E-11   1.00735E-11
  0.00000E+00   4.44683E-11   9.98158E-12
  0.00000E+00   4.43419E-11   9.86338E-12
  0.00000E+00   4.41489E-11   9.71986E-12
  0.00000E+00   4.38920E-11   9.55220E-12
  0.00000E+00   4.35746E-11   9.36173E-12
  0.00000E+00   4.32009E-11   9.14992E-12
  0.00000E+00   4.27754E-11   8.91834E-12
  0.00000E+00   4.23031E-11   8.66862E-12
  0.00000E+00   4.17894E-11   8.40243E-12
  0.00000E+00   4.12397E-11   8.12144E-12
  0.00000E+00   4.06597E-11   7.82733E-12
  0.00000E+00   4.00547E-11   7.52173E-12
  0.00000E+00   3.94300E-11   7.20627E-12
  0.00000E+00   3.87907E-11   6.88248E-12
  0.00000E+00   3.81415E-11   6.55187E-12
  0.00000E+00   3.74869E-11   6.21584E-12
  0.00000E+00   3.68308E-11   5.87576E-12
  0.00000E+00   3.61769E-11   5.53286E-12
  0.00000E+00   3.55284E-11   5.18835E-12
  0.00000E+00   3.48882E-11   4.84332E-12
  0.00000E+00   3.42585E-11   4.49878E-12
  0.00000E+00   3.36413E-11   4.15567E-12
  0.00000E+00   3.30379E-11   3.81489E-12
  0.00000E+00   3.24493E-11   3.47722E-12
  0.00000E+00   3.18757E-11   3.14344E-12
  0.00000E+00   3.13171E-11   2.81424E-12
  0.00000E+00   3.07730E-11   2.49028E-12
  0.00000E+00   3.02424E-11   2.17217E-12
  0.00000E+00   2.97242E-11   1.86048E-12
  0.00000E+00   2.92171E-11   1.55575E-12
  0.00000E+00   2.87196E-11   1.25845E-12
  0.00000E+00   2.82307E-11   9.69035E-13
  0.00000E+00   2.77491E-11   6.87896E-13
  0.00000E+00   2.72744E-11   4.15390E-13
  0.00000E+00   2.68060E-11   1.51830E-13
  0.00000E+00   2.63441E-11  -1.02514E-13
  0.00000E+00   2.58891E-11  -3.47404E-13
  0.00000E+00   2.54418E-11  -5.82632E-13
  0.00000E+00   2.50033E-11  -8.08012E-13
  0.00000E+00   2.45749E-11  -1.02337E-12
  0.00000E+00   2.41580E-11  -1.22854E-12
  0.00000E+00   2.37538E-11  -1.42334E-12
  0.00000E+00   2.33635E-11  -1.60758E-12
  0.00000E+00   2.29882E-11  -1.78106E-12
  0.00000E+00   2.26285E-11  -1.94354E-12
  0.00000E+00   2.22850E-11  -2.09477E-12
  0.00000E+00   2.19578E-11  -2.23445E-12
  0.00000E+00   2.16468E-11  -2.36229E-12
  0.00000E+00   2.13518E-11  -2.47797E-12
  0.00000E+00   2.10722E-11  -2.58117E-12
  0.00000E+00   2.08076E-11  -2.67158E-12
  0.00000E+00   2.05574E-11  -2.74892E-12
  0.00000E+00   2.03211E-11  -2.81297E-12
  0.00000E+00   2.00984E-11  -2.86354E-12
  0.00000E+00   1.98889E-11  -2.90055E-12
  0.00000E+00   1.96925E-11  -2.92398E-12
  0.00000E+00   1.95095E-11  -2.93394E-12
  0.00000E+00   1.93400E-11  -2.93062E-12
  0.00000E+00   1.91846E-11  -2.91436E-12
  0.00000E+00   1.90437E-11  -2.88556E-12
  0.00000E+00   1.89179E-11  -2.84477E-12
  0.00000E+00   1.88079E-11  -2.79260E-12
  0.00000E+00   1.87143E-11  -2.72976E-12
  0.00000E+00   1.86377E-11  -2.65701E-12
  0.00000E+00   1.85783E-11  -2.57516E-12
  0.00000E+00   1.85364E-11  -2.48507E-12
  0.00000E+00   1.85119E-11  -2.38759E-12
  0.00000E+00   1.85048E-11  -2.28356E-12
  0.00000E+00   1.85144E-11  -2.17381E-12
  0.00000E+00   1.85399E-11  -2.05914E-12
  0.00000E+00   1.85805E-11  -1.94029E-12
  0.00000E+00   1.86348E-11  -1.81795E-12
  0.00000E+00   1.87014E-11  -1.69276E-12
  0.00000E+00   1.87786E-11  -1.56528E-12
  0.00000E+00   1.88644E-11  -1.43602E-12
  0.00000E+00   1.89571E-11  -1.30542E-12
  0.00000E+00   1.90544E-11  -1.17385E-12
  0.00000E+00   1.91543E-11  -1.04164E-12
  0.00000E+00   1.92548E-11  -9.09069E-13
  0.00000E+00   1.93537E-11  -7.76377E-13
  0.00000E+00   1.94493E-11  -6.43766E-13
  0.00000E+00   1.95397E-11  -5.11419E-13
  0.00000E+00   1.96235E-11  -3.79504E-13
  0.00000E+00   1.96991E-11  -2.48182E-13
  0.00000E+00   1.97655E-11  -1.17618E-13
  0.00000E+00   1.98218E-11   0.00000E+00
  0.00000E+00   1.98673E-11   1.40543E-13
  0.00000E+00   1.99015E-11   2.67751E-13
  0.00000E+00   1.99243E-11   3.93422E-13
  0.00000E+00   1.99354E-11   5.17309E-13
  0.00000E+00   1.99351E-11   6.39146E-13
  0.00000E+00   1.99235E-11   7.58645E-13
  0.00000E+00   1.99009E-11   8.75500E-13
  0.00000E+00   1.98677E-11   9.89386E-13
  0.00000E+00   1.98242E-11   1.09997E-12
  0.00000E+00   1.97708E-11   1.20690E-12
  0.00000E+00   1.97080E-11   1.30984E-12
  0.00000E+00   1.96361E-11   1.40844E-12
  0.00000E+00   1.95555E-11   1.50235E-12
  0.00000E+00   1.94666E-11   1.59125E-12
  0.00000E+00   1.93696E-11   1.67481E-12
  0.00000E+00   1.92648E-11   1.75274E-12
  0.00000E+00   1.91524E-11   1.82476E-12
  0.00000E+00   1.90328E-11   1.89064E-12
  0.00000E+00   1.89059E-11   1.95016E-12
  0.00000E+00   1.87720E-11   2.00315E-12
  0.00000E+00   1.86313E-11   2.04947E-12
  0.00000E+00   1.84838E-11   2.08904E-12
  0.00000E+00   1.83297E-11   2.12182E-12
  0.00000E+00   1.81691E-11   2.14783E-12
  0.00000E+00   1.80021E-11   2.16711E-12
  0.00000E+00   1.78289E-11   2.17981E-12
  0.00000E+00   1.76495E-11   2.18607E-12
  0.00000E+00   1.74643E-11   2.18612E-12
  0.00000E+00   1.72732E-11   2.18023E-12
  0.00000E+00   1.70766E-11   2.16870E-12
  0.00000E+00   1.68746E-11   2.15189E-12
  0.00000E+00   1.66676E-11   2.13018E-12
  0.00000E+00   1.64558E-11   2.10399E-12
  0.00000E+00   1.62396E-11   2.07373E-12
  0.00000E+00   1.60193E-11   2.03987E-12
  0.00000E+00   1.57954E-11   2.00287E-12
  0.00000E+00   1.55682E-11   1.96319E-12
  0.00000E+00   1.53383E-11   1.92130E-12
  0.00000E+00   1.51061E-11   1.87767E-12
  0.00000E+00   1.48722E-11   1.83274E-12
  0.00000E+00   1.46372E-11   1.78698E-12
  0.00000E+00   1.44015E-11   1.74081E-12
  0.00000E+00   1.41658E-11   1.69465E-12
  0.00000E+00   1.39305E-11   1.64892E-12
  0.00000E+00   1.36962E-11   1.60398E-12
  0.00000E+00   1.34634E-11   1.56021E-12
  0.00000E+00   1.32325E-11   1.51794E-12
  0.00000E+00   1.30038E-11   1.47747E-12
  0.00000E+00   1.27778E-11   1.43908E-12
  0.00000E+00   1.25548E-11   1.40300E-12
  0.00000E+00   1.23349E-11   1.36943E-12
  0.00000E+00   1.21184E-11   1.33853E-12
  0.00000E+00   1.19054E-11   1.31040E-12
  0.00000E+00   1.16961E-11   1.28511E-12
  0.00000E+00   1.14905E-11   1.26267E-12
  0.00000E+00   1.12886E-11   1.24304E-12
  0.00000E+00   1.10906E-11   1.22614E-12
  0.00000E+00   1.08964E-11   1.21183E-12
  0.00000E+00   1.07060E-11   1.19994E-12
  0.00000E+00   1.05194E-11   1.19026E-12
  0.00000E+00   1.03366E-11   1.18252E-12
  0.00000E+00   1.01576E-11   1.17646E-12
  0.00000E+00   9.98232E-12   1.17177E-12
  0.00000E+00   9.81079E-12   1.16811E-12
  0.00000E+00   9.64295E-12   1.16516E-12
  0.00000E+00   9.47876E-12   1.16259E-12
  0.00000E+00   9.31816E-12   1.16004E-12
  0.00000E+00   9.16111E-12   1.15719E-12
  0.00000E+00   9.00751E-12   1.15373E-12
  0.00000E+00   8.85731E-12   1.14934E-12
  0.00000E+00   8.71041E-12   1.14376E-12
  0.00000E+00   8.56672E-12   1.13672E-12
  0.00000E+00   8.42613E-12   1.12801E-12
  0.00000E+00   8.28855E-12   1.11741E-12
  0.00000E+00   8.15386E-12   1.10476E-12
  0.00000E+00   8.02196E-12   1.08991E-12
  0.00000E+00   7.89274E-12   1.07276E-12
  0.00000E+00   7.76613E-12   1.05322E-12
