  0.00000E+00   4.15427E-03  -8.55038E-05
  0.00000E+00   6.18817E-03  -1.52073E-04
  0.00000E+00   9.04939E-03  -2.11543E-04
  0.00000E+00   1.16055E-02  -2.66019E-04
  0.00000E+00   1.40640E-02  -3.12447E-04
  0.00000E+00   1.68879E-02  -3.38495E-04
  0.00000E+00   2.03738E-02  -3.47958E-04
  0.00000E+00   2.47929E-02  -3.45054E-04
  0.00000E+00   3.04456E-02  -3.35937E-04
  0.00000E+00   3.76855E-02  -3.25083E-04
  0.00000E+00   4.69239E-02  -3.15106E-04
  0.00000E+00   5.86495E-02  -3.06966E-04
  0.00000E+00   7.34377E-02  -2.96468E-04
  0.00000E+00   9.19397E-02  -2.76332E-04
  0.00000E+00   1.14989E-01  -2.37233E-04
  0.00000E+00   1.43470E-01  -1.64210E-04
  0.00000E+00   1.78446E-01  -4.84799E-05
  0.00000E+00   2.21103E-01   1.23802E-04
  0.00000E+00   2.72739E-01   3.54542E-04
  0.00000E+00   3.34793E-01   6.47123E-04
  0.00000E+00   4.08765E-01   9.96972E-04
  0.00000E+00   4.96250E-01   1.39790E-03
  0.00000E+00   5.98861E-01   1.84775E-03
  0.00000E+00   7.18193E-01   2.35037E-03
  0.00000E+00   8.55800E-01   2.92255E-03
  0.00000E+00   1.01317E+00   3.59927E-03
  0.00000E+00   1.19161E+00   4.44393E-03
  0.00000E+00   1.39231E+00   5.54930E-03
  0.00000E+00   1.61628E+00   7.04089E-03
  0.00000E+00   1.86431E+00   9.06097E-03
  0.00000E+00   2.13699E+00   1.17403E-02
  0.00000E+00   2.43487E+00   1.51692E-02
  0.00000E+00   2.75851E+00   1.93563E-02
  0.00000E+00   3.10852E+00   2.41975E-02
  0.00000E+00   3.48569E+00   2.94592E-02
  0.00000E+00   3.89092E+00   3.47835E-02
  0.00000E+00   4.32500E+00   3.97182E-02
  0.00000E+00   4.78823E+00   4.37585E-02
  0.00000E+00   5.28011E+00   4.63369E-02
  0.00000E+00   5.79910E+00   4.67985E-02
  0.00000E+00   6.34220E+00   4.43849E-02
  0.00000E+00   6.90438E+00   3.79819E-02
  0.00000E+00   7.47815E+00   2.55364E-02
  0.00000E+00   8.05399E+00   4.20891E-03
  0.00000E+00   8.62310E+00  -2.74555E-02
  0.00000E+00   9.18366E+00  -6.78985E-02
  0.00000E+00   9.74620E+00  -1.15451E-01
  0.00000E+00   1.03297E+01  -1.69452E-01
  0.00000E+00   1.09425E+01  -2.27455E-01
  0.00000E+00   1.15749E+01  -2.89250E-01
  0.00000E+00   1.22216E+01  -3.59980E-01
  0.00000E+00   1.28988E+01  -4.41534E-01
  0.00000E+00   1.36342E+01  -5.19054E-01
  0.00000E+00   1.44375E+01  -5.79762E-01
  0.00000E+00   1.53308E+01  -6.21422E-01
  0.00000E+00   1.63384E+01  -6.29637E-01
  0.00000E+00   1.74916E+01  -6.04525E-01
  0.00000E+00   1.88507E+01  -5.53053E-01
  0.00000E+00   2.03795E+01  -4.72534E-01
  0.00000E+00   2.20631E+01  -3.82342E-01
  0.00000E+00   2.38141E+01  -2.72232E-01
  0.00000E+00   2.54184E+01  -1.35680E-01
  0.00000E+00   2.65989E+01   5.94038E-03
  0.00000E+00   2.73643E+01   1.68995E-01
  0.00000E+00   2.77760E+01   3.86078E-01
  0.00000E+00   2.79416E+01   6.06447E-01
  0.00000E+00   2.82727E+01   7.21725E-01
  0.00000E+00   2.89109E+01   7.38993E-01
  0.00000E+00   2.94501E+01   6.22378E-01
  0.00000E+00   2.93892E+01   4.64578E-01
  0.00000E+00   2.88403E+01   2.94518E-01
  0.00000E+00   2.80839E+01   1.60728E-01
  0.00000E+00   2.73702E+01   1.68659E-01
  0.00000E+00   2.68076E+01   2.33659E-01
  0.00000E+00   2.65698E+01   1.46995E-01
  0.00000E+00   2.68041E+01   4.70705E-02
  0.00000E+00   2.73906E+01  -4.37411E-02
  0.00000E+00   2.81326E+01  -3.55146E-02
  0.00000E+00   2.89678E+01   6.73259E-02
  0.00000E+00   2.97063E+01   1.10959E-01
  0.00000E+00   3.02890E+01   1.65960E-01
  0.00000E+00   3.06883E+01   2.77076E-01
  0.00000E+00   3.12519E+01   3.20777E-01
  0.00000E+00   3.17784E+01   3.11238E-01
  0.00000E+00   3.20923E+01   2.47604E-01
  0.00000E+00   3.21892E+01   1.35056E-01
  0.00000E+00   3.24509E+01   3.51700E-02
  0.00000E+00   3.32185E+01   1.71071E-02
  0.00000E+00   3.44170E+01   8.56368E-02
  0.00000E+00   3.56517E+01   1.31046E-01
  0.00000E+00   3.66821E+01   1.70000E-01
  0.00000E+00   3.75760E+01   2.75901E-01
  0.00000E+00   3.83504E+01   4.20454E-01
  0.00000E+00   3.90574E+01   4.48966E-01
  0.00000E+00   3.96202E+01   3.54800E-01
  0.00000E+00   4.01467E+01   1.41569E-01
  0.00000E+00   4.05918E+01  -8.74760E-02
  0.00000E+00   4.08126E+01  -2.14972E-01
  0.00000E+00   4.07075E+01  -3.29545E-01
  0.00000E+00   4.05346E+01  -3.65086E-01
  0.00000E+00   4.05974E+01  -2.51410E-01
  0.00000E+00   4.10102E+01  -1.11770E-01
  0.00000E+00   4.16378E+01  -2.71328E-02
  0.00000E+00   4.24233E+01   4.45450E-02
  0.00000E+00   4.34329E+01   1.14290E-01
  0.00000E+00   4.46619E+01   2.46799E-01
  0.00000E+00   4.60659E+01   4.07406E-01
  0.00000E+00   4.74384E+01   5.95707E-01
  0.00000E+00   4.87835E+01   7.60276E-01
  0.00000E+00   4.98956E+01   8.67444E-01
  0.00000E+00   5.07467E+01   9.97402E-01
  0.00000E+00   5.14430E+01   1.17121E+00
  0.00000E+00   5.18975E+01   1.28977E+00
  0.00000E+00   5.19306E+01   1.34566E+00
  0.00000E+00   5.17232E+01   1.34140E+00
  0.00000E+00   5.15504E+01   1.16364E+00
  0.00000E+00   5.12053E+01   9.05615E-01
  0.00000E+00   5.06404E+01   6.62933E-01
  0.00000E+00   5.01704E+01   6.42132E-01
  0.00000E+00   5.00799E+01   7.00887E-01
  0.00000E+00   5.04781E+01   7.76701E-01
  0.00000E+00   5.11053E+01   8.60748E-01
  0.00000E+00   5.16064E+01   9.80877E-01
  0.00000E+00   5.20901E+01   1.07040E+00
  0.00000E+00   5.29706E+01   1.14221E+00
  0.00000E+00   5.39190E+01   1.28283E+00
  0.00000E+00   5.43775E+01   1.46315E+00
  0.00000E+00   5.40850E+01   1.67305E+00
  0.00000E+00   5.35221E+01   1.87670E+00
  0.00000E+00   5.31905E+01   2.04110E+00
  0.00000E+00   5.35083E+01   2.02439E+00
  0.00000E+00   5.44897E+01   1.93454E+00
  0.00000E+00   5.52177E+01   1.81127E+00
  0.00000E+00   5.54976E+01   1.54343E+00
  0.00000E+00   5.52366E+01   1.26427E+00
  0.00000E+00   5.45898E+01   1.08077E+00
  0.00000E+00   5.37125E+01   8.49377E-01
  0.00000E+00   5.34963E+01   6.76129E-01
  0.00000E+00   5.40039E+01   6.37899E-01
  0.00000E+00   5.48242E+01   6.39160E-01
  0.00000E+00   5.54917E+01   7.22766E-01
  0.00000E+00   5.56199E+01   8.69935E-01
  0.00000E+00   5.54880E+01   8.04380E-01
  0.00000E+00   5.55263E+01   6.21265E-01
  0.00000E+00   5.55962E+01   4.48911E-01
  0.00000E+00   5.58915E+01   1.86002E-01
  0.00000E+00   5.61403E+01  -7.18530E-02
  0.00000E+00   5.58949E+01  -3.09915E-01
  0.00000E+00   5.49172E+01  -5.06500E-01
  0.00000E+00   5.38667E+01  -5.35229E-01
  0.00000E+00   5.29870E+01  -4.99574E-01
  0.00000E+00   5.30373E+01  -4.67396E-01
  0.00000E+00   5.38691E+01  -4.24153E-01
  0.00000E+00   5.46694E+01  -3.54870E-01
  0.00000E+00   5.50593E+01  -2.00767E-01
  0.00000E+00   5.50088E+01   1.46695E-01
  0.00000E+00   5.49826E+01   4.64633E-01
  0.00000E+00   5.54516E+01   7.29026E-01
  0.00000E+00   5.60111E+01   1.01579E+00
  0.00000E+00   5.61946E+01   1.28138E+00
  0.00000E+00   5.65214E+01   1.35289E+00
  0.00000E+00   5.74505E+01   1.39259E+00
  0.00000E+00   5.90294E+01   1.54150E+00
  0.00000E+00   6.10445E+01   1.66935E+00
  0.00000E+00   6.29432E+01   1.68722E+00
  0.00000E+00   6.39405E+01   1.71501E+00
  0.00000E+00   6.37113E+01   1.72328E+00
  0.00000E+00   6.20386E+01   1.66632E+00
  0.00000E+00   5.92401E+01   1.49923E+00
  0.00000E+00   5.60086E+01   1.29255E+00
  0.00000E+00   5.30606E+01   1.14050E+00
  0.00000E+00   5.10694E+01   1.17006E+00
  0.00000E+00   5.03517E+01   1.19556E+00
  0.00000E+00   5.07176E+01   1.20572E+00
  0.00000E+00   5.16916E+01   1.25886E+00
  0.00000E+00   5.29789E+01   1.37372E+00
  0.00000E+00   5.37109E+01   1.42147E+00
  0.00000E+00   5.39394E+01   1.32225E+00
  0.00000E+00   5.37975E+01   1.11521E+00
  0.00000E+00   5.31063E+01   8.65588E-01
  0.00000E+00   5.21879E+01   7.74225E-01
  0.00000E+00   5.15206E+01   8.02660E-01
  0.00000E+00   5.13921E+01   9.30922E-01
  0.00000E+00   5.20918E+01   1.16410E+00
  0.00000E+00   5.32695E+01   1.27469E+00
  0.00000E+00   5.39818E+01   1.30890E+00
  0.00000E+00   5.37344E+01   1.33273E+00
  0.00000E+00   5.24811E+01   1.39750E+00
  0.00000E+00   5.09850E+01   1.44519E+00
  0.00000E+00   5.02959E+01   1.53437E+00
  0.00000E+00   5.05062E+01   1.57880E+00
  0.00000E+00   5.09009E+01   1.59764E+00
  0.00000E+00   5.11526E+01   1.52835E+00
  0.00000E+00   5.09619E+01   1.46790E+00
  0.00000E+00   5.03370E+01   1.39557E+00
  0.00000E+00   4.97796E+01   1.29510E+00
  0.00000E+00   4.97977E+01   1.21721E+00
  0.00000E+00   5.02371E+01   1.13831E+00
  0.00000E+00   5.03849E+01   1.12922E+00
  0.00000E+00   5.00701E+01   1.14304E+00
  0.00000E+00   4.95639E+01   1.16730E+00
  0.00000E+00   4.93553E+01   1.08799E+00
  0.00000E+00   4.94816E+01   8.05824E-01
  0.00000E+00   4.96445E+01   5.21828E-01
  0.00000E+00   4.98495E+01   3.04179E-01
  0.00000E+00   5.02142E+01   3.35546E-01
  0.00000E+00   5.09738E+01   4.75499E-01
  0.00000E+00   5.21115E+01   6.67139E-01
  0.00000E+00   5.37340E+01   6.92454E-01
  0.00000E+00   5.56885E+01   6.86107E-01
  0.00000E+00   5.78420E+01   6.58656E-01
  0.00000E+00   5.97799E+01   5.83684E-01
  0.00000E+00   6.10459E+01   4.00099E-01
  0.00000E+00   6.23108E+01   1.74160E-01
  0.00000E+00   6.39951E+01  -2.92784E-02
  0.00000E+00   6.58649E+01  -1.61586E-01
  0.00000E+00   6.77487E+01  -3.10169E-01
  0.00000E+00   6.97206E+01  -4.30991E-01
  0.00000E+00   7.14990E+01  -4.47508E-01
  0.00000E+00   7.32535E+01  -3.66840E-01
  0.00000E+00   7.52162E+01  -3.57060E-01
  0.00000E+00   7.70957E+01  -4.04328E-01
  0.00000E+00   7.86340E+01  -4.25271E-01
  0.00000E+00   7.90320E+01  -3.28112E-01
  0.00000E+00   7.78135E+01  -2.77586E-01
  0.00000E+00   7.57031E+01  -2.49688E-01
  0.00000E+00   7.32877E+01  -1.00672E-01
  0.00000E+00   7.10055E+01   1.25337E-01
  0.00000E+00   6.89407E+01   3.84605E-01
  0.00000E+00   6.69893E+01   7.22424E-01
  0.00000E+00   6.54895E+01   1.09808E+00
  0.00000E+00   6.50133E+01   1.26714E+00
  0.00000E+00   6.57125E+01   1.19425E+00
  0.00000E+00   6.70628E+01   1.09638E+00
  0.00000E+00   6.81534E+01   1.07101E+00
  0.00000E+00   6.79264E+01   1.09926E+00
  0.00000E+00   6.67965E+01   1.04920E+00
  0.00000E+00   6.58365E+01   1.11582E+00
  0.00000E+00   6.50895E+01   1.21882E+00
  0.00000E+00   6.47232E+01   1.25474E+00
  0.00000E+00   6.52122E+01   1.40118E+00
  0.00000E+00   6.56067E+01   1.52456E+00
  0.00000E+00   6.49208E+01   1.65090E+00
  0.00000E+00   6.35720E+01   1.73024E+00
  0.00000E+00   6.16100E+01   1.77262E+00
  0.00000E+00   5.95293E+01   1.75683E+00
  0.00000E+00   5.76054E+01   1.49378E+00
  0.00000E+00   5.67129E+01   1.14481E+00
  0.00000E+00   5.73557E+01   7.90151E-01
  0.00000E+00   5.91131E+01   5.50124E-01
  0.00000E+00   6.14854E+01   4.00720E-01
  0.00000E+00   6.38101E+01   2.35576E-01
  0.00000E+00   6.55782E+01  -9.81792E-02
  0.00000E+00   6.66967E+01  -4.64416E-01
  0.00000E+00   6.73615E+01  -7.35421E-01
  0.00000E+00   6.81768E+01  -1.04763E+00
  0.00000E+00   6.96340E+01  -1.38283E+00
  0.00000E+00   7.17610E+01  -1.69679E+00
  0.00000E+00   7.41877E+01  -2.02414E+00
  0.00000E+00   7.62954E+01  -2.29970E+00
  0.00000E+00   7.77973E+01  -2.38312E+00
  0.00000E+00   7.86040E+01  -2.35493E+00
  0.00000E+00   7.88438E+01  -2.22097E+00
  0.00000E+00   7.82895E+01  -2.14047E+00
  0.00000E+00   7.74938E+01  -2.01507E+00
  0.00000E+00   7.71322E+01  -1.86654E+00
  0.00000E+00   7.70434E+01  -1.80700E+00
  0.00000E+00   7.63143E+01  -1.78599E+00
  0.00000E+00   7.48728E+01  -1.79751E+00
  0.00000E+00   7.38956E+01  -1.76044E+00
  0.00000E+00   7.37791E+01  -1.66039E+00
  0.00000E+00   7.46018E+01  -1.48263E+00
  0.00000E+00   7.60264E+01  -1.22985E+00
  0.00000E+00   7.79231E+01  -9.66013E-01
  0.00000E+00   8.01814E+01  -6.95146E-01
  0.00000E+00   8.20662E+01  -5.41957E-01
  0.00000E+00   8.33575E+01  -5.55100E-01
  0.00000E+00   8.41426E+01  -6.88478E-01
  0.00000E+00   8.43936E+01  -8.16244E-01
  0.00000E+00   8.42509E+01  -8.49217E-01
  0.00000E+00   8.44580E+01  -7.93450E-01
  0.00000E+00   8.52879E+01  -8.29214E-01
  0.00000E+00   8.64553E+01  -9.36904E-01
  0.00000E+00   8.71338E+01  -9.17947E-01
  0.00000E+00   8.64086E+01  -8.00316E-01
  0.00000E+00   8.48769E+01  -7.19382E-01
  0.00000E+00   8.33437E+01  -5.60551E-01
  0.00000E+00   8.25102E+01  -5.02673E-01
  0.00000E+00   8.26793E+01  -4.76489E-01
  0.00000E+00   8.33205E+01  -3.57249E-01
  0.00000E+00   8.40645E+01  -1.97271E-01
  0.00000E+00   8.36589E+01  -9.97001E-02
  0.00000E+00   8.27410E+01  -1.95726E-01
  0.00000E+00   8.14429E+01  -2.64308E-01
  0.00000E+00   8.02144E+01  -1.57459E-01
  0.00000E+00   7.97010E+01   2.53968E-02
  0.00000E+00   7.95411E+01   1.33502E-01
  0.00000E+00   7.99406E+01   2.88047E-01
  0.00000E+00   8.04179E+01   4.95081E-01
  0.00000E+00   8.10245E+01   7.29931E-01
  0.00000E+00   8.10532E+01   9.97538E-01
  0.00000E+00   8.05252E+01   1.08701E+00
  0.00000E+00   8.01472E+01   1.03077E+00
  0.00000E+00   8.06804E+01   8.82385E-01
  0.00000E+00   8.21659E+01   8.79244E-01
  0.00000E+00   8.44615E+01   9.17055E-01
  0.00000E+00   8.67611E+01   1.01335E+00
  0.00000E+00   8.76084E+01   8.99997E-01
  0.00000E+00   8.67344E+01   3.36073E-01
  0.00000E+00   8.54038E+01  -2.14295E-01
  0.00000E+00   8.44888E+01  -6.51906E-01
  0.00000E+00   8.42947E+01  -9.52433E-01
  0.00000E+00   8.45341E+01  -1.19851E+00
  0.00000E+00   8.55550E+01  -1.39081E+00
  0.00000E+00   8.68968E+01  -1.55466E+00
  0.00000E+00   8.84881E+01  -1.65000E+00
  0.00000E+00   9.00703E+01  -1.55085E+00
  0.00000E+00   9.12938E+01  -1.50450E+00
  0.00000E+00   9.18178E+01  -1.47181E+00
  0.00000E+00   9.15283E+01  -1.52395E+00
  0.00000E+00   9.01361E+01  -1.74812E+00
  0.00000E+00   8.78876E+01  -2.04433E+00
  0.00000E+00   8.57723E+01  -2.26991E+00
  0.00000E+00   8.50992E+01  -2.31453E+00
  0.00000E+00   8.59664E+01  -2.14524E+00
  0.00000E+00   8.69314E+01  -2.03261E+00
  0.00000E+00   8.71314E+01  -2.03927E+00
  0.00000E+00   8.59898E+01  -1.95375E+00
  0.00000E+00   8.27443E+01  -1.86872E+00
  0.00000E+00   7.75348E+01  -1.62047E+00
  0.00000E+00   7.16121E+01  -1.34029E+00
  0.00000E+00   6.66352E+01  -1.16171E+00
  0.00000E+00   6.35852E+01  -1.08414E+00
  0.00000E+00   6.28517E+01  -9.57998E-01
  0.00000E+00   6.43799E+01  -8.62167E-01
  0.00000E+00   6.63959E+01  -8.57925E-01
  0.00000E+00   6.69701E+01  -8.11048E-01
  0.00000E+00   6.52138E+01  -6.36191E-01
  0.00000E+00   6.33351E+01  -4.77970E-01
  0.00000E+00   6.23019E+01  -5.03412E-01
  0.00000E+00   6.23144E+01  -6.80656E-01
  0.00000E+00   6.31987E+01  -6.82719E-01
  0.00000E+00   6.44384E+01  -6.91946E-01
  0.00000E+00   6.57385E+01  -6.64637E-01
  0.00000E+00   6.60726E+01  -7.11957E-01
  0.00000E+00   6.48433E+01  -8.96771E-01
  0.00000E+00   6.31648E+01  -1.07745E+00
  0.00000E+00   6.21721E+01  -1.16664E+00
  0.00000E+00   6.21154E+01  -1.30429E+00
  0.00000E+00   6.26866E+01  -1.28750E+00
  0.00000E+00   6.38176E+01  -1.33387E+00
  0.00000E+00   6.53882E+01  -1.40294E+00
  0.00000E+00   6.71739E+01  -1.44726E+00
  0.00000E+00   6.94403E+01  -1.41876E+00
  0.00000E+00   7.17124E+01  -1.34986E+00
  0.00000E+00   7.32471E+01  -1.12869E+00
  0.00000E+00   7.40123E+01  -1.01036E+00
  0.00000E+00   7.39232E+01  -1.03500E+00
  0.00000E+00   7.30505E+01  -1.04017E+00
  0.00000E+00   7.19654E+01  -1.05751E+00
  0.00000E+00   7.10198E+01  -1.14882E+00
  0.00000E+00   7.04616E+01  -1.09181E+00
  0.00000E+00   7.01111E+01  -1.05802E+00
  0.00000E+00   6.98565E+01  -9.04218E-01
  0.00000E+00   6.95064E+01  -8.40384E-01
  0.00000E+00   6.92981E+01  -9.27243E-01
  0.00000E+00   6.96141E+01  -9.88918E-01
  0.00000E+00   7.00182E+01  -9.79865E-01
  0.00000E+00   7.05286E+01  -1.00860E+00
  0.00000E+00   7.15500E+01  -1.05153E+00
  0.00000E+00   7.34381E+01  -1.11417E+00
  0.00000E+00   7.57309E+01  -1.23037E+00
  0.00000E+00   7.73903E+01  -1.28199E+00
  0.00000E+00   7.73093E+01  -1.23708E+00
  0.00000E+00   7.56723E+01  -1.21484E+00
  0.00000E+00   7.33526E+01  -1.19029E+00
  0.00000E+00   7.15690E+01  -1.11905E+00
  0.00000E+00   7.12001E+01  -1.10441E+00
  0.00000E+00   7.22882E+01  -1.12521E+00
  0.00000E+00   7.39748E+01  -1.17572E+00
  0.00000E+00   7.54181E+01  -1.20523E+00
  0.00000E+00   7.65438E+01  -1.34426E+00
  0.00000E+00   7.71996E+01  -1.39398E+00
  0.00000E+00   7.78664E+01  -1.64165E+00
  0.00000E+00   7.93890E+01  -1.98355E+00
  0.00000E+00   8.18726E+01  -2.37823E+00
  0.00000E+00   8.48074E+01  -2.78485E+00
  0.00000E+00   8.73295E+01  -3.16769E+00
  0.00000E+00   8.89184E+01  -3.53721E+00
  0.00000E+00   8.99443E+01  -3.69550E+00
  0.00000E+00   9.08282E+01  -3.78507E+00
  0.00000E+00   9.16356E+01  -3.96547E+00
  0.00000E+00   9.18607E+01  -4.23520E+00
  0.00000E+00   9.21128E+01  -4.31547E+00
  0.00000E+00   9.27274E+01  -4.10018E+00
  0.00000E+00   9.36500E+01  -3.94331E+00
  0.00000E+00   9.51573E+01  -3.86307E+00
  0.00000E+00   9.69044E+01  -3.77347E+00
  0.00000E+00   9.85249E+01  -3.54701E+00
  0.00000E+00   1.00194E+02  -3.35975E+00
  0.00000E+00   1.02459E+02  -3.17924E+00
  0.00000E+00   1.05687E+02  -3.15446E+00
  0.00000E+00   1.09391E+02  -3.18372E+00
  0.00000E+00   1.12013E+02  -3.27818E+00
  0.00000E+00   1.12423E+02  -3.19957E+00
  0.00000E+00   1.11193E+02  -2.88469E+00
  0.00000E+00   1.09512E+02  -2.44248E+00
  0.00000E+00   1.07931E+02  -2.17010E+00
  0.00000E+00   1.06527E+02  -2.10241E+00
  0.00000E+00   1.04740E+02  -1.99399E+00
  0.00000E+00   1.02381E+02  -1.51406E+00
  0.00000E+00   9.94612E+01  -1.07760E+00
  0.00000E+00   9.64488E+01  -6.35349E-01
  0.00000E+00   9.42006E+01  -1.34667E-01
  0.00000E+00   9.24111E+01   2.01843E-01
  0.00000E+00   9.14776E+01   3.23338E-01
  0.00000E+00   9.18326E+01   4.25820E-01
  0.00000E+00   9.28200E+01   6.20892E-01
  0.00000E+00   9.39190E+01   7.56693E-01
  0.00000E+00   9.52211E+01   1.08951E+00
  0.00000E+00   9.66946E+01   1.22094E+00
  0.00000E+00   9.80721E+01   1.25385E+00
  0.00000E+00   9.84782E+01   1.19117E+00
  0.00000E+00   9.82496E+01   1.04471E+00
  0.00000E+00   9.77212E+01   9.12039E-01
  0.00000E+00   9.69515E+01   7.55796E-01
  0.00000E+00   9.61599E+01   6.24872E-01
  0.00000E+00   9.56268E+01   5.19091E-01
  0.00000E+00   9.45598E+01   5.79238E-01
  0.00000E+00   9.21824E+01   7.84422E-01
  0.00000E+00   8.85133E+01   7.84611E-01
  0.00000E+00   8.49540E+01   8.83369E-01
  0.00000E+00   8.35184E+01   1.06699E+00
  0.00000E+00   8.40235E+01   1.01362E+00
  0.00000E+00   8.53509E+01   8.87884E-01
  0.00000E+00   8.62402E+01   9.71563E-01
  0.00000E+00   8.54789E+01   1.16186E+00
  0.00000E+00   8.27123E+01   1.31063E+00
  0.00000E+00   7.88052E+01   1.47046E+00
  0.00000E+00   7.65053E+01   1.67967E+00
  0.00000E+00   7.68559E+01   1.67443E+00
  0.00000E+00   7.84760E+01   1.60830E+00
  0.00000E+00   8.04469E+01   1.50719E+00
  0.00000E+00   8.15169E+01   1.46956E+00
  0.00000E+00   8.11052E+01   1.57365E+00
  0.00000E+00   7.96679E+01   1.61150E+00
  0.00000E+00   7.80065E+01   1.58260E+00
  0.00000E+00   7.66237E+01   1.35534E+00
  0.00000E+00   7.55094E+01   9.81135E-01
  0.00000E+00   7.42211E+01   7.52896E-01
  0.00000E+00   7.24860E+01   4.69149E-01
  0.00000E+00   7.05152E+01   3.75894E-01
  0.00000E+00   6.85974E+01   3.80085E-01
  0.00000E+00   6.74173E+01   5.98151E-01
  0.00000E+00   6.68582E+01   9.30726E-01
  0.00000E+00   6.68719E+01   1.15833E+00
  0.00000E+00   6.70085E+01   1.26717E+00
  0.00000E+00   6.69746E+01   1.29282E+00
  0.00000E+00   6.62643E+01   1.35169E+00
  0.00000E+00   6.52143E+01   1.28127E+00
  0.00000E+00   6.47623E+01   1.12786E+00
  0.00000E+00   6.46704E+01   1.06290E+00
  0.00000E+00   6.43033E+01   9.70733E-01
  0.00000E+00   6.34027E+01   8.62511E-01
  0.00000E+00   6.18004E+01   7.57524E-01
  0.00000E+00   5.96621E+01   5.52117E-01
  0.00000E+00   5.78127E+01   1.77472E-01
  0.00000E+00   5.68275E+01   5.38367E-02
  0.00000E+00   5.66556E+01   3.36531E-02
  0.00000E+00   5.68884E+01   7.52135E-02
  0.00000E+00   5.72395E+01  -4.30458E-02
  0.00000E+00   5.74908E+01  -2.83541E-01
  0.00000E+00   5.74491E+01  -4.05603E-01
  0.00000E+00   5.68381E+01  -4.29731E-01
  0.00000E+00   5.62312E+01  -5.12550E-01
  0.00000E+00   5.60502E+01  -5.20155E-01
  0.00000E+00   5.58732E+01  -4.95917E-01
  0.00000E+00   5.58439E+01  -3.02214E-01
  0.00000E+00   5.64339E+01  -3.68957E-02
  0.00000E+00   5.74761E+01   1.02943E-01
  0.00000E+00   5.81269E+01   3.06676E-01
  0.00000E+00   5.81644E+01   5.43728E-01
  0.00000E+00   5.79658E+01   7.26306E-01
  0.00000E+00   5.78744E+01   7.94613E-01
  0.00000E+00   5.83278E+01   8.58127E-01
  0.00000E+00   5.93734E+01   8.97929E-01
  0.00000E+00   6.03637E+01   7.68315E-01
  0.00000E+00   6.06726E+01   6.85841E-01
  0.00000E+00   5.97878E+01   7.21661E-01
  0.00000E+00   5.82385E+01   8.05717E-01
  0.00000E+00   5.74235E+01   7.88007E-01
  0.00000E+00   5.76182E+01   7.14175E-01
  0.00000E+00   5.79833E+01   5.99106E-01
  0.00000E+00   5.79608E+01   4.14524E-01
  0.00000E+00   5.72620E+01   4.23209E-02
  0.00000E+00   5.67021E+01  -4.25032E-01
  0.00000E+00   5.67928E+01  -7.78888E-01
  0.00000E+00   5.74204E+01  -1.07374E+00
  0.00000E+00   5.85953E+01  -1.27880E+00
  0.00000E+00   5.99154E+01  -1.30519E+00
  0.00000E+00   6.08668E+01  -1.29904E+00
  0.00000E+00   6.12236E+01  -1.30336E+00
  0.00000E+00   6.06268E+01  -1.27184E+00
  0.00000E+00   5.93814E+01  -1.36689E+00
  0.00000E+00   5.86734E+01  -1.54690E+00
  0.00000E+00   5.89428E+01  -1.54858E+00
  0.00000E+00   5.99838E+01  -1.45989E+00
  0.00000E+00   6.10929E+01  -1.31825E+00
  0.00000E+00   6.16356E+01  -1.19641E+00
  0.00000E+00   6.13215E+01  -1.20321E+00
  0.00000E+00   6.04902E+01  -1.21445E+00
  0.00000E+00   5.97116E+01  -1.34246E+00
  0.00000E+00   5.90333E+01  -1.33637E+00
  0.00000E+00   5.85413E+01  -1.30560E+00
  0.00000E+00   5.86737E+01  -1.31682E+00
  0.00000E+00   5.91350E+01  -1.24941E+00
  0.00000E+00   5.94849E+01  -1.14021E+00
  0.00000E+00   5.99685E+01  -1.19823E+00
  0.00000E+00   6.11858E+01  -1.41167E+00
  0.00000E+00   6.31635E+01  -1.49762E+00
  0.00000E+00   6.54187E+01  -1.47071E+00
  0.00000E+00   6.71924E+01  -1.41896E+00
  0.00000E+00   6.77907E+01  -1.40911E+00
  0.00000E+00   6.74058E+01  -1.44503E+00
  0.00000E+00   6.64893E+01  -1.46116E+00
  0.00000E+00   6.54077E+01  -1.41073E+00
  0.00000E+00   6.50700E+01  -1.30037E+00
  0.00000E+00   6.60114E+01  -1.11768E+00
  0.00000E+00   6.76938E+01  -1.03228E+00
  0.00000E+00   6.94366E+01  -1.06168E+00
  0.00000E+00   7.06347E+01  -1.03413E+00
  0.00000E+00   7.10234E+01  -9.60485E-01
  0.00000E+00   7.12166E+01  -8.43847E-01
  0.00000E+00   7.17997E+01  -7.07194E-01
  0.00000E+00   7.27604E+01  -5.88992E-01
  0.00000E+00   7.36858E+01  -4.84176E-01
  0.00000E+00   7.43343E+01  -4.23195E-01
  0.00000E+00   7.47225E+01  -3.61023E-01
  0.00000E+00   7.49132E+01  -2.77110E-01
  0.00000E+00   7.54938E+01  -2.52937E-01
  0.00000E+00   7.69672E+01  -2.36947E-01
  0.00000E+00   7.93056E+01  -1.46119E-01
  0.00000E+00   8.19016E+01  -1.93439E-01
  0.00000E+00   8.36318E+01  -2.17022E-01
  0.00000E+00   8.42944E+01  -2.95294E-01
  0.00000E+00   8.46351E+01  -4.64557E-01
  0.00000E+00   8.49815E+01  -5.65936E-01
  0.00000E+00   8.51823E+01  -6.75196E-01
  0.00000E+00   8.50934E+01  -7.55347E-01
  0.00000E+00   8.51202E+01  -8.01242E-01
  0.00000E+00   8.48697E+01  -6.94341E-01
  0.00000E+00   8.37633E+01  -7.71513E-01
  0.00000E+00   8.25110E+01  -8.97043E-01
  0.00000E+00   8.13540E+01  -1.11962E+00
  0.00000E+00   8.05440E+01  -1.21032E+00
  0.00000E+00   7.99113E+01  -1.16022E+00
  0.00000E+00   7.76414E+01  -1.00809E+00
  0.00000E+00   7.42336E+01  -7.73212E-01
  0.00000E+00   7.03021E+01  -4.44086E-01
  0.00000E+00   6.72239E+01  -3.37568E-01
  0.00000E+00   6.59209E+01  -5.38688E-01
  0.00000E+00   6.69304E+01  -7.41075E-01
  0.00000E+00   6.84481E+01  -8.16107E-01
  0.00000E+00   6.82121E+01  -6.91960E-01
  0.00000E+00   6.70627E+01  -6.07034E-01
  0.00000E+00   6.61826E+01  -5.16553E-01
  0.00000E+00   6.49014E+01  -4.57562E-01
  0.00000E+00   6.34349E+01  -5.00052E-01
  0.00000E+00   6.20072E+01  -6.84632E-01
  0.00000E+00   6.04948E+01  -8.13858E-01
  0.00000E+00   5.86758E+01  -1.13711E+00
  0.00000E+00   5.71510E+01  -1.36585E+00
  0.00000E+00   5.63005E+01  -1.60595E+00
  0.00000E+00   5.60836E+01  -1.71029E+00
  0.00000E+00   5.64414E+01  -1.83858E+00
  0.00000E+00   5.71472E+01  -1.90516E+00
  0.00000E+00   5.76768E+01  -1.87067E+00
  0.00000E+00   5.77914E+01  -1.65032E+00
  0.00000E+00   5.73159E+01  -1.42796E+00
  0.00000E+00   5.68928E+01  -1.37309E+00
  0.00000E+00   5.67328E+01  -1.35896E+00
  0.00000E+00   5.64010E+01  -1.39406E+00
  0.00000E+00   5.58172E+01  -1.35519E+00
  0.00000E+00   5.54385E+01  -1.21079E+00
  0.00000E+00   5.55958E+01  -9.68262E-01
  0.00000E+00   5.63611E+01  -7.73398E-01
  0.00000E+00   5.77428E+01  -6.56037E-01
  0.00000E+00   5.92910E+01  -4.68369E-01
  0.00000E+00   6.03641E+01  -2.41076E-01
  0.00000E+00   6.08539E+01   2.63304E-02
  0.00000E+00   6.03502E+01   2.61260E-01
  0.00000E+00   5.95407E+01   4.32579E-01
  0.00000E+00   5.88995E+01   5.75668E-01
  0.00000E+00   5.86815E+01   7.80777E-01
  0.00000E+00   5.87821E+01   1.01832E+00
  0.00000E+00   5.91422E+01   1.20249E+00
  0.00000E+00   6.01053E+01   1.51805E+00
  0.00000E+00   6.14493E+01   1.72399E+00
  0.00000E+00   6.28061E+01   1.87346E+00
  0.00000E+00   6.38725E+01   1.86297E+00
  0.00000E+00   6.39117E+01   1.79497E+00
  0.00000E+00   6.29398E+01   1.59517E+00
  0.00000E+00   6.20551E+01   1.34254E+00
  0.00000E+00   6.17058E+01   1.03223E+00
  0.00000E+00   6.15397E+01   8.37440E-01
  0.00000E+00   6.13575E+01   6.75229E-01
  0.00000E+00   6.14607E+01   4.68805E-01
  0.00000E+00   6.15717E+01   1.70417E-01
  0.00000E+00   6.15647E+01  -7.22968E-02
  0.00000E+00   6.11496E+01  -4.38552E-01
  0.00000E+00   6.06616E+01  -7.43492E-01
  0.00000E+00   5.99758E+01  -8.93557E-01
  0.00000E+00   5.92846E+01  -1.01379E+00
  0.00000E+00   5.88043E+01  -1.25854E+00
  0.00000E+00   5.84094E+01  -1.50815E+00
  0.00000E+00   5.82529E+01  -1.57241E+00
  0.00000E+00   5.79896E+01  -1.64238E+00
  0.00000E+00   5.76926E+01  -1.74635E+00
  0.00000E+00   5.71825E+01  -1.78883E+00
  0.00000E+00   5.59811E+01  -1.76628E+00
  0.00000E+00   5.46610E+01  -1.84761E+00
  0.00000E+00   5.38800E+01  -1.84633E+00
  0.00000E+00   5.38462E+01  -1.70500E+00
  0.00000E+00   5.42361E+01  -1.61989E+00
  0.00000E+00   5.50716E+01  -1.65017E+00
  0.00000E+00   5.59706E+01  -1.73355E+00
  0.00000E+00   5.69859E+01  -1.84480E+00
  0.00000E+00   5.79022E+01  -1.89922E+00
  0.00000E+00   5.84269E+01  -1.94660E+00
  0.00000E+00   5.88310E+01  -1.94544E+00
  0.00000E+00   5.90815E+01  -1.96684E+00
  0.00000E+00   5.88596E+01  -1.97652E+00
  0.00000E+00   5.83827E+01  -1.85152E+00
  0.00000E+00   5.78004E+01  -1.80956E+00
  0.00000E+00   5.71746E+01  -1.87847E+00
  0.00000E+00   5.68233E+01  -1.93108E+00
  0.00000E+00   5.71535E+01  -2.03687E+00
  0.00000E+00   5.78160E+01  -2.12494E+00
  0.00000E+00   5.80976E+01  -2.24429E+00
  0.00000E+00   5.75618E+01  -2.49702E+00
  0.00000E+00   5.68681E+01  -2.75464E+00
  0.00000E+00   5.61995E+01  -2.87304E+00
  0.00000E+00   5.56998E+01  -2.87414E+00
  0.00000E+00   5.51956E+01  -2.68102E+00
  0.00000E+00   5.44901E+01  -2.47628E+00
  0.00000E+00   5.35795E+01  -2.28289E+00
  0.00000E+00   5.22957E+01  -2.17759E+00
  0.00000E+00   5.12917E+01  -2.10320E+00
  0.00000E+00   5.10351E+01  -2.08575E+00
  0.00000E+00   5.11054E+01  -2.15937E+00
  0.00000E+00   5.08984E+01  -2.06674E+00
  0.00000E+00   5.07111E+01  -1.96534E+00
  0.00000E+00   5.01663E+01  -1.73054E+00
  0.00000E+00   4.91244E+01  -1.52458E+00
  0.00000E+00   4.81725E+01  -1.37346E+00
  0.00000E+00   4.78854E+01  -1.27414E+00
  0.00000E+00   4.84539E+01  -1.22016E+00
  0.00000E+00   4.96025E+01  -1.12215E+00
  0.00000E+00   5.04934E+01  -9.38298E-01
  0.00000E+00   5.07192E+01  -6.58115E-01
  0.00000E+00   5.06418E+01  -4.92458E-01
  0.00000E+00   5.02608E+01  -3.52871E-01
  0.00000E+00   4.97185E+01  -2.03416E-01
  0.00000E+00   5.00043E+01  -1.03272E-01
  0.00000E+00   5.11613E+01  -1.25413E-01
  0.00000E+00   5.24877E+01  -2.05607E-01
  0.00000E+00   5.34643E+01  -2.00415E-01
  0.00000E+00   5.39803E+01  -1.78548E-01
  0.00000E+00   5.40013E+01  -1.70897E-01
  0.00000E+00   5.40122E+01  -1.91421E-01
  0.00000E+00   5.44685E+01  -2.96114E-01
  0.00000E+00   5.55226E+01  -3.83194E-01
  0.00000E+00   5.69831E+01  -4.05217E-01
  0.00000E+00   5.80962E+01  -2.96289E-01
  0.00000E+00   5.85368E+01  -1.86144E-01
  0.00000E+00   5.82750E+01  -5.40338E-02
  0.00000E+00   5.75233E+01   2.06253E-01
  0.00000E+00   5.66943E+01   2.98779E-01
  0.00000E+00   5.55403E+01   1.52421E-01
  0.00000E+00   5.49279E+01  -1.39629E-01
  0.00000E+00   5.47379E+01  -5.01874E-01
  0.00000E+00   5.47304E+01  -6.91830E-01
  0.00000E+00   5.47004E+01  -7.75583E-01
  0.00000E+00   5.49282E+01  -6.83378E-01
  0.00000E+00   5.58455E+01  -7.16572E-01
  0.00000E+00   5.74185E+01  -8.98398E-01
  0.00000E+00   5.90318E+01  -1.04471E+00
  0.00000E+00   5.97589E+01  -1.17001E+00
  0.00000E+00   5.90400E+01  -1.28598E+00
  0.00000E+00   5.65028E+01  -1.25133E+00
  0.00000E+00   5.28539E+01  -1.09008E+00
  0.00000E+00   4.98043E+01  -8.04086E-01
  0.00000E+00   4.85418E+01  -5.80357E-01
  0.00000E+00   4.85837E+01  -2.21160E-01
  0.00000E+00   4.91756E+01   3.28629E-02
  0.00000E+00   4.99923E+01   1.44819E-01
  0.00000E+00   5.01467E+01   1.88203E-01
  0.00000E+00   4.95116E+01   2.68836E-01
  0.00000E+00   4.87609E+01   5.09721E-01
  0.00000E+00   4.85493E+01   7.45092E-01
  0.00000E+00   4.93233E+01   1.05454E+00
  0.00000E+00   5.07970E+01   1.26565E+00
  0.00000E+00   5.24344E+01   1.38204E+00
  0.00000E+00   5.44892E+01   1.54737E+00
  0.00000E+00   5.68065E+01   1.60462E+00
  0.00000E+00   5.88312E+01   1.66795E+00
  0.00000E+00   6.05054E+01   1.64098E+00
  0.00000E+00   6.19282E+01   1.56652E+00
  0.00000E+00   6.32352E+01   1.60391E+00
  0.00000E+00   6.46705E+01   1.62603E+00
  0.00000E+00   6.63599E+01   1.68062E+00
  0.00000E+00   6.82897E+01   1.70796E+00
  0.00000E+00   7.02709E+01   1.59462E+00
  0.00000E+00   7.17312E+01   1.50663E+00
  0.00000E+00   7.24639E+01   1.53207E+00
  0.00000E+00   7.35457E+01   1.55241E+00
  0.00000E+00   7.46590E+01   1.53845E+00
  0.00000E+00   7.57702E+01   1.55224E+00
  0.00000E+00   7.67731E+01   1.59188E+00
  0.00000E+00   7.68734E+01   1.62263E+00
  0.00000E+00   7.54278E+01   1.64588E+00
  0.00000E+00   7.31421E+01   1.64742E+00
  0.00000E+00   7.13523E+01   1.53052E+00
  0.00000E+00   7.05746E+01   1.41409E+00
  0.00000E+00   7.03497E+01   1.28365E+00
  0.00000E+00   6.95493E+01   1.04006E+00
  0.00000E+00   6.78418E+01   8.31396E-01
  0.00000E+00   6.54505E+01   7.22308E-01
  0.00000E+00   6.28166E+01   7.14144E-01
  0.00000E+00   6.11660E+01   7.00063E-01
  0.00000E+00   6.10309E+01   5.26910E-01
  0.00000E+00   6.23138E+01   4.87552E-01
  0.00000E+00   6.42469E+01   3.52372E-01
  0.00000E+00   6.58121E+01   1.40357E-01
  0.00000E+00   6.69278E+01   1.79449E-02
  0.00000E+00   6.77858E+01  -8.30711E-02
  0.00000E+00   6.84452E+01  -7.29041E-02
  0.00000E+00   6.85251E+01  -4.12687E-02
  0.00000E+00   6.84011E+01   1.01948E-01
  0.00000E+00   6.79582E+01   2.74950E-01
  0.00000E+00   6.73821E+01   3.42252E-01
  0.00000E+00   6.71614E+01   3.71779E-01
  0.00000E+00   6.71292E+01   4.10779E-01
  0.00000E+00   6.71944E+01   6.29007E-01
  0.00000E+00   6.69051E+01   9.73941E-01
  0.00000E+00   6.58152E+01   1.30147E+00
  0.00000E+00   6.42832E+01   1.62574E+00
  0.00000E+00   6.32525E+01   1.72235E+00
  0.00000E+00   6.28231E+01   1.82994E+00
  0.00000E+00   6.29264E+01   1.97283E+00
  0.00000E+00   6.35480E+01   2.15321E+00
  0.00000E+00   6.42224E+01   2.18085E+00
  0.00000E+00   6.46960E+01   1.91604E+00
  0.00000E+00   6.48217E+01   1.59913E+00
  0.00000E+00   6.45163E+01   1.21903E+00
  0.00000E+00   6.39437E+01   8.50094E-01
  0.00000E+00   6.38612E+01   5.43191E-01
  0.00000E+00   6.45148E+01   4.05969E-01
  0.00000E+00   6.52280E+01   2.95290E-01
  0.00000E+00   6.55732E+01   2.59585E-01
  0.00000E+00   6.52135E+01   2.07889E-01
  0.00000E+00   6.47336E+01   7.43166E-02
  0.00000E+00   6.44213E+01  -9.97916E-02
  0.00000E+00   6.44931E+01  -1.26565E-01
  0.00000E+00   6.53013E+01  -7.10752E-02
  0.00000E+00   6.68980E+01  -2.93037E-02
  0.00000E+00   6.88751E+01  -4.36926E-03
  0.00000E+00   7.08385E+01  -6.85209E-02
  0.00000E+00   7.21801E+01  -1.51144E-01
  0.00000E+00   7.27502E+01  -2.23477E-01
  0.00000E+00   7.27772E+01  -1.63476E-01
  0.00000E+00   7.22382E+01  -4.35241E-03
  0.00000E+00   7.12391E+01   2.22152E-01
  0.00000E+00   7.06297E+01   3.81916E-01
  0.00000E+00   7.04831E+01   6.01413E-01
  0.00000E+00   7.05388E+01   9.10318E-01
  0.00000E+00   7.10441E+01   1.26852E+00
  0.00000E+00   7.15913E+01   1.63907E+00
  0.00000E+00   7.21816E+01   1.83054E+00
  0.00000E+00   7.20173E+01   1.88274E+00
  0.00000E+00   7.07856E+01   1.84525E+00
  0.00000E+00   6.94885E+01   1.81902E+00
  0.00000E+00   6.85293E+01   1.90346E+00
  0.00000E+00   6.73470E+01   1.99982E+00
  0.00000E+00   6.68564E+01   2.05007E+00
  0.00000E+00   6.71673E+01   2.05763E+00
  0.00000E+00   6.85558E+01   2.11217E+00
  0.00000E+00   7.01551E+01   2.09335E+00
  0.00000E+00   7.11775E+01   2.07600E+00
  0.00000E+00   7.16362E+01   2.04696E+00
  0.00000E+00   7.19762E+01   2.01273E+00
  0.00000E+00   7.23573E+01   1.94643E+00
  0.00000E+00   7.29863E+01   1.89399E+00
  0.00000E+00   7.33947E+01   1.66418E+00
  0.00000E+00   7.36671E+01   1.53605E+00
  0.00000E+00   7.40447E+01   1.53959E+00
  0.00000E+00   7.46017E+01   1.63213E+00
  0.00000E+00   7.42318E+01   1.76281E+00
  0.00000E+00   7.37610E+01   1.71977E+00
  0.00000E+00   7.35910E+01   1.67161E+00
