  0.00000E+00  -1.79819E-04   3.72167E-05
  0.00000E+00  -2.66961E-04  -2.88365E-06
  0.00000E+00  -2.81325E-04   6.71531E-06
  0.00000E+00  -2.49916E-04   7.96956E-06
  0.00000E+00  -1.41591E-04   6.88837E-06
  0.00000E+00  -8.62773E-05   9.73110E-06
  0.00000E+00  -4.09658E-05   1.04014E-05
  0.00000E+00  -1.59168E-05   4.55931E-06
  0.00000E+00   1.12872E-05  -4.37119E-07
  0.00000E+00   2.24886E-05  -1.77862E-06
  0.00000E+00   3.69011E-05  -9.49901E-07
  0.00000E+00   3.86410E-05  -2.05126E-07
  0.00000E+00   4.27723E-05  -4.58319E-07
  0.00000E+00   4.53310E-05   1.06470E-07
  0.00000E+00   4.67594E-05  -1.11733E-08
  0.00000E+00   4.79095E-05  -2.38548E-07
  0.00000E+00   4.71131E-05  -2.58324E-07
  0.00000E+00   4.80232E-05  -1.03808E-07
  0.00000E+00   4.83393E-05   2.26143E-09
  0.00000E+00   4.77225E-05   3.31154E-09
  0.00000E+00   4.72684E-05  -1.33632E-07
  0.00000E+00   4.67523E-05  -1.58485E-07
  0.00000E+00   4.59783E-05  -2.37290E-07
  0.00000E+00   4.50941E-05  -2.74478E-07
  0.00000E+00   4.43917E-05  -3.28602E-07
  0.00000E+00   4.36367E-05  -3.60870E-07
  0.00000E+00   4.29436E-05  -3.65607E-07
  0.00000E+00   4.20165E-05  -3.42006E-07
  0.00000E+00   4.10750E-05  -3.54116E-07
  0.00000E+00   4.02916E-05  -3.23253E-07
  0.00000E+00   3.97034E-05  -2.52228E-07
  0.00000E+00   3.91837E-05  -1.90681E-07
  0.00000E+00   3.86384E-05  -1.40784E-07
  0.00000E+00   3.80479E-05  -1.26008E-07
  0.00000E+00   3.75757E-05  -1.38658E-07
  0.00000E+00   3.71187E-05  -1.47147E-07
  0.00000E+00   3.66110E-05  -1.58960E-07
  0.00000E+00   3.62222E-05  -1.73769E-07
  0.00000E+00   3.57901E-05  -1.68010E-07
  0.00000E+00   3.53240E-05  -1.59452E-07
  0.00000E+00   3.48504E-05  -1.58850E-07
  0.00000E+00   3.43769E-05  -1.61024E-07
  0.00000E+00   3.39523E-05  -1.70344E-07
  0.00000E+00   3.35374E-05  -1.85502E-07
  0.00000E+00   3.31854E-05  -2.00986E-07
  0.00000E+00   3.28526E-05  -2.12554E-07
  0.00000E+00   3.25376E-05  -2.16560E-07
  0.00000E+00   3.22122E-05  -2.10154E-07
  0.00000E+00   3.19308E-05  -1.99525E-07
  0.00000E+00   3.16796E-05  -1.85779E-07
  0.00000E+00   3.14438E-05  -1.71455E-07
  0.00000E+00   3.12394E-05  -1.55072E-07
  0.00000E+00   3.10515E-05  -1.35583E-07
  0.00000E+00   3.08975E-05  -1.16961E-07
  0.00000E+00   3.07703E-05  -9.96371E-08
  0.00000E+00   3.06595E-05  -8.46425E-08
  0.00000E+00   3.05583E-05  -7.32428E-08
  0.00000E+00   3.04626E-05  -6.65030E-08
  0.00000E+00   3.03707E-05  -6.25734E-08
  0.00000E+00   3.02872E-05  -6.10510E-08
  0.00000E+00   3.02118E-05  -6.03935E-08
  0.00000E+00   3.01397E-05  -6.03719E-08
  0.00000E+00   3.00790E-05  -6.07795E-08
  0.00000E+00   3.00303E-05  -6.06460E-08
  0.00000E+00   2.99897E-05  -6.13747E-08
  0.00000E+00   2.99606E-05  -6.38562E-08
  0.00000E+00   2.99460E-05  -6.87649E-08
  0.00000E+00   2.99408E-05  -7.46893E-08
  0.00000E+00   2.99437E-05  -8.00669E-08
  0.00000E+00   2.99582E-05  -8.51710E-08
  0.00000E+00   2.99853E-05  -9.02491E-08
  0.00000E+00   3.00252E-05  -9.49721E-08
  0.00000E+00   3.00765E-05  -1.00487E-07
  0.00000E+00   3.01348E-05  -1.07167E-07
  0.00000E+00   3.01978E-05  -1.14174E-07
  0.00000E+00   3.02672E-05  -1.21380E-07
  0.00000E+00   3.03419E-05  -1.28854E-07
  0.00000E+00   3.04227E-05  -1.35597E-07
  0.00000E+00   3.05101E-05  -1.40910E-07
  0.00000E+00   3.06037E-05  -1.45336E-07
  0.00000E+00   3.07056E-05  -1.49540E-07
  0.00000E+00   3.08137E-05  -1.53599E-07
  0.00000E+00   3.09276E-05  -1.57248E-07
  0.00000E+00   3.10457E-05  -1.60381E-07
  0.00000E+00   3.11665E-05  -1.63077E-07
  0.00000E+00   3.12902E-05  -1.65586E-07
  0.00000E+00   3.14170E-05  -1.67959E-07
  0.00000E+00   3.15471E-05  -1.69974E-07
  0.00000E+00   3.16816E-05  -1.71618E-07
  0.00000E+00   3.18211E-05  -1.73282E-07
  0.00000E+00   3.19657E-05  -1.75422E-07
  0.00000E+00   3.21158E-05  -1.78048E-07
  0.00000E+00   3.22725E-05  -1.80845E-07
  0.00000E+00   3.24366E-05  -1.83455E-07
  0.00000E+00   3.26079E-05  -1.85861E-07
  0.00000E+00   3.27859E-05  -1.88052E-07
  0.00000E+00   3.29701E-05  -1.90064E-07
  0.00000E+00   3.31603E-05  -1.92018E-07
  0.00000E+00   3.33563E-05  -1.93915E-07
  0.00000E+00   3.35578E-05  -1.95701E-07
  0.00000E+00   3.37646E-05  -1.97279E-07
  0.00000E+00   3.39769E-05  -1.98650E-07
  0.00000E+00   3.41948E-05  -1.99978E-07
  0.00000E+00   3.44188E-05  -2.01450E-07
  0.00000E+00   3.46485E-05  -2.03029E-07
  0.00000E+00   3.48838E-05  -2.04647E-07
  0.00000E+00   3.51246E-05  -2.06280E-07
  0.00000E+00   3.53706E-05  -2.07956E-07
  0.00000E+00   3.56216E-05  -2.09742E-07
  0.00000E+00   3.58776E-05  -2.11687E-07
  0.00000E+00   3.61385E-05  -2.13734E-07
  0.00000E+00   3.64044E-05  -2.15772E-07
  0.00000E+00   3.66749E-05  -2.17770E-07
  0.00000E+00   3.69502E-05  -2.19850E-07
  0.00000E+00   3.72301E-05  -2.22177E-07
  0.00000E+00   3.75147E-05  -2.24762E-07
  0.00000E+00   3.78042E-05  -2.27536E-07
  0.00000E+00   3.80989E-05  -2.30419E-07
  0.00000E+00   3.83990E-05  -2.33357E-07
  0.00000E+00   3.87046E-05  -2.36389E-07
  0.00000E+00   3.90159E-05  -2.39594E-07
  0.00000E+00   3.93327E-05  -2.43005E-07
  0.00000E+00   3.96553E-05  -2.46583E-07
  0.00000E+00   3.99836E-05  -2.50248E-07
  0.00000E+00   4.03175E-05  -2.53904E-07
  0.00000E+00   4.06570E-05  -2.57473E-07
  0.00000E+00   4.10019E-05  -2.60882E-07
  0.00000E+00   4.13519E-05  -2.64104E-07
  0.00000E+00   4.17072E-05  -2.67176E-07
  0.00000E+00   4.20676E-05  -2.70139E-07
  0.00000E+00   4.24331E-05  -2.73035E-07
  0.00000E+00   4.28037E-05  -2.75904E-07
  0.00000E+00   4.31795E-05  -2.78751E-07
  0.00000E+00   4.35607E-05  -2.81542E-07
  0.00000E+00   4.39474E-05  -2.84259E-07
  0.00000E+00   4.43395E-05  -2.86935E-07
  0.00000E+00   4.47371E-05  -2.89674E-07
  0.00000E+00   4.51404E-05  -2.92599E-07
  0.00000E+00   4.55495E-05  -2.95781E-07
  0.00000E+00   4.59646E-05  -2.99208E-07
  0.00000E+00   4.63857E-05  -3.02824E-07
  0.00000E+00   4.68131E-05  -3.06599E-07
  0.00000E+00   4.72467E-05  -3.10547E-07
  0.00000E+00   4.76868E-05  -3.14689E-07
  0.00000E+00   4.81334E-05  -3.19035E-07
  0.00000E+00   4.85868E-05  -3.23552E-07
  0.00000E+00   4.90470E-05  -3.28167E-07
  0.00000E+00   4.95143E-05  -3.32809E-07
  0.00000E+00   4.99888E-05  -3.37478E-07
  0.00000E+00   5.04704E-05  -3.42224E-07
  0.00000E+00   5.09591E-05  -3.47098E-07
  0.00000E+00   5.14551E-05  -3.52108E-07
  0.00000E+00   5.19583E-05  -3.57231E-07
  0.00000E+00   5.24687E-05  -3.62450E-07
  0.00000E+00   5.29866E-05  -3.67773E-07
  0.00000E+00   5.35119E-05  -3.73234E-07
  0.00000E+00   5.40448E-05  -3.78867E-07
  0.00000E+00   5.45852E-05  -3.84689E-07
  0.00000E+00   5.51333E-05  -3.90677E-07
  0.00000E+00   5.56891E-05  -3.96785E-07
  0.00000E+00   5.62529E-05  -4.02973E-07
  0.00000E+00   5.68248E-05  -4.09220E-07
  0.00000E+00   5.74047E-05  -4.15523E-07
  0.00000E+00   5.79930E-05  -4.21866E-07
  0.00000E+00   5.85896E-05  -4.28218E-07
  0.00000E+00   5.91946E-05  -4.34534E-07
  0.00000E+00   5.98082E-05  -4.40788E-07
  0.00000E+00   6.04303E-05  -4.46979E-07
  0.00000E+00   6.10611E-05  -4.53123E-07
  0.00000E+00   6.17008E-05  -4.59240E-07
  0.00000E+00   6.23493E-05  -4.65344E-07
  0.00000E+00   6.30069E-05  -4.71441E-07
  0.00000E+00   6.36736E-05  -4.77533E-07
  0.00000E+00   6.43496E-05  -4.83627E-07
  0.00000E+00   6.50350E-05  -4.89739E-07
  0.00000E+00   6.57299E-05  -4.95889E-07
  0.00000E+00   6.64345E-05  -5.02089E-07
  0.00000E+00   6.71488E-05  -5.08346E-07
  0.00000E+00   6.78730E-05  -5.14657E-07
  0.00000E+00   6.86073E-05  -5.21019E-07
  0.00000E+00   6.93517E-05  -5.27435E-07
  0.00000E+00   7.01065E-05  -5.33915E-07
  0.00000E+00   7.08717E-05  -5.40474E-07
  0.00000E+00   7.16476E-05  -5.47122E-07
  0.00000E+00   7.24341E-05  -5.53867E-07
  0.00000E+00   7.32316E-05  -5.60710E-07
  0.00000E+00   7.40401E-05  -5.67652E-07
  0.00000E+00   7.48597E-05  -5.74694E-07
  0.00000E+00   7.56907E-05  -5.81844E-07
  0.00000E+00   7.65331E-05  -5.89115E-07
  0.00000E+00   7.73870E-05  -5.96527E-07
  0.00000E+00   7.82527E-05  -6.04097E-07
  0.00000E+00   7.91302E-05  -6.11837E-07
  0.00000E+00   8.00196E-05  -6.19748E-07
  0.00000E+00   8.09212E-05  -6.27825E-07
  0.00000E+00   8.18349E-05  -6.36064E-07
  0.00000E+00   8.27611E-05  -6.44467E-07
  0.00000E+00   8.36998E-05  -6.53042E-07
  0.00000E+00   8.46512E-05  -6.61800E-07
  0.00000E+00   8.56155E-05  -6.70745E-07
  0.00000E+00   8.65928E-05  -6.79870E-07
  0.00000E+00   8.75832E-05  -6.89162E-07
  0.00000E+00   8.85871E-05  -6.98618E-07
  0.00000E+00   8.96044E-05  -7.08242E-07
  0.00000E+00   9.06355E-05  -7.18050E-07
  0.00000E+00   9.16805E-05  -7.28048E-07
  0.00000E+00   9.27396E-05  -7.38235E-07
  0.00000E+00   9.38131E-05  -7.48595E-07
  0.00000E+00   9.49010E-05  -7.59112E-07
  0.00000E+00   9.60037E-05  -7.69771E-07
  0.00000E+00   9.71214E-05  -7.80566E-07
  0.00000E+00   9.82543E-05  -7.91495E-07
  0.00000E+00   9.94027E-05  -8.02556E-07
  0.00000E+00   1.00567E-04  -8.13748E-07
  0.00000E+00   1.01747E-04  -8.25070E-07
  0.00000E+00   1.02943E-04  -8.36521E-07
  0.00000E+00   1.04156E-04  -8.48107E-07
  0.00000E+00   1.05385E-04  -8.59833E-07
  0.00000E+00   1.06631E-04  -8.71702E-07
  0.00000E+00   1.07895E-04  -8.83715E-07
  0.00000E+00   1.09176E-04  -8.95870E-07
  0.00000E+00   1.10475E-04  -9.08163E-07
  0.00000E+00   1.11791E-04  -9.20592E-07
  0.00000E+00   1.13127E-04  -9.33156E-07
  0.00000E+00   1.14480E-04  -9.45854E-07
  0.00000E+00   1.15853E-04  -9.58690E-07
  0.00000E+00   1.17244E-04  -9.71670E-07
  0.00000E+00   1.18655E-04  -9.84803E-07
  0.00000E+00   1.20086E-04  -9.98095E-07
  0.00000E+00   1.21536E-04  -1.01156E-06
  0.00000E+00   1.23007E-04  -1.02520E-06
  0.00000E+00   1.24498E-04  -1.03902E-06
  0.00000E+00   1.26010E-04  -1.05304E-06
  0.00000E+00   1.27543E-04  -1.06726E-06
  0.00000E+00   1.29098E-04  -1.08169E-06
  0.00000E+00   1.30674E-04  -1.09634E-06
  0.00000E+00   1.32272E-04  -1.11120E-06
  0.00000E+00   1.33892E-04  -1.12627E-06
  0.00000E+00   1.35535E-04  -1.14157E-06
  0.00000E+00   1.37201E-04  -1.15710E-06
  0.00000E+00   1.38890E-04  -1.17285E-06
  0.00000E+00   1.40602E-04  -1.18884E-06
  0.00000E+00   1.42339E-04  -1.20507E-06
  0.00000E+00   1.44099E-04  -1.22153E-06
  0.00000E+00   1.45884E-04  -1.23825E-06
  0.00000E+00   1.47694E-04  -1.25521E-06
  0.00000E+00   1.49529E-04  -1.27243E-06
  0.00000E+00   1.51390E-04  -1.28992E-06
  0.00000E+00   1.53277E-04  -1.30767E-06
  0.00000E+00   1.55190E-04  -1.32569E-06
  0.00000E+00   1.57129E-04  -1.34398E-06
  0.00000E+00   1.59096E-04  -1.36254E-06
  0.00000E+00   1.61090E-04  -1.38137E-06
  0.00000E+00   1.63112E-04  -1.40049E-06
  0.00000E+00   1.65163E-04  -1.41989E-06
  0.00000E+00   1.67242E-04  -1.43959E-06
  0.00000E+00   1.69350E-04  -1.45957E-06
  0.00000E+00   1.71488E-04  -1.47986E-06
  0.00000E+00   1.73655E-04  -1.50044E-06
  0.00000E+00   1.75853E-04  -1.52133E-06
  0.00000E+00   1.78082E-04  -1.54252E-06
  0.00000E+00   1.80342E-04  -1.56402E-06
  0.00000E+00   1.82634E-04  -1.58584E-06
  0.00000E+00   1.84958E-04  -1.60797E-06
  0.00000E+00   1.87315E-04  -1.63042E-06
  0.00000E+00   1.89704E-04  -1.65320E-06
  0.00000E+00   1.92127E-04  -1.67629E-06
  0.00000E+00   1.94585E-04  -1.69972E-06
  0.00000E+00   1.97076E-04  -1.72348E-06
  0.00000E+00   1.99603E-04  -1.74758E-06
  0.00000E+00   2.02165E-04  -1.77203E-06
  0.00000E+00   2.04763E-04  -1.79682E-06
  0.00000E+00   2.07398E-04  -1.82197E-06
  0.00000E+00   2.10069E-04  -1.84747E-06
  0.00000E+00   2.12778E-04  -1.87333E-06
  0.00000E+00   2.15525E-04  -1.89956E-06
  0.00000E+00   2.18311E-04  -1.92615E-06
  0.00000E+00   2.21136E-04  -1.95311E-06
  0.00000E+00   2.24000E-04  -1.98045E-06
  0.00000E+00   2.26905E-04  -2.00816E-06
  0.00000E+00   2.29850E-04  -2.03626E-06
  0.00000E+00   2.32837E-04  -2.06475E-06
  0.00000E+00   2.35866E-04  -2.09364E-06
  0.00000E+00   2.38937E-04  -2.12293E-06
  0.00000E+00   2.42051E-04  -2.15263E-06
  0.00000E+00   2.45209E-04  -2.18275E-06
  0.00000E+00   2.48411E-04  -2.21330E-06
  0.00000E+00   2.51659E-04  -2.24428E-06
  0.00000E+00   2.54952E-04  -2.27570E-06
  0.00000E+00   2.58291E-04  -2.30758E-06
  0.00000E+00   2.61677E-04  -2.33992E-06
  0.00000E+00   2.65111E-04  -2.37273E-06
  0.00000E+00   2.68594E-04  -2.40601E-06
  0.00000E+00   2.72125E-04  -2.43979E-06
  0.00000E+00   2.75706E-04  -2.47405E-06
  0.00000E+00   2.79338E-04  -2.50882E-06
  0.00000E+00   2.83021E-04  -2.54410E-06
  0.00000E+00   2.86756E-04  -2.57989E-06
  0.00000E+00   2.90544E-04  -2.61621E-06
  0.00000E+00   2.94385E-04  -2.65306E-06
  0.00000E+00   2.98281E-04  -2.69046E-06
  0.00000E+00   3.02232E-04  -2.72840E-06
  0.00000E+00   3.06239E-04  -2.76691E-06
  0.00000E+00   3.10302E-04  -2.80599E-06
  0.00000E+00   3.14424E-04  -2.84564E-06
  0.00000E+00   3.18604E-04  -2.88589E-06
  0.00000E+00   3.22843E-04  -2.92672E-06
  0.00000E+00   3.27143E-04  -2.96816E-06
  0.00000E+00   3.31504E-04  -3.01020E-06
  0.00000E+00   3.35926E-04  -3.05286E-06
  0.00000E+00   3.40412E-04  -3.09613E-06
  0.00000E+00   3.44962E-04  -3.14003E-06
  0.00000E+00   3.49576E-04  -3.18456E-06
  0.00000E+00   3.54256E-04  -3.22972E-06
  0.00000E+00   3.59002E-04  -3.27553E-06
  0.00000E+00   3.63817E-04  -3.32200E-06
  0.00000E+00   3.68699E-04  -3.36912E-06
  0.00000E+00   3.73652E-04  -3.41692E-06
  0.00000E+00   3.78674E-04  -3.46540E-06
  0.00000E+00   3.83769E-04  -3.51457E-06
  0.00000E+00   3.88935E-04  -3.56445E-06
  0.00000E+00   3.94175E-04  -3.61503E-06
  0.00000E+00   3.99490E-04  -3.66633E-06
  0.00000E+00   4.04881E-04  -3.71837E-06
  0.00000E+00   4.10348E-04  -3.77115E-06
  0.00000E+00   4.15892E-04  -3.82468E-06
  0.00000E+00   4.21516E-04  -3.87897E-06
  0.00000E+00   4.27220E-04  -3.93404E-06
  0.00000E+00   4.33004E-04  -3.98990E-06
  0.00000E+00   4.38871E-04  -4.04655E-06
  0.00000E+00   4.44821E-04  -4.10402E-06
  0.00000E+00   4.50856E-04  -4.16231E-06
  0.00000E+00   4.56977E-04  -4.22145E-06
  0.00000E+00   4.63185E-04  -4.28144E-06
  0.00000E+00   4.69481E-04  -4.34230E-06
  0.00000E+00   4.75867E-04  -4.40404E-06
  0.00000E+00   4.82344E-04  -4.46669E-06
  0.00000E+00   4.88912E-04  -4.53025E-06
  0.00000E+00   4.95575E-04  -4.59473E-06
  0.00000E+00   5.02332E-04  -4.66016E-06
  0.00000E+00   5.09186E-04  -4.72655E-06
  0.00000E+00   5.16137E-04  -4.79391E-06
  0.00000E+00   5.23188E-04  -4.86226E-06
  0.00000E+00   5.30339E-04  -4.93161E-06
  0.00000E+00   5.37592E-04  -5.00197E-06
  0.00000E+00   5.44949E-04  -5.07337E-06
  0.00000E+00   5.52411E-04  -5.14581E-06
  0.00000E+00   5.59979E-04  -5.21932E-06
  0.00000E+00   5.67656E-04  -5.29390E-06
  0.00000E+00   5.75443E-04  -5.36957E-06
  0.00000E+00   5.83341E-04  -5.44635E-06
  0.00000E+00   5.91352E-04  -5.52425E-06
  0.00000E+00   5.99477E-04  -5.60328E-06
  0.00000E+00   6.07719E-04  -5.68345E-06
  0.00000E+00   6.16078E-04  -5.76479E-06
  0.00000E+00   6.24558E-04  -5.84731E-06
  0.00000E+00   6.33158E-04  -5.93102E-06
  0.00000E+00   6.41882E-04  -6.01594E-06
  0.00000E+00   6.50730E-04  -6.10208E-06
  0.00000E+00   6.59705E-04  -6.18947E-06
  0.00000E+00   6.68808E-04  -6.27810E-06
  0.00000E+00   6.78041E-04  -6.36802E-06
  0.00000E+00   6.87407E-04  -6.45922E-06
  0.00000E+00   6.96906E-04  -6.55173E-06
  0.00000E+00   7.06540E-04  -6.64556E-06
  0.00000E+00   7.16312E-04  -6.74073E-06
  0.00000E+00   7.26224E-04  -6.83727E-06
  0.00000E+00   7.36276E-04  -6.93518E-06
  0.00000E+00   7.46473E-04  -7.03449E-06
  0.00000E+00   7.56814E-04  -7.13523E-06
  0.00000E+00   7.67302E-04  -7.23740E-06
  0.00000E+00   7.77940E-04  -7.34103E-06
  0.00000E+00   7.88729E-04  -7.44614E-06
  0.00000E+00   7.99672E-04  -7.55275E-06
  0.00000E+00   8.10769E-04  -7.66089E-06
  0.00000E+00   8.22025E-04  -7.77057E-06
  0.00000E+00   8.33440E-04  -7.88182E-06
  0.00000E+00   8.45017E-04  -7.99466E-06
  0.00000E+00   8.56758E-04  -8.10911E-06
  0.00000E+00   8.68665E-04  -8.22519E-06
  0.00000E+00   8.80741E-04  -8.34294E-06
  0.00000E+00   8.92988E-04  -8.46237E-06
  0.00000E+00   9.05408E-04  -8.58350E-06
  0.00000E+00   9.18003E-04  -8.70636E-06
  0.00000E+00   9.30776E-04  -8.83098E-06
  0.00000E+00   9.43729E-04  -8.95737E-06
  0.00000E+00   9.56865E-04  -9.08557E-06
  0.00000E+00   9.70186E-04  -9.21559E-06
  0.00000E+00   9.83694E-04  -9.34747E-06
  0.00000E+00   9.97393E-04  -9.48121E-06
  0.00000E+00   1.01128E-03  -9.61686E-06
  0.00000E+00   1.02537E-03  -9.75443E-06
  0.00000E+00   1.03965E-03  -9.89396E-06
  0.00000E+00   1.05414E-03  -1.00355E-05
  0.00000E+00   1.06882E-03  -1.01790E-05
  0.00000E+00   1.08371E-03  -1.03245E-05
  0.00000E+00   1.09881E-03  -1.04721E-05
  0.00000E+00   1.11412E-03  -1.06217E-05
  0.00000E+00   1.12965E-03  -1.07735E-05
  0.00000E+00   1.14539E-03  -1.09274E-05
  0.00000E+00   1.16135E-03  -1.10835E-05
  0.00000E+00   1.17753E-03  -1.12417E-05
  0.00000E+00   1.19393E-03  -1.14022E-05
  0.00000E+00   1.21056E-03  -1.15650E-05
  0.00000E+00   1.22743E-03  -1.17300E-05
  0.00000E+00   1.24452E-03  -1.18973E-05
  0.00000E+00   1.26185E-03  -1.20670E-05
  0.00000E+00   1.27942E-03  -1.22391E-05
  0.00000E+00   1.29724E-03  -1.24135E-05
  0.00000E+00   1.31529E-03  -1.25904E-05
  0.00000E+00   1.33360E-03  -1.27698E-05
  0.00000E+00   1.35215E-03  -1.29517E-05
  0.00000E+00   1.37096E-03  -1.31361E-05
  0.00000E+00   1.39003E-03  -1.33231E-05
  0.00000E+00   1.40936E-03  -1.35127E-05
  0.00000E+00   1.42895E-03  -1.37050E-05
  0.00000E+00   1.44881E-03  -1.39000E-05
  0.00000E+00   1.46894E-03  -1.40977E-05
  0.00000E+00   1.48934E-03  -1.42981E-05
  0.00000E+00   1.51002E-03  -1.45014E-05
  0.00000E+00   1.53098E-03  -1.47075E-05
  0.00000E+00   1.55222E-03  -1.49165E-05
  0.00000E+00   1.57375E-03  -1.51285E-05
  0.00000E+00   1.59557E-03  -1.53434E-05
  0.00000E+00   1.61769E-03  -1.55613E-05
  0.00000E+00   1.64010E-03  -1.57823E-05
  0.00000E+00   1.66281E-03  -1.60063E-05
  0.00000E+00   1.68583E-03  -1.62336E-05
  0.00000E+00   1.70916E-03  -1.64640E-05
  0.00000E+00   1.73280E-03  -1.66976E-05
  0.00000E+00   1.75675E-03  -1.69345E-05
  0.00000E+00   1.78103E-03  -1.71748E-05
  0.00000E+00   1.80563E-03  -1.74184E-05
  0.00000E+00   1.83055E-03  -1.76655E-05
  0.00000E+00   1.85581E-03  -1.79160E-05
  0.00000E+00   1.88141E-03  -1.81701E-05
  0.00000E+00   1.90734E-03  -1.84277E-05
  0.00000E+00   1.93362E-03  -1.86889E-05
  0.00000E+00   1.96024E-03  -1.89539E-05
  0.00000E+00   1.98722E-03  -1.92225E-05
  0.00000E+00   2.01455E-03  -1.94950E-05
  0.00000E+00   2.04224E-03  -1.97712E-05
  0.00000E+00   2.07029E-03  -2.00514E-05
  0.00000E+00   2.09872E-03  -2.03355E-05
  0.00000E+00   2.12751E-03  -2.06236E-05
  0.00000E+00   2.15669E-03  -2.09158E-05
  0.00000E+00   2.18624E-03  -2.12120E-05
  0.00000E+00   2.21618E-03  -2.15124E-05
  0.00000E+00   2.24651E-03  -2.18171E-05
  0.00000E+00   2.27724E-03  -2.21260E-05
  0.00000E+00   2.30837E-03  -2.24393E-05
  0.00000E+00   2.33990E-03  -2.27569E-05
  0.00000E+00   2.37183E-03  -2.30790E-05
  0.00000E+00   2.40418E-03  -2.34056E-05
  0.00000E+00   2.43695E-03  -2.37367E-05
  0.00000E+00   2.47014E-03  -2.40725E-05
  0.00000E+00   2.50376E-03  -2.44130E-05
  0.00000E+00   2.53782E-03  -2.47582E-05
  0.00000E+00   2.57231E-03  -2.51082E-05
  0.00000E+00   2.60724E-03  -2.54631E-05
  0.00000E+00   2.64262E-03  -2.58228E-05
  0.00000E+00   2.67845E-03  -2.61876E-05
  0.00000E+00   2.71474E-03  -2.65574E-05
  0.00000E+00   2.75149E-03  -2.69323E-05
  0.00000E+00   2.78871E-03  -2.73123E-05
  0.00000E+00   2.82641E-03  -2.76975E-05
  0.00000E+00   2.86458E-03  -2.80881E-05
  0.00000E+00   2.90323E-03  -2.84839E-05
  0.00000E+00   2.94238E-03  -2.88851E-05
  0.00000E+00   2.98202E-03  -2.92918E-05
  0.00000E+00   3.02217E-03  -2.97040E-05
  0.00000E+00   3.06282E-03  -3.01218E-05
  0.00000E+00   3.10398E-03  -3.05452E-05
  0.00000E+00   3.14566E-03  -3.09743E-05
  0.00000E+00   3.18786E-03  -3.14092E-05
  0.00000E+00   3.23060E-03  -3.18498E-05
  0.00000E+00   3.27387E-03  -3.22964E-05
  0.00000E+00   3.31768E-03  -3.27489E-05
  0.00000E+00   3.36204E-03  -3.32073E-05
  0.00000E+00   3.40696E-03  -3.36718E-05
  0.00000E+00   3.45244E-03  -3.41425E-05
  0.00000E+00   3.49848E-03  -3.46193E-05
  0.00000E+00   3.54510E-03  -3.51024E-05
  0.00000E+00   3.59231E-03  -3.55917E-05
  0.00000E+00   3.64010E-03  -3.60874E-05
  0.00000E+00   3.68848E-03  -3.65896E-05
  0.00000E+00   3.73747E-03  -3.70982E-05
  0.00000E+00   3.78706E-03  -3.76134E-05
  0.00000E+00   3.83728E-03  -3.81351E-05
  0.00000E+00   3.88811E-03  -3.86636E-05
  0.00000E+00   3.93958E-03  -3.91988E-05
  0.00000E+00   3.99169E-03  -3.97408E-05
  0.00000E+00   4.04444E-03  -4.02896E-05
  0.00000E+00   4.09784E-03  -4.08453E-05
  0.00000E+00   4.15191E-03  -4.14081E-05
  0.00000E+00   4.20665E-03  -4.19778E-05
  0.00000E+00   4.26207E-03  -4.25547E-05
  0.00000E+00   4.31817E-03  -4.31388E-05
  0.00000E+00   4.37497E-03  -4.37300E-05
  0.00000E+00   4.43247E-03  -4.43286E-05
  0.00000E+00   4.49068E-03  -4.49345E-05
  0.00000E+00   4.54962E-03  -4.55478E-05
  0.00000E+00   4.60928E-03  -4.61686E-05
  0.00000E+00   4.66969E-03  -4.67969E-05
  0.00000E+00   4.73084E-03  -4.74329E-05
  0.00000E+00   4.79274E-03  -4.80765E-05
  0.00000E+00   4.85542E-03  -4.87278E-05
  0.00000E+00   4.91886E-03  -4.93869E-05
  0.00000E+00   4.98310E-03  -5.00538E-05
  0.00000E+00   5.04813E-03  -5.07286E-05
  0.00000E+00   5.11396E-03  -5.14114E-05
  0.00000E+00   5.18061E-03  -5.21022E-05
  0.00000E+00   5.24808E-03  -5.28011E-05
  0.00000E+00   5.31639E-03  -5.35082E-05
  0.00000E+00   5.38555E-03  -5.42234E-05
  0.00000E+00   5.45555E-03  -5.49469E-05
  0.00000E+00   5.52643E-03  -5.56787E-05
  0.00000E+00   5.59818E-03  -5.64189E-05
  0.00000E+00   5.67082E-03  -5.71676E-05
  0.00000E+00   5.74436E-03  -5.79248E-05
  0.00000E+00   5.81880E-03  -5.86905E-05
  0.00000E+00   5.89417E-03  -5.94648E-05
  0.00000E+00   5.97046E-03  -6.02478E-05
  0.00000E+00   6.04770E-03  -6.10396E-05
  0.00000E+00   6.12590E-03  -6.18401E-05
  0.00000E+00   6.20506E-03  -6.26496E-05
  0.00000E+00   6.28519E-03  -6.34679E-05
  0.00000E+00   6.36632E-03  -6.42952E-05
  0.00000E+00   6.44844E-03  -6.51316E-05
  0.00000E+00   6.53158E-03  -6.59770E-05
  0.00000E+00   6.61574E-03  -6.68316E-05
  0.00000E+00   6.70093E-03  -6.76954E-05
  0.00000E+00   6.78717E-03  -6.85685E-05
  0.00000E+00   6.87448E-03  -6.94510E-05
  0.00000E+00   6.96285E-03  -7.03429E-05
  0.00000E+00   7.05231E-03  -7.12442E-05
  0.00000E+00   7.14287E-03  -7.21550E-05
  0.00000E+00   7.23454E-03  -7.30755E-05
  0.00000E+00   7.32733E-03  -7.40056E-05
  0.00000E+00   7.42125E-03  -7.49455E-05
  0.00000E+00   7.51632E-03  -7.58951E-05
  0.00000E+00   7.61255E-03  -7.68547E-05
  0.00000E+00   7.70995E-03  -7.78242E-05
  0.00000E+00   7.80853E-03  -7.88036E-05
  0.00000E+00   7.90832E-03  -7.97932E-05
  0.00000E+00   8.00931E-03  -8.07930E-05
  0.00000E+00   8.11152E-03  -8.18030E-05
  0.00000E+00   8.21497E-03  -8.28233E-05
  0.00000E+00   8.31967E-03  -8.38540E-05
  0.00000E+00   8.42563E-03  -8.48952E-05
  0.00000E+00   8.53287E-03  -8.59470E-05
  0.00000E+00   8.64139E-03  -8.70095E-05
  0.00000E+00   8.75121E-03  -8.80827E-05
  0.00000E+00   8.86234E-03  -8.91668E-05
  0.00000E+00   8.97479E-03  -9.02619E-05
  0.00000E+00   9.08859E-03  -9.13680E-05
  0.00000E+00   9.20373E-03  -9.24853E-05
  0.00000E+00   9.32024E-03  -9.36139E-05
  0.00000E+00   9.43812E-03  -9.47538E-05
  0.00000E+00   9.55740E-03  -9.59052E-05
  0.00000E+00   9.67807E-03  -9.70683E-05
  0.00000E+00   9.80016E-03  -9.82431E-05
  0.00000E+00   9.92367E-03  -9.94297E-05
  0.00000E+00   1.00486E-02  -1.00628E-04
  0.00000E+00   1.01750E-02  -1.01839E-04
  0.00000E+00   1.03029E-02  -1.03062E-04
  0.00000E+00   1.04323E-02  -1.04297E-04
  0.00000E+00   1.05631E-02  -1.05545E-04
  0.00000E+00   1.06955E-02  -1.06806E-04
  0.00000E+00   1.08293E-02  -1.08079E-04
  0.00000E+00   1.09647E-02  -1.09366E-04
  0.00000E+00   1.11017E-02  -1.10665E-04
  0.00000E+00   1.12402E-02  -1.11978E-04
  0.00000E+00   1.13802E-02  -1.13305E-04
  0.00000E+00   1.15219E-02  -1.14645E-04
  0.00000E+00   1.16652E-02  -1.15998E-04
  0.00000E+00   1.18100E-02  -1.17366E-04
  0.00000E+00   1.19566E-02  -1.18748E-04
  0.00000E+00   1.21047E-02  -1.20144E-04
  0.00000E+00   1.22545E-02  -1.21555E-04
  0.00000E+00   1.24060E-02  -1.22981E-04
  0.00000E+00   1.25592E-02  -1.24422E-04
  0.00000E+00   1.27140E-02  -1.25877E-04
  0.00000E+00   1.28706E-02  -1.27349E-04
  0.00000E+00   1.30290E-02  -1.28835E-04
  0.00000E+00   1.31890E-02  -1.30338E-04
  0.00000E+00   1.33509E-02  -1.31857E-04
  0.00000E+00   1.35145E-02  -1.33392E-04
  0.00000E+00   1.36800E-02  -1.34943E-04
  0.00000E+00   1.38473E-02  -1.36511E-04
  0.00000E+00   1.40164E-02  -1.38097E-04
  0.00000E+00   1.41874E-02  -1.39699E-04
  0.00000E+00   1.43602E-02  -1.41319E-04
  0.00000E+00   1.45350E-02  -1.42957E-04
  0.00000E+00   1.47117E-02  -1.44613E-04
  0.00000E+00   1.48903E-02  -1.46287E-04
  0.00000E+00   1.50709E-02  -1.47980E-04
  0.00000E+00   1.52534E-02  -1.49691E-04
  0.00000E+00   1.54380E-02  -1.51422E-04
  0.00000E+00   1.56246E-02  -1.53172E-04
  0.00000E+00   1.58132E-02  -1.54942E-04
  0.00000E+00   1.60039E-02  -1.56732E-04
  0.00000E+00   1.61968E-02  -1.58542E-04
  0.00000E+00   1.63917E-02  -1.60373E-04
  0.00000E+00   1.65888E-02  -1.62225E-04
  0.00000E+00   1.67880E-02  -1.64097E-04
  0.00000E+00   1.69895E-02  -1.65992E-04
  0.00000E+00   1.71932E-02  -1.67908E-04
  0.00000E+00   1.73991E-02  -1.69846E-04
  0.00000E+00   1.76073E-02  -1.71806E-04
  0.00000E+00   1.78177E-02  -1.73789E-04
  0.00000E+00   1.80306E-02  -1.75794E-04
  0.00000E+00   1.82457E-02  -1.77823E-04
  0.00000E+00   1.84633E-02  -1.79875E-04
  0.00000E+00   1.86832E-02  -1.81950E-04
  0.00000E+00   1.89056E-02  -1.84050E-04
  0.00000E+00   1.91305E-02  -1.86173E-04
  0.00000E+00   1.93579E-02  -1.88321E-04
  0.00000E+00   1.95877E-02  -1.90493E-04
  0.00000E+00   1.98202E-02  -1.92690E-04
  0.00000E+00   2.00552E-02  -1.94912E-04
  0.00000E+00   2.02928E-02  -1.97158E-04
  0.00000E+00   2.05330E-02  -1.99430E-04
  0.00000E+00   2.07759E-02  -2.01728E-04
  0.00000E+00   2.10216E-02  -2.04051E-04
  0.00000E+00   2.12699E-02  -2.06399E-04
  0.00000E+00   2.15210E-02  -2.08774E-04
  0.00000E+00   2.17748E-02  -2.11174E-04
  0.00000E+00   2.20315E-02  -2.13600E-04
  0.00000E+00   2.22910E-02  -2.16052E-04
  0.00000E+00   2.25534E-02  -2.18530E-04
  0.00000E+00   2.28187E-02  -2.21034E-04
  0.00000E+00   2.30869E-02  -2.23565E-04
  0.00000E+00   2.33581E-02  -2.26121E-04
  0.00000E+00   2.36323E-02  -2.28704E-04
  0.00000E+00   2.39094E-02  -2.31312E-04
  0.00000E+00   2.41896E-02  -2.33947E-04
  0.00000E+00   2.44729E-02  -2.36608E-04
  0.00000E+00   2.47593E-02  -2.39295E-04
  0.00000E+00   2.50487E-02  -2.42008E-04
  0.00000E+00   2.53414E-02  -2.44746E-04
  0.00000E+00   2.56372E-02  -2.47511E-04
  0.00000E+00   2.59363E-02  -2.50301E-04
  0.00000E+00   2.62385E-02  -2.53117E-04
  0.00000E+00   2.65441E-02  -2.55959E-04
  0.00000E+00   2.68529E-02  -2.58825E-04
  0.00000E+00   2.71651E-02  -2.61717E-04
  0.00000E+00   2.74806E-02  -2.64635E-04
  0.00000E+00   2.77995E-02  -2.67577E-04
  0.00000E+00   2.81218E-02  -2.70544E-04
  0.00000E+00   2.84475E-02  -2.73536E-04
  0.00000E+00   2.87767E-02  -2.76553E-04
  0.00000E+00   2.91094E-02  -2.79594E-04
  0.00000E+00   2.94456E-02  -2.82660E-04
  0.00000E+00   2.97854E-02  -2.85750E-04
  0.00000E+00   3.01288E-02  -2.88864E-04
  0.00000E+00   3.04758E-02  -2.92002E-04
  0.00000E+00   3.08264E-02  -2.95164E-04
  0.00000E+00   3.11808E-02  -2.98350E-04
  0.00000E+00   3.15388E-02  -3.01560E-04
  0.00000E+00   3.19006E-02  -3.04793E-04
  0.00000E+00   3.22662E-02  -3.08049E-04
  0.00000E+00   3.26356E-02  -3.11329E-04
  0.00000E+00   3.30089E-02  -3.14632E-04
  0.00000E+00   3.33860E-02  -3.17958E-04
  0.00000E+00   3.37671E-02  -3.21307E-04
  0.00000E+00   3.41522E-02  -3.24680E-04
  0.00000E+00   3.45413E-02  -3.28075E-04
  0.00000E+00   3.49345E-02  -3.31493E-04
  0.00000E+00   3.53317E-02  -3.34934E-04
  0.00000E+00   3.57331E-02  -3.38397E-04
  0.00000E+00   3.61386E-02  -3.41883E-04
  0.00000E+00   3.65484E-02  -3.45391E-04
  0.00000E+00   3.69625E-02  -3.48922E-04
  0.00000E+00   3.73809E-02  -3.52476E-04
  0.00000E+00   3.78037E-02  -3.56052E-04
  0.00000E+00   3.82309E-02  -3.59650E-04
  0.00000E+00   3.86626E-02  -3.63270E-04
  0.00000E+00   3.90989E-02  -3.66913E-04
  0.00000E+00   3.95397E-02  -3.70578E-04
  0.00000E+00   3.99851E-02  -3.74264E-04
  0.00000E+00   4.04353E-02  -3.77973E-04
  0.00000E+00   4.08902E-02  -3.81704E-04
  0.00000E+00   4.13500E-02  -3.85456E-04
  0.00000E+00   4.18146E-02  -3.89230E-04
  0.00000E+00   4.22842E-02  -3.93026E-04
  0.00000E+00   4.27588E-02  -3.96843E-04
  0.00000E+00   4.32385E-02  -4.00681E-04
  0.00000E+00   4.37233E-02  -4.04540E-04
  0.00000E+00   4.42134E-02  -4.08420E-04
  0.00000E+00   4.47087E-02  -4.12321E-04
  0.00000E+00   4.52094E-02  -4.16242E-04
  0.00000E+00   4.57155E-02  -4.20184E-04
  0.00000E+00   4.62271E-02  -4.24145E-04
  0.00000E+00   4.67442E-02  -4.28126E-04
  0.00000E+00   4.72671E-02  -4.32127E-04
  0.00000E+00   4.77956E-02  -4.36146E-04
  0.00000E+00   4.83299E-02  -4.40185E-04
  0.00000E+00   4.88701E-02  -4.44241E-04
  0.00000E+00   4.94162E-02  -4.48315E-04
  0.00000E+00   4.99684E-02  -4.52407E-04
  0.00000E+00   5.05266E-02  -4.56516E-04
  0.00000E+00   5.10911E-02  -4.60641E-04
  0.00000E+00   5.16617E-02  -4.64782E-04
  0.00000E+00   5.22388E-02  -4.68938E-04
  0.00000E+00   5.28222E-02  -4.73109E-04
  0.00000E+00   5.34121E-02  -4.77294E-04
  0.00000E+00   5.40086E-02  -4.81493E-04
  0.00000E+00   5.46117E-02  -4.85704E-04
  0.00000E+00   5.52216E-02  -4.89928E-04
  0.00000E+00   5.58382E-02  -4.94163E-04
  0.00000E+00   5.64617E-02  -4.98409E-04
  0.00000E+00   5.70922E-02  -5.02664E-04
  0.00000E+00   5.77297E-02  -5.06929E-04
  0.00000E+00   5.83743E-02  -5.11202E-04
  0.00000E+00   5.90261E-02  -5.15482E-04
  0.00000E+00   5.96852E-02  -5.19769E-04
  0.00000E+00   6.03515E-02  -5.24061E-04
  0.00000E+00   6.10253E-02  -5.28359E-04
  0.00000E+00   6.17065E-02  -5.32660E-04
  0.00000E+00   6.23952E-02  -5.36963E-04
  0.00000E+00   6.30915E-02  -5.41269E-04
  0.00000E+00   6.37956E-02  -5.45576E-04
  0.00000E+00   6.45073E-02  -5.49882E-04
  0.00000E+00   6.52268E-02  -5.54188E-04
  0.00000E+00   6.59542E-02  -5.58491E-04
  0.00000E+00   6.66895E-02  -5.62792E-04
  0.00000E+00   6.74328E-02  -5.67088E-04
  0.00000E+00   6.81842E-02  -5.71379E-04
  0.00000E+00   6.89436E-02  -5.75664E-04
  0.00000E+00   6.97112E-02  -5.79941E-04
  0.00000E+00   7.04870E-02  -5.84211E-04
  0.00000E+00   7.12711E-02  -5.88470E-04
  0.00000E+00   7.20635E-02  -5.92720E-04
  0.00000E+00   7.28642E-02  -5.96958E-04
  0.00000E+00   7.36733E-02  -6.01183E-04
  0.00000E+00   7.44910E-02  -6.05395E-04
  0.00000E+00   7.53171E-02  -6.09593E-04
  0.00000E+00   7.61517E-02  -6.13775E-04
  0.00000E+00   7.69950E-02  -6.17940E-04
  0.00000E+00   7.78469E-02  -6.22088E-04
  0.00000E+00   7.87074E-02  -6.26218E-04
  0.00000E+00   7.95767E-02  -6.30328E-04
  0.00000E+00   8.04547E-02  -6.34418E-04
  0.00000E+00   8.13416E-02  -6.38487E-04
  0.00000E+00   8.22372E-02  -6.42535E-04
  0.00000E+00   8.31417E-02  -6.46560E-04
  0.00000E+00   8.40551E-02  -6.50561E-04
  0.00000E+00   8.49774E-02  -6.54539E-04
  0.00000E+00   8.59086E-02  -6.58492E-04
  0.00000E+00   8.68488E-02  -6.62420E-04
  0.00000E+00   8.77981E-02  -6.66322E-04
  0.00000E+00   8.87563E-02  -6.70199E-04
  0.00000E+00   8.97236E-02  -6.74049E-04
  0.00000E+00   9.07001E-02  -6.77873E-04
  0.00000E+00   9.16856E-02  -6.81669E-04
  0.00000E+00   9.26802E-02  -6.85439E-04
  0.00000E+00   9.36840E-02  -6.89182E-04
  0.00000E+00   9.46970E-02  -6.92898E-04
  0.00000E+00   9.57192E-02  -6.96587E-04
  0.00000E+00   9.67506E-02  -7.00250E-04
  0.00000E+00   9.77912E-02  -7.03887E-04
  0.00000E+00   9.88410E-02  -7.07498E-04
  0.00000E+00   9.99002E-02  -7.11084E-04
  0.00000E+00   1.00969E-01  -7.14646E-04
  0.00000E+00   1.02046E-01  -7.18184E-04
  0.00000E+00   1.03133E-01  -7.21700E-04
  0.00000E+00   1.04230E-01  -7.25195E-04
  0.00000E+00   1.05335E-01  -7.28669E-04
  0.00000E+00   1.06450E-01  -7.32124E-04
  0.00000E+00   1.07575E-01  -7.35562E-04
  0.00000E+00   1.08709E-01  -7.38983E-04
  0.00000E+00   1.09852E-01  -7.42390E-04
  0.00000E+00   1.11004E-01  -7.45785E-04
  0.00000E+00   1.12166E-01  -7.49169E-04
  0.00000E+00   1.13338E-01  -7.52545E-04
  0.00000E+00   1.14519E-01  -7.55915E-04
  0.00000E+00   1.15709E-01  -7.59281E-04
  0.00000E+00   1.16909E-01  -7.62645E-04
  0.00000E+00   1.18118E-01  -7.66011E-04
  0.00000E+00   1.19336E-01  -7.69380E-04
  0.00000E+00   1.20565E-01  -7.72757E-04
  0.00000E+00   1.21802E-01  -7.76143E-04
  0.00000E+00   1.23049E-01  -7.79543E-04
  0.00000E+00   1.24306E-01  -7.82959E-04
  0.00000E+00   1.25572E-01  -7.86394E-04
  0.00000E+00   1.26847E-01  -7.89852E-04
  0.00000E+00   1.28132E-01  -7.93338E-04
  0.00000E+00   1.29427E-01  -7.96853E-04
  0.00000E+00   1.30731E-01  -8.00403E-04
  0.00000E+00   1.32044E-01  -8.03992E-04
  0.00000E+00   1.33367E-01  -8.07623E-04
  0.00000E+00   1.34700E-01  -8.11300E-04
  0.00000E+00   1.36042E-01  -8.15028E-04
  0.00000E+00   1.37393E-01  -8.18812E-04
  0.00000E+00   1.38755E-01  -8.22655E-04
  0.00000E+00   1.40125E-01  -8.26563E-04
  0.00000E+00   1.41505E-01  -8.30539E-04
  0.00000E+00   1.42895E-01  -8.34590E-04
  0.00000E+00   1.44294E-01  -8.38719E-04
