  0.00000E+00   8.99885E-03  -1.12141E-05
  0.00000E+00   8.45343E-03   8.33175E-05
  0.00000E+00   7.77982E-03  -1.33780E-04
  0.00000E+00   6.92537E-03  -3.10242E-05
  0.00000E+00   6.75938E-03  -2.31180E-05
  0.00000E+00   6.93235E-03  -2.13868E-05
  0.00000E+00   7.72084E-03  -2.07974E-05
  0.00000E+00   8.67878E-03  -6.53595E-05
  0.00000E+00   1.01906E-02   1.05692E-05
  0.00000E+00   1.18743E-02  -1.40912E-04
  0.00000E+00   1.38125E-02  -1.93945E-04
  0.00000E+00   1.67248E-02  -1.37425E-04
  0.00000E+00   2.06252E-02  -1.35499E-04
  0.00000E+00   2.61544E-02  -2.81391E-04
  0.00000E+00   3.33918E-02  -3.06778E-04
  0.00000E+00   4.25076E-02  -3.74095E-04
  0.00000E+00   5.41234E-02  -5.06158E-04
  0.00000E+00   7.01864E-02  -6.89476E-04
  0.00000E+00   9.18090E-02  -8.80796E-04
  0.00000E+00   1.20099E-01  -1.24438E-03
  0.00000E+00   1.57754E-01  -1.74462E-03
  0.00000E+00   2.08713E-01  -2.20284E-03
  0.00000E+00   2.77346E-01  -2.70719E-03
  0.00000E+00   3.69224E-01  -3.63564E-03
  0.00000E+00   4.92470E-01  -4.94700E-03
  0.00000E+00   6.57983E-01  -6.75020E-03
  0.00000E+00   8.80415E-01  -9.25399E-03
  0.00000E+00   1.18017E+00  -1.26024E-02
  0.00000E+00   1.58379E+00  -1.70917E-02
  0.00000E+00   2.12575E+00  -2.33348E-02
  0.00000E+00   2.85308E+00  -3.19549E-02
  0.00000E+00   3.82721E+00  -4.36244E-02
  0.00000E+00   5.12785E+00  -5.94195E-02
  0.00000E+00   6.85765E+00  -8.08472E-02
  0.00000E+00   9.14578E+00  -1.09781E-01
  0.00000E+00   1.21535E+01  -1.48815E-01
  0.00000E+00   1.60760E+01  -2.01360E-01
  0.00000E+00   2.11396E+01  -2.71711E-01
  0.00000E+00   2.75987E+01  -3.64956E-01
  0.00000E+00   3.57172E+01  -4.86035E-01
  0.00000E+00   4.57226E+01  -6.38706E-01
  0.00000E+00   5.77020E+01  -8.24298E-01
  0.00000E+00   7.13499E+01  -1.03681E+00
  0.00000E+00   8.53911E+01  -1.24409E+00
  0.00000E+00   9.63188E+01  -1.35951E+00
  0.00000E+00   9.62913E+01  -1.23314E+00
  0.00000E+00   7.70674E+01  -7.57853E-01
  0.00000E+00   4.89178E+01  -3.12925E-01
  0.00000E+00   3.17389E+01  -2.90761E-01
  0.00000E+00   2.73554E+01  -6.79664E-02
  0.00000E+00   2.64510E+01   9.80944E-02
  0.00000E+00   2.52190E+01   1.42583E-01
  0.00000E+00   2.39077E+01   2.03087E-01
  0.00000E+00   2.32879E+01   1.92658E-01
  0.00000E+00   2.37061E+01   1.43276E-01
  0.00000E+00   2.41157E+01   1.22291E-01
  0.00000E+00   2.45034E+01   1.20498E-01
  0.00000E+00   2.51001E+01   1.31964E-01
  0.00000E+00   2.55792E+01   7.08150E-02
  0.00000E+00   2.57438E+01   1.11078E-02
  0.00000E+00   2.60511E+01  -1.27077E-02
  0.00000E+00   2.66935E+01  -5.72221E-02
  0.00000E+00   2.77195E+01  -1.09689E-01
  0.00000E+00   2.90155E+01  -1.67541E-01
  0.00000E+00   3.03341E+01  -2.22772E-01
  0.00000E+00   3.14184E+01  -3.10603E-01
  0.00000E+00   3.23018E+01  -3.63347E-01
  0.00000E+00   3.29791E+01  -4.19665E-01
  0.00000E+00   3.33154E+01  -3.82233E-01
  0.00000E+00   3.34449E+01  -3.35696E-01
  0.00000E+00   3.37376E+01  -3.36112E-01
  0.00000E+00   3.42286E+01  -3.21765E-01
  0.00000E+00   3.50190E+01  -3.33082E-01
  0.00000E+00   3.62241E+01  -3.27523E-01
  0.00000E+00   3.76426E+01  -2.90984E-01
  0.00000E+00   3.89836E+01  -1.87314E-01
  0.00000E+00   4.00254E+01  -1.07331E-01
  0.00000E+00   4.08503E+01  -9.21642E-03
  0.00000E+00   4.12819E+01   1.43790E-01
  0.00000E+00   4.16854E+01   2.69767E-01
  0.00000E+00   4.27153E+01   3.44634E-01
  0.00000E+00   4.44321E+01   4.08108E-01
  0.00000E+00   4.63934E+01   4.01636E-01
  0.00000E+00   4.82613E+01   4.39639E-01
  0.00000E+00   5.00997E+01   5.32957E-01
  0.00000E+00   5.21608E+01   5.82428E-01
  0.00000E+00   5.43589E+01   6.86321E-01
  0.00000E+00   5.63068E+01   7.83266E-01
  0.00000E+00   5.77371E+01   8.12123E-01
  0.00000E+00   5.88616E+01   8.28234E-01
  0.00000E+00   5.99691E+01   7.84751E-01
  0.00000E+00   6.10062E+01   7.46413E-01
  0.00000E+00   6.24230E+01   6.63591E-01
  0.00000E+00   6.44048E+01   6.09928E-01
  0.00000E+00   6.59746E+01   5.75247E-01
  0.00000E+00   6.63315E+01   6.11226E-01
  0.00000E+00   6.52875E+01   7.41124E-01
  0.00000E+00   6.39269E+01   7.87651E-01
  0.00000E+00   6.25513E+01   7.90654E-01
  0.00000E+00   6.12047E+01   7.37834E-01
  0.00000E+00   5.91927E+01   5.78453E-01
  0.00000E+00   5.67087E+01   3.87362E-01
  0.00000E+00   5.49040E+01   1.39273E-01
  0.00000E+00   5.40287E+01  -1.86426E-01
  0.00000E+00   5.38047E+01  -4.72320E-01
  0.00000E+00   5.29831E+01  -5.16151E-01
  0.00000E+00   5.15229E+01  -3.03908E-01
  0.00000E+00   4.99955E+01  -1.35364E-01
  0.00000E+00   4.90002E+01   8.37056E-04
  0.00000E+00   4.83900E+01   1.48349E-01
  0.00000E+00   4.74843E+01   1.90303E-01
  0.00000E+00   4.66644E+01   8.26483E-02
  0.00000E+00   4.64946E+01  -4.96411E-02
  0.00000E+00   4.68538E+01  -2.31516E-01
  0.00000E+00   4.74794E+01  -4.34853E-01
  0.00000E+00   4.79599E+01  -6.99823E-01
  0.00000E+00   4.83623E+01  -8.95372E-01
  0.00000E+00   4.90674E+01  -1.03434E+00
  0.00000E+00   5.03467E+01  -1.23480E+00
  0.00000E+00   5.18190E+01  -1.47179E+00
  0.00000E+00   5.21016E+01  -1.75613E+00
  0.00000E+00   5.07095E+01  -1.95313E+00
  0.00000E+00   4.79882E+01  -2.04137E+00
  0.00000E+00   4.56120E+01  -1.90504E+00
  0.00000E+00   4.45117E+01  -1.79294E+00
  0.00000E+00   4.44844E+01  -1.68284E+00
  0.00000E+00   4.51623E+01  -1.55322E+00
  0.00000E+00   4.60525E+01  -1.45586E+00
  0.00000E+00   4.68585E+01  -1.34704E+00
  0.00000E+00   4.72409E+01  -1.24489E+00
  0.00000E+00   4.75099E+01  -1.09094E+00
  0.00000E+00   4.81108E+01  -9.30784E-01
  0.00000E+00   4.94293E+01  -8.38325E-01
  0.00000E+00   5.07426E+01  -8.38164E-01
  0.00000E+00   5.17953E+01  -7.95502E-01
  0.00000E+00   5.24523E+01  -7.76831E-01
  0.00000E+00   5.32875E+01  -8.25121E-01
  0.00000E+00   5.39567E+01  -8.28330E-01
  0.00000E+00   5.43579E+01  -8.23175E-01
  0.00000E+00   5.48186E+01  -8.04542E-01
  0.00000E+00   5.59451E+01  -8.40281E-01
  0.00000E+00   5.76737E+01  -9.72190E-01
  0.00000E+00   5.96985E+01  -1.03580E+00
  0.00000E+00   6.19301E+01  -1.17244E+00
  0.00000E+00   6.36300E+01  -1.20644E+00
  0.00000E+00   6.46820E+01  -1.16508E+00
  0.00000E+00   6.54147E+01  -1.13473E+00
  0.00000E+00   6.65061E+01  -1.19631E+00
  0.00000E+00   6.84292E+01  -1.26758E+00
  0.00000E+00   7.07549E+01  -1.38597E+00
  0.00000E+00   7.27597E+01  -1.46132E+00
  0.00000E+00   7.37526E+01  -1.54852E+00
  0.00000E+00   7.35168E+01  -1.50372E+00
  0.00000E+00   7.18793E+01  -1.39521E+00
  0.00000E+00   6.97345E+01  -1.40672E+00
  0.00000E+00   6.77377E+01  -1.31325E+00
  0.00000E+00   6.63580E+01  -1.08244E+00
  0.00000E+00   6.63249E+01  -9.37120E-01
  0.00000E+00   6.76562E+01  -9.27597E-01
  0.00000E+00   6.89389E+01  -9.15295E-01
  0.00000E+00   6.86372E+01  -9.17090E-01
  0.00000E+00   6.67022E+01  -8.40315E-01
  0.00000E+00   6.40221E+01  -5.26898E-01
  0.00000E+00   6.13999E+01  -2.72945E-01
  0.00000E+00   5.88130E+01  -1.55068E-02
  0.00000E+00   5.61651E+01   6.65212E-02
  0.00000E+00   5.41655E+01   1.60116E-01
  0.00000E+00   5.28451E+01   4.25723E-01
  0.00000E+00   5.20176E+01   5.70671E-01
  0.00000E+00   5.19378E+01   7.26333E-01
  0.00000E+00   5.18799E+01   8.75548E-01
  0.00000E+00   5.17426E+01   9.97875E-01
  0.00000E+00   5.19336E+01   1.12308E+00
  0.00000E+00   5.29741E+01   1.32073E+00
  0.00000E+00   5.43200E+01   1.62237E+00
  0.00000E+00   5.59058E+01   1.70136E+00
  0.00000E+00   5.71527E+01   1.67237E+00
  0.00000E+00   5.82989E+01   1.77026E+00
  0.00000E+00   5.91361E+01   1.85965E+00
  0.00000E+00   6.00002E+01   2.04398E+00
  0.00000E+00   6.12415E+01   2.20948E+00
  0.00000E+00   6.28033E+01   2.37355E+00
  0.00000E+00   6.45809E+01   2.46624E+00
  0.00000E+00   6.62099E+01   2.51498E+00
  0.00000E+00   6.76320E+01   2.52712E+00
  0.00000E+00   6.92096E+01   2.49747E+00
  0.00000E+00   7.04564E+01   2.48336E+00
  0.00000E+00   7.04889E+01   2.47050E+00
  0.00000E+00   6.99202E+01   2.32379E+00
  0.00000E+00   6.92657E+01   2.33391E+00
  0.00000E+00   6.90472E+01   2.35803E+00
  0.00000E+00   6.95067E+01   2.38246E+00
  0.00000E+00   7.00686E+01   2.34694E+00
  0.00000E+00   7.04914E+01   2.38104E+00
  0.00000E+00   7.03000E+01   2.39168E+00
  0.00000E+00   6.96864E+01   2.46023E+00
  0.00000E+00   6.86476E+01   2.48300E+00
  0.00000E+00   6.79572E+01   2.48972E+00
  0.00000E+00   6.69920E+01   2.42374E+00
  0.00000E+00   6.67131E+01   2.29323E+00
  0.00000E+00   6.72309E+01   2.15019E+00
  0.00000E+00   6.85498E+01   2.09701E+00
  0.00000E+00   6.96361E+01   2.01424E+00
  0.00000E+00   6.99857E+01   1.80691E+00
  0.00000E+00   7.01342E+01   1.52665E+00
  0.00000E+00   7.00962E+01   1.36378E+00
  0.00000E+00   7.02455E+01   1.28937E+00
  0.00000E+00   7.02761E+01   1.33102E+00
  0.00000E+00   7.00991E+01   1.31018E+00
  0.00000E+00   6.94259E+01   1.19519E+00
  0.00000E+00   6.90219E+01   1.15100E+00
  0.00000E+00   6.87737E+01   1.09011E+00
  0.00000E+00   6.85616E+01   1.05435E+00
  0.00000E+00   6.86527E+01   9.11242E-01
  0.00000E+00   6.89721E+01   7.71655E-01
  0.00000E+00   6.93893E+01   5.59597E-01
  0.00000E+00   6.95342E+01   4.73952E-01
  0.00000E+00   6.99118E+01   3.04515E-01
  0.00000E+00   7.07769E+01   1.83178E-01
  0.00000E+00   7.18302E+01   1.35999E-01
  0.00000E+00   7.33114E+01   9.54141E-02
  0.00000E+00   7.45029E+01  -5.47622E-02
  0.00000E+00   7.51337E+01  -1.92318E-01
  0.00000E+00   7.60879E+01  -3.03921E-01
  0.00000E+00   7.77084E+01  -3.65846E-01
  0.00000E+00   8.04639E+01  -4.02044E-01
  0.00000E+00   8.44279E+01  -3.10356E-01
  0.00000E+00   8.83659E+01  -4.22062E-01
  0.00000E+00   9.13463E+01  -2.93413E-01
  0.00000E+00   9.36626E+01  -1.72223E-01
  0.00000E+00   9.50535E+01  -1.29174E-01
  0.00000E+00   9.52605E+01  -1.75927E-01
  0.00000E+00   9.53461E+01  -2.65362E-01
  0.00000E+00   9.58705E+01  -2.92793E-01
  0.00000E+00   9.67827E+01  -2.41954E-01
  0.00000E+00   9.86952E+01  -3.78587E-01
  0.00000E+00   1.00290E+02  -4.35970E-01
  0.00000E+00   1.01095E+02  -4.23805E-01
  0.00000E+00   1.00855E+02  -4.52606E-01
  0.00000E+00   9.94448E+01  -4.45477E-01
  0.00000E+00   9.67375E+01  -4.76146E-01
  0.00000E+00   9.49181E+01  -5.74290E-01
  0.00000E+00   9.52403E+01  -5.40045E-01
  0.00000E+00   9.77957E+01  -4.74546E-01
  0.00000E+00   1.00259E+02  -4.28689E-01
  0.00000E+00   1.00616E+02  -9.36361E-02
  0.00000E+00   9.89511E+01   7.03970E-02
  0.00000E+00   9.57447E+01   1.56651E-01
  0.00000E+00   9.31860E+01   2.38575E-01
  0.00000E+00   9.26249E+01   3.86879E-01
  0.00000E+00   9.42637E+01   5.64381E-01
  0.00000E+00   9.66669E+01   6.17704E-01
  0.00000E+00   9.80821E+01   6.44174E-01
  0.00000E+00   9.84694E+01   7.95557E-01
  0.00000E+00   9.66387E+01   8.68222E-01
  0.00000E+00   9.34050E+01   1.01208E+00
  0.00000E+00   9.04099E+01   1.02111E+00
  0.00000E+00   8.89479E+01   9.35212E-01
  0.00000E+00   9.01218E+01   8.61392E-01
  0.00000E+00   9.28487E+01   9.51757E-01
  0.00000E+00   9.54035E+01   1.02278E+00
  0.00000E+00   9.52965E+01   1.07607E+00
  0.00000E+00   9.44660E+01   1.01106E+00
  0.00000E+00   9.33626E+01   8.93434E-01
  0.00000E+00   9.22380E+01   8.45451E-01
  0.00000E+00   9.25616E+01   7.17962E-01
  0.00000E+00   9.29176E+01   8.03655E-01
  0.00000E+00   9.34853E+01   7.39425E-01
  0.00000E+00   9.42380E+01   7.99136E-01
  0.00000E+00   9.50377E+01   8.83527E-01
  0.00000E+00   9.61343E+01   8.10566E-01
  0.00000E+00   9.66190E+01   6.20449E-01
  0.00000E+00   9.66685E+01   6.79012E-01
  0.00000E+00   9.69846E+01   6.44920E-01
  0.00000E+00   9.72733E+01   5.81874E-01
  0.00000E+00   9.69246E+01   7.21530E-01
  0.00000E+00   9.65647E+01   7.97086E-01
  0.00000E+00   9.61395E+01   7.72434E-01
  0.00000E+00   9.55739E+01   7.08472E-01
  0.00000E+00   9.45970E+01   5.91677E-01
  0.00000E+00   9.34236E+01   5.87892E-01
  0.00000E+00   9.24692E+01   5.04966E-01
  0.00000E+00   9.18188E+01   2.89072E-01
  0.00000E+00   9.09296E+01   9.51599E-02
  0.00000E+00   8.98803E+01  -2.74543E-02
  0.00000E+00   8.87928E+01   3.20979E-02
  0.00000E+00   8.80149E+01   2.45145E-01
  0.00000E+00   8.72127E+01   1.64947E-01
  0.00000E+00   8.63524E+01   3.32394E-01
  0.00000E+00   8.52979E+01   1.38384E-01
  0.00000E+00   8.35367E+01   1.02360E-01
  0.00000E+00   8.16147E+01  -1.79194E-02
  0.00000E+00   8.03428E+01   5.70526E-02
  0.00000E+00   7.95915E+01   9.39797E-02
  0.00000E+00   7.89730E+01   1.72510E-01
  0.00000E+00   7.85359E+01   2.62767E-01
  0.00000E+00   7.84378E+01   4.41165E-01
  0.00000E+00   7.93309E+01   4.85296E-01
  0.00000E+00   8.09234E+01   4.48888E-01
  0.00000E+00   8.21599E+01   4.91655E-01
  0.00000E+00   8.27346E+01   4.01949E-01
  0.00000E+00   8.30261E+01   4.15046E-01
  0.00000E+00   8.27782E+01   2.67899E-01
  0.00000E+00   8.22618E+01   2.79968E-01
  0.00000E+00   8.12293E+01   3.41884E-01
  0.00000E+00   8.06590E+01   4.01784E-01
  0.00000E+00   8.09606E+01   3.88983E-01
  0.00000E+00   8.21199E+01   4.91305E-01
  0.00000E+00   8.35391E+01   4.21948E-01
  0.00000E+00   8.37588E+01   2.87808E-01
  0.00000E+00   8.25755E+01   3.22489E-01
  0.00000E+00   8.06836E+01   3.66885E-01
  0.00000E+00   7.83388E+01   3.25408E-01
  0.00000E+00   7.65814E+01   3.07285E-01
  0.00000E+00   7.61429E+01   4.14620E-01
  0.00000E+00   7.70592E+01   3.78341E-01
  0.00000E+00   7.90441E+01   4.57937E-01
  0.00000E+00   8.05947E+01   4.55415E-01
  0.00000E+00   8.03036E+01   3.19521E-01
  0.00000E+00   7.92515E+01   7.29576E-02
  0.00000E+00   7.81353E+01  -8.33482E-02
  0.00000E+00   7.74876E+01  -3.50613E-01
  0.00000E+00   7.72567E+01  -5.90009E-01
  0.00000E+00   7.75542E+01  -8.37032E-01
  0.00000E+00   7.75492E+01  -9.64493E-01
  0.00000E+00   7.74379E+01  -8.22773E-01
  0.00000E+00   7.74373E+01  -7.29163E-01
  0.00000E+00   7.74086E+01  -8.28060E-01
  0.00000E+00   7.73249E+01  -9.59607E-01
  0.00000E+00   7.76166E+01  -1.11426E+00
  0.00000E+00   7.83075E+01  -1.29597E+00
  0.00000E+00   7.91272E+01  -1.50831E+00
  0.00000E+00   7.95883E+01  -1.72955E+00
  0.00000E+00   7.97951E+01  -1.94544E+00
  0.00000E+00   7.94063E+01  -2.00628E+00
  0.00000E+00   7.88158E+01  -2.16119E+00
  0.00000E+00   7.89021E+01  -2.34028E+00
  0.00000E+00   7.98498E+01  -2.54825E+00
  0.00000E+00   8.11751E+01  -2.82849E+00
  0.00000E+00   8.17300E+01  -2.86228E+00
  0.00000E+00   8.24301E+01  -2.80315E+00
  0.00000E+00   8.30588E+01  -2.73427E+00
  0.00000E+00   8.36148E+01  -2.68568E+00
  0.00000E+00   8.43453E+01  -2.67924E+00
  0.00000E+00   8.54287E+01  -2.65823E+00
  0.00000E+00   8.66650E+01  -2.66799E+00
  0.00000E+00   8.78886E+01  -2.77806E+00
  0.00000E+00   8.85959E+01  -2.87917E+00
  0.00000E+00   8.85189E+01  -2.93142E+00
  0.00000E+00   8.81243E+01  -3.02371E+00
  0.00000E+00   8.75845E+01  -3.09769E+00
  0.00000E+00   8.72202E+01  -3.10430E+00
  0.00000E+00   8.75389E+01  -3.25254E+00
  0.00000E+00   8.78514E+01  -3.43752E+00
  0.00000E+00   8.77215E+01  -3.51970E+00
  0.00000E+00   8.74218E+01  -3.59569E+00
  0.00000E+00   8.72887E+01  -3.66821E+00
  0.00000E+00   8.70403E+01  -3.69595E+00
  0.00000E+00   8.70004E+01  -3.69508E+00
  0.00000E+00   8.77033E+01  -3.64608E+00
  0.00000E+00   8.87456E+01  -3.60106E+00
  0.00000E+00   8.91714E+01  -3.67012E+00
  0.00000E+00   8.86194E+01  -3.64144E+00
  0.00000E+00   8.73018E+01  -3.66526E+00
  0.00000E+00   8.56059E+01  -3.59574E+00
  0.00000E+00   8.39792E+01  -3.64390E+00
  0.00000E+00   8.27053E+01  -3.85900E+00
  0.00000E+00   8.18317E+01  -3.92231E+00
  0.00000E+00   8.16069E+01  -3.98990E+00
  0.00000E+00   8.15498E+01  -3.98291E+00
  0.00000E+00   8.13540E+01  -4.01081E+00
  0.00000E+00   7.99376E+01  -3.98617E+00
  0.00000E+00   7.84074E+01  -4.02211E+00
  0.00000E+00   7.73626E+01  -4.07384E+00
  0.00000E+00   7.70000E+01  -4.11933E+00
  0.00000E+00   7.79231E+01  -4.14457E+00
  0.00000E+00   7.94678E+01  -4.20204E+00
  0.00000E+00   8.06504E+01  -4.14731E+00
  0.00000E+00   8.20084E+01  -3.85179E+00
  0.00000E+00   8.28439E+01  -3.63535E+00
  0.00000E+00   8.36013E+01  -3.44132E+00
  0.00000E+00   8.40593E+01  -3.32713E+00
  0.00000E+00   8.43118E+01  -3.28881E+00
  0.00000E+00   8.48345E+01  -3.33185E+00
  0.00000E+00   8.56616E+01  -3.36284E+00
  0.00000E+00   8.67545E+01  -3.39353E+00
  0.00000E+00   8.77447E+01  -3.35523E+00
  0.00000E+00   8.89328E+01  -3.40514E+00
  0.00000E+00   9.00771E+01  -3.62309E+00
  0.00000E+00   9.09464E+01  -3.73817E+00
  0.00000E+00   9.17244E+01  -3.74899E+00
  0.00000E+00   9.25547E+01  -3.74837E+00
  0.00000E+00   9.35832E+01  -3.89927E+00
  0.00000E+00   9.51673E+01  -3.98048E+00
  0.00000E+00   9.67889E+01  -3.96590E+00
  0.00000E+00   9.83515E+01  -4.06065E+00
  0.00000E+00   9.98909E+01  -4.18929E+00
  0.00000E+00   1.00888E+02  -4.00800E+00
  0.00000E+00   1.01833E+02  -3.80393E+00
  0.00000E+00   1.02405E+02  -3.55537E+00
  0.00000E+00   1.02822E+02  -3.28287E+00
  0.00000E+00   1.02916E+02  -3.20885E+00
  0.00000E+00   1.02374E+02  -2.86914E+00
  0.00000E+00   1.01563E+02  -2.53599E+00
  0.00000E+00   1.00458E+02  -2.31727E+00
  0.00000E+00   9.95919E+01  -2.11503E+00
  0.00000E+00   9.87671E+01  -1.86502E+00
  0.00000E+00   9.81653E+01  -1.55444E+00
  0.00000E+00   9.88598E+01  -1.31445E+00
  0.00000E+00   9.96929E+01  -9.44526E-01
  0.00000E+00   9.96472E+01  -6.67579E-01
  0.00000E+00   9.90887E+01  -4.57739E-01
  0.00000E+00   9.80334E+01  -2.38448E-01
  0.00000E+00   9.71781E+01  -1.64960E-01
  0.00000E+00   9.69587E+01  -1.24794E-01
  0.00000E+00   9.71272E+01  -1.06700E-01
  0.00000E+00   9.77821E+01   7.14514E-02
  0.00000E+00   9.82512E+01   1.30746E-01
  0.00000E+00   9.85774E+01   2.11830E-01
  0.00000E+00   9.83651E+01   3.20749E-01
  0.00000E+00   9.74409E+01   4.22222E-01
  0.00000E+00   9.68048E+01   5.93824E-01
  0.00000E+00   9.71181E+01   7.79686E-01
  0.00000E+00   9.82705E+01   8.92776E-01
  0.00000E+00   9.95890E+01   9.91327E-01
  0.00000E+00   1.01132E+02   1.17326E+00
  0.00000E+00   1.02843E+02   1.33369E+00
  0.00000E+00   1.04132E+02   1.30109E+00
  0.00000E+00   1.05202E+02   1.41398E+00
  0.00000E+00   1.05448E+02   1.55033E+00
  0.00000E+00   1.04808E+02   1.64811E+00
  0.00000E+00   1.04710E+02   1.92454E+00
  0.00000E+00   1.05274E+02   2.13879E+00
  0.00000E+00   1.05714E+02   2.22325E+00
  0.00000E+00   1.05344E+02   2.11434E+00
  0.00000E+00   1.04115E+02   2.03462E+00
  0.00000E+00   1.02296E+02   2.14058E+00
  0.00000E+00   1.01112E+02   2.19159E+00
  0.00000E+00   1.01004E+02   2.44645E+00
  0.00000E+00   1.01865E+02   2.46947E+00
  0.00000E+00   1.03705E+02   2.47518E+00
  0.00000E+00   1.05400E+02   2.70541E+00
  0.00000E+00   1.06299E+02   3.02497E+00
  0.00000E+00   1.05880E+02   3.30984E+00
  0.00000E+00   1.05455E+02   3.55125E+00
  0.00000E+00   1.05340E+02   3.58708E+00
  0.00000E+00   1.06590E+02   3.59678E+00
  0.00000E+00   1.08819E+02   3.37720E+00
  0.00000E+00   1.11038E+02   3.21039E+00
  0.00000E+00   1.11994E+02   3.08183E+00
  0.00000E+00   1.10433E+02   2.81942E+00
  0.00000E+00   1.07596E+02   2.67827E+00
  0.00000E+00   1.05083E+02   2.58906E+00
  0.00000E+00   1.03649E+02   2.23829E+00
  0.00000E+00   1.03703E+02   1.96511E+00
  0.00000E+00   1.04804E+02   1.87544E+00
  0.00000E+00   1.05884E+02   1.83123E+00
  0.00000E+00   1.06745E+02   1.95489E+00
  0.00000E+00   1.06802E+02   1.94529E+00
  0.00000E+00   1.06897E+02   2.05297E+00
  0.00000E+00   1.07639E+02   1.99414E+00
  0.00000E+00   1.09408E+02   1.92933E+00
  0.00000E+00   1.11731E+02   1.88638E+00
  0.00000E+00   1.14275E+02   1.92308E+00
  0.00000E+00   1.16237E+02   1.94010E+00
  0.00000E+00   1.17120E+02   1.96385E+00
  0.00000E+00   1.18539E+02   1.96682E+00
  0.00000E+00   1.20380E+02   1.92963E+00
  0.00000E+00   1.23026E+02   2.02511E+00
  0.00000E+00   1.26430E+02   2.28720E+00
  0.00000E+00   1.29386E+02   2.39749E+00
  0.00000E+00   1.31553E+02   2.41069E+00
  0.00000E+00   1.33179E+02   2.54251E+00
  0.00000E+00   1.34589E+02   2.58404E+00
  0.00000E+00   1.35663E+02   2.60013E+00
  0.00000E+00   1.37015E+02   2.59786E+00
  0.00000E+00   1.39024E+02   2.59456E+00
  0.00000E+00   1.41971E+02   2.63007E+00
  0.00000E+00   1.44092E+02   2.65827E+00
  0.00000E+00   1.46317E+02   2.81193E+00
  0.00000E+00   1.49061E+02   2.84112E+00
  0.00000E+00   1.52637E+02   3.12097E+00
  0.00000E+00   1.56520E+02   3.28395E+00
  0.00000E+00   1.59339E+02   3.32039E+00
  0.00000E+00   1.61392E+02   3.23233E+00
  0.00000E+00   1.62975E+02   3.26174E+00
  0.00000E+00   1.64863E+02   3.33261E+00
  0.00000E+00   1.66773E+02   3.52915E+00
  0.00000E+00   1.67956E+02   3.81199E+00
  0.00000E+00   1.69265E+02   4.02412E+00
  0.00000E+00   1.69471E+02   3.96590E+00
  0.00000E+00   1.69221E+02   3.90931E+00
  0.00000E+00   1.69760E+02   3.87732E+00
  0.00000E+00   1.70312E+02   3.63524E+00
  0.00000E+00   1.70493E+02   3.58252E+00
  0.00000E+00   1.69755E+02   3.45843E+00
  0.00000E+00   1.70145E+02   3.64584E+00
  0.00000E+00   1.71080E+02   3.77343E+00
  0.00000E+00   1.71530E+02   3.67958E+00
  0.00000E+00   1.70560E+02   3.43063E+00
  0.00000E+00   1.70186E+02   2.88254E+00
  0.00000E+00   1.69263E+02   2.66750E+00
  0.00000E+00   1.66559E+02   2.51344E+00
  0.00000E+00   1.63487E+02   2.53899E+00
  0.00000E+00   1.60018E+02   2.38292E+00
  0.00000E+00   1.57521E+02   2.21647E+00
  0.00000E+00   1.53993E+02   2.09019E+00
  0.00000E+00   1.50925E+02   2.36974E+00
  0.00000E+00   1.48694E+02   2.50376E+00
  0.00000E+00   1.47628E+02   2.41568E+00
  0.00000E+00   1.48268E+02   2.53045E+00
  0.00000E+00   1.50409E+02   2.30610E+00
  0.00000E+00   1.51032E+02   2.05903E+00
  0.00000E+00   1.51298E+02   2.27177E+00
  0.00000E+00   1.50699E+02   2.08008E+00
  0.00000E+00   1.49466E+02   1.95932E+00
  0.00000E+00   1.49568E+02   1.88206E+00
  0.00000E+00   1.50274E+02   1.68292E+00
  0.00000E+00   1.52598E+02   1.51342E+00
  0.00000E+00   1.55052E+02   1.20051E+00
  0.00000E+00   1.58504E+02   9.17178E-01
  0.00000E+00   1.61393E+02   8.54504E-01
  0.00000E+00   1.62585E+02   6.33238E-01
  0.00000E+00   1.63024E+02   6.42578E-01
  0.00000E+00   1.62532E+02   5.74373E-01
  0.00000E+00   1.62745E+02   5.67555E-01
  0.00000E+00   1.62120E+02   5.94969E-01
  0.00000E+00   1.61212E+02   4.11690E-01
  0.00000E+00   1.60395E+02   2.88842E-01
  0.00000E+00   1.60130E+02   7.72683E-02
  0.00000E+00   1.61380E+02  -4.07647E-02
  0.00000E+00   1.63498E+02  -1.60707E-01
  0.00000E+00   1.67575E+02  -2.15784E-01
  0.00000E+00   1.71078E+02  -2.20311E-01
  0.00000E+00   1.73460E+02  -3.28657E-01
  0.00000E+00   1.73833E+02  -3.29314E-01
  0.00000E+00   1.72038E+02  -3.66739E-01
  0.00000E+00   1.69669E+02  -6.91900E-01
  0.00000E+00   1.67695E+02  -8.96983E-01
  0.00000E+00   1.66408E+02  -1.17450E+00
  0.00000E+00   1.66495E+02  -1.52891E+00
  0.00000E+00   1.68417E+02  -1.57902E+00
  0.00000E+00   1.70755E+02  -1.40029E+00
  0.00000E+00   1.73248E+02  -1.21514E+00
  0.00000E+00   1.75460E+02  -1.14813E+00
  0.00000E+00   1.78849E+02  -9.16312E-01
  0.00000E+00   1.82072E+02  -8.63688E-01
  0.00000E+00   1.85143E+02  -8.95206E-01
  0.00000E+00   1.87545E+02  -1.04337E+00
  0.00000E+00   1.91089E+02  -9.74022E-01
  0.00000E+00   1.94949E+02  -1.07039E+00
  0.00000E+00   1.99201E+02  -9.77059E-01
  0.00000E+00   2.03716E+02  -9.18815E-01
  0.00000E+00   2.08921E+02  -8.90913E-01
  0.00000E+00   2.15837E+02  -9.02540E-01
  0.00000E+00   2.21731E+02  -9.23361E-01
  0.00000E+00   2.25266E+02  -9.65674E-01
  0.00000E+00   2.26441E+02  -9.86042E-01
  0.00000E+00   2.27090E+02  -9.66885E-01
  0.00000E+00   2.28689E+02  -9.78185E-01
  0.00000E+00   2.30242E+02  -1.03071E+00
  0.00000E+00   2.32766E+02  -1.21410E+00
  0.00000E+00   2.35200E+02  -1.02007E+00
  0.00000E+00   2.35342E+02  -1.20176E+00
  0.00000E+00   2.36249E+02  -1.33447E+00
  0.00000E+00   2.36170E+02  -1.30086E+00
  0.00000E+00   2.34229E+02  -1.43837E+00
  0.00000E+00   2.33432E+02  -1.35196E+00
  0.00000E+00   2.33896E+02  -1.24552E+00
  0.00000E+00   2.35365E+02  -9.15992E-01
  0.00000E+00   2.36433E+02  -8.78144E-01
  0.00000E+00   2.35733E+02  -6.70309E-01
  0.00000E+00   2.35861E+02  -5.17245E-01
  0.00000E+00   2.35241E+02  -6.38103E-01
  0.00000E+00   2.34461E+02  -6.64000E-01
  0.00000E+00   2.35167E+02  -1.05176E+00
  0.00000E+00   2.35103E+02  -1.24912E+00
  0.00000E+00   2.33524E+02  -1.35093E+00
  0.00000E+00   2.32330E+02  -1.62117E+00
  0.00000E+00   2.29518E+02  -1.63560E+00
  0.00000E+00   2.27970E+02  -1.82560E+00
  0.00000E+00   2.26912E+02  -2.06561E+00
  0.00000E+00   2.27498E+02  -2.11218E+00
  0.00000E+00   2.28700E+02  -1.94973E+00
  0.00000E+00   2.31377E+02  -1.94794E+00
  0.00000E+00   2.33711E+02  -1.94364E+00
  0.00000E+00   2.34414E+02  -1.94672E+00
  0.00000E+00   2.32609E+02  -1.80426E+00
  0.00000E+00   2.30684E+02  -1.88638E+00
  0.00000E+00   2.29474E+02  -2.00690E+00
  0.00000E+00   2.30342E+02  -2.02288E+00
  0.00000E+00   2.32982E+02  -2.03296E+00
  0.00000E+00   2.34682E+02  -1.81795E+00
  0.00000E+00   2.36202E+02  -1.86075E+00
  0.00000E+00   2.38747E+02  -2.15925E+00
  0.00000E+00   2.39883E+02  -2.11167E+00
  0.00000E+00   2.38866E+02  -2.13633E+00
  0.00000E+00   2.37836E+02  -2.17994E+00
  0.00000E+00   2.36909E+02  -2.39223E+00
  0.00000E+00   2.36281E+02  -2.63271E+00
  0.00000E+00   2.35812E+02  -2.92952E+00
  0.00000E+00   2.35278E+02  -3.42852E+00
  0.00000E+00   2.32050E+02  -3.75490E+00
  0.00000E+00   2.28284E+02  -3.86198E+00
  0.00000E+00   2.22589E+02  -4.07393E+00
  0.00000E+00   2.14652E+02  -4.07405E+00
  0.00000E+00   2.07152E+02  -3.82622E+00
  0.00000E+00   2.00444E+02  -3.81546E+00
  0.00000E+00   1.96550E+02  -3.70111E+00
  0.00000E+00   1.95518E+02  -3.94069E+00
  0.00000E+00   1.97789E+02  -4.00502E+00
  0.00000E+00   1.97442E+02  -3.82355E+00
  0.00000E+00   1.94410E+02  -3.86719E+00
  0.00000E+00   1.90877E+02  -3.61800E+00
  0.00000E+00   1.86593E+02  -3.24562E+00
  0.00000E+00   1.83219E+02  -2.76519E+00
  0.00000E+00   1.81020E+02  -2.88128E+00
  0.00000E+00   1.81018E+02  -2.70368E+00
  0.00000E+00   1.83596E+02  -2.64677E+00
  0.00000E+00   1.85381E+02  -2.43026E+00
  0.00000E+00   1.85771E+02  -2.28731E+00
  0.00000E+00   1.84858E+02  -2.11499E+00
  0.00000E+00   1.82580E+02  -2.10499E+00
  0.00000E+00   1.80684E+02  -2.00447E+00
  0.00000E+00   1.78185E+02  -1.96535E+00
  0.00000E+00   1.78124E+02  -1.81977E+00
  0.00000E+00   1.79008E+02  -1.79438E+00
  0.00000E+00   1.80745E+02  -1.91098E+00
  0.00000E+00   1.81931E+02  -1.65673E+00
  0.00000E+00   1.83934E+02  -1.28983E+00
  0.00000E+00   1.84807E+02  -7.36307E-01
  0.00000E+00   1.85098E+02  -5.33260E-01
  0.00000E+00   1.85241E+02  -4.06812E-01
  0.00000E+00   1.86390E+02  -3.78500E-01
  0.00000E+00   1.87628E+02  -3.79752E-01
  0.00000E+00   1.89789E+02  -3.04385E-01
  0.00000E+00   1.92367E+02  -2.53637E-01
  0.00000E+00   1.93365E+02  -2.08287E-01
  0.00000E+00   1.93949E+02  -1.50301E-01
  0.00000E+00   1.93678E+02  -3.50582E-01
  0.00000E+00   1.93621E+02  -4.02749E-01
  0.00000E+00   1.94159E+02  -4.88174E-01
  0.00000E+00   1.94350E+02  -6.58211E-01
  0.00000E+00   1.96392E+02  -6.53798E-01
  0.00000E+00   1.99416E+02  -5.29697E-01
  0.00000E+00   2.03381E+02  -7.24631E-01
  0.00000E+00   2.05001E+02  -9.03797E-01
  0.00000E+00   2.06141E+02  -1.39556E+00
  0.00000E+00   2.06025E+02  -1.42042E+00
  0.00000E+00   2.05636E+02  -1.58048E+00
  0.00000E+00   2.05992E+02  -1.58063E+00
  0.00000E+00   2.07161E+02  -1.51429E+00
  0.00000E+00   2.09037E+02  -1.77259E+00
  0.00000E+00   2.11677E+02  -1.85469E+00
  0.00000E+00   2.13837E+02  -2.04199E+00
  0.00000E+00   2.15125E+02  -2.23738E+00
  0.00000E+00   2.14317E+02  -2.33169E+00
  0.00000E+00   2.12870E+02  -2.23571E+00
  0.00000E+00   2.11047E+02  -2.17692E+00
  0.00000E+00   2.08937E+02  -2.06872E+00
  0.00000E+00   2.05581E+02  -2.20349E+00
  0.00000E+00   2.03271E+02  -2.43362E+00
  0.00000E+00   2.01945E+02  -2.63728E+00
  0.00000E+00   2.01321E+02  -2.84967E+00
  0.00000E+00   2.00192E+02  -3.16691E+00
  0.00000E+00   1.99379E+02  -3.12247E+00
  0.00000E+00   1.98893E+02  -3.17190E+00
  0.00000E+00   1.98307E+02  -3.48533E+00
  0.00000E+00   1.98443E+02  -3.64646E+00
  0.00000E+00   1.99200E+02  -3.52682E+00
  0.00000E+00   1.99940E+02  -3.52838E+00
  0.00000E+00   2.01586E+02  -3.42227E+00
  0.00000E+00   2.02610E+02  -3.43965E+00
  0.00000E+00   2.00858E+02  -3.35147E+00
  0.00000E+00   1.96905E+02  -3.24247E+00
  0.00000E+00   1.90176E+02  -2.95189E+00
  0.00000E+00   1.84532E+02  -2.79946E+00
  0.00000E+00   1.77302E+02  -2.77385E+00
  0.00000E+00   1.73292E+02  -3.16772E+00
  0.00000E+00   1.69154E+02  -3.13018E+00
  0.00000E+00   1.65531E+02  -3.48048E+00
  0.00000E+00   1.62174E+02  -3.53967E+00
  0.00000E+00   1.58480E+02  -3.66168E+00
  0.00000E+00   1.55320E+02  -3.74574E+00
  0.00000E+00   1.53101E+02  -3.55033E+00
  0.00000E+00   1.53432E+02  -3.30422E+00
  0.00000E+00   1.53599E+02  -3.03707E+00
  0.00000E+00   1.54887E+02  -2.82356E+00
  0.00000E+00   1.53835E+02  -2.47427E+00
  0.00000E+00   1.51505E+02  -2.34284E+00
  0.00000E+00   1.48606E+02  -2.18296E+00
  0.00000E+00   1.45501E+02  -2.00171E+00
  0.00000E+00   1.43230E+02  -2.18370E+00
  0.00000E+00   1.41503E+02  -2.10699E+00
  0.00000E+00   1.41281E+02  -2.30257E+00
  0.00000E+00   1.42580E+02  -2.22656E+00
  0.00000E+00   1.44010E+02  -2.32174E+00
  0.00000E+00   1.44747E+02  -2.32421E+00
  0.00000E+00   1.45323E+02  -2.37641E+00
  0.00000E+00   1.46407E+02  -2.37102E+00
  0.00000E+00   1.47818E+02  -2.55972E+00
  0.00000E+00   1.49079E+02  -2.71154E+00
  0.00000E+00   1.50027E+02  -2.98048E+00
  0.00000E+00   1.50628E+02  -3.23247E+00
  0.00000E+00   1.51149E+02  -3.18251E+00
  0.00000E+00   1.52345E+02  -3.33107E+00
  0.00000E+00   1.54690E+02  -3.46571E+00
  0.00000E+00   1.57073E+02  -3.47586E+00
  0.00000E+00   1.57725E+02  -3.51958E+00
  0.00000E+00   1.56581E+02  -3.57970E+00
  0.00000E+00   1.55562E+02  -3.54534E+00
  0.00000E+00   1.55701E+02  -3.50381E+00
  0.00000E+00   1.57645E+02  -3.44076E+00
  0.00000E+00   1.60215E+02  -3.39515E+00
  0.00000E+00   1.61852E+02  -3.38607E+00
  0.00000E+00   1.63397E+02  -3.40248E+00
  0.00000E+00   1.65463E+02  -3.29317E+00
  0.00000E+00   1.67412E+02  -3.46479E+00
  0.00000E+00   1.69039E+02  -3.47949E+00
  0.00000E+00   1.70305E+02  -3.50127E+00
  0.00000E+00   1.71386E+02  -3.56276E+00
  0.00000E+00   1.71949E+02  -3.68017E+00
  0.00000E+00   1.72556E+02  -3.79317E+00
  0.00000E+00   1.73351E+02  -3.62723E+00
  0.00000E+00   1.73758E+02  -3.61416E+00
  0.00000E+00   1.74182E+02  -3.59833E+00
  0.00000E+00   1.75031E+02  -3.69942E+00
  0.00000E+00   1.76443E+02  -3.74225E+00
  0.00000E+00   1.77686E+02  -3.72795E+00
  0.00000E+00   1.78933E+02  -3.55650E+00
  0.00000E+00   1.80062E+02  -3.68130E+00
  0.00000E+00   1.80596E+02  -3.65849E+00
  0.00000E+00   1.81260E+02  -3.95271E+00
  0.00000E+00   1.81937E+02  -3.91295E+00
  0.00000E+00   1.82612E+02  -4.10741E+00
  0.00000E+00   1.83889E+02  -4.28995E+00
  0.00000E+00   1.84543E+02  -4.46458E+00
  0.00000E+00   1.84586E+02  -4.66012E+00
  0.00000E+00   1.84017E+02  -4.42206E+00
  0.00000E+00   1.83563E+02  -4.31458E+00
  0.00000E+00   1.84321E+02  -4.09657E+00
  0.00000E+00   1.86200E+02  -3.95784E+00
  0.00000E+00   1.87468E+02  -3.71699E+00
  0.00000E+00   1.87335E+02  -3.51009E+00
  0.00000E+00   1.86952E+02  -3.33313E+00
  0.00000E+00   1.84855E+02  -2.91529E+00
  0.00000E+00   1.80956E+02  -2.59609E+00
  0.00000E+00   1.78338E+02  -2.51688E+00
  0.00000E+00   1.77274E+02  -2.42588E+00
  0.00000E+00   1.77932E+02  -2.22316E+00
  0.00000E+00   1.78879E+02  -2.16327E+00
  0.00000E+00   1.79435E+02  -2.07236E+00
  0.00000E+00   1.80243E+02  -1.69684E+00
  0.00000E+00   1.79576E+02  -1.35968E+00
  0.00000E+00   1.77841E+02  -1.09413E+00
  0.00000E+00   1.76884E+02  -6.44120E-01
  0.00000E+00   1.76027E+02  -2.00554E-03
  0.00000E+00   1.78023E+02   2.91990E-01
  0.00000E+00   1.81324E+02   5.92908E-01
  0.00000E+00   1.82372E+02   7.20018E-01
  0.00000E+00   1.79459E+02   9.08761E-01
  0.00000E+00   1.73961E+02   1.12201E+00
  0.00000E+00   1.68690E+02   1.28279E+00
  0.00000E+00   1.65408E+02   1.21133E+00
  0.00000E+00   1.65665E+02   1.22410E+00
  0.00000E+00   1.67841E+02   1.10839E+00
  0.00000E+00   1.70386E+02   1.08121E+00
  0.00000E+00   1.70527E+02   1.18832E+00
  0.00000E+00   1.68666E+02   1.26168E+00
  0.00000E+00   1.64675E+02   1.33102E+00
  0.00000E+00   1.61709E+02   1.30298E+00
  0.00000E+00   1.59937E+02   1.39383E+00
  0.00000E+00   1.59031E+02   1.37929E+00
  0.00000E+00   1.58407E+02   1.49323E+00
  0.00000E+00   1.58287E+02   1.48496E+00
  0.00000E+00   1.58220E+02   1.53867E+00
  0.00000E+00   1.58331E+02   1.42694E+00
  0.00000E+00   1.58656E+02   1.18912E+00
  0.00000E+00   1.59558E+02   9.07206E-01
  0.00000E+00   1.60168E+02   6.07718E-01
  0.00000E+00   1.61251E+02   5.17327E-01
  0.00000E+00   1.62055E+02   4.68100E-01
  0.00000E+00   1.63116E+02   2.32896E-01
  0.00000E+00   1.63880E+02   1.31792E-01
  0.00000E+00   1.65840E+02  -1.79442E-01
  0.00000E+00   1.69030E+02  -2.31461E-01
  0.00000E+00   1.72997E+02  -5.81222E-01
  0.00000E+00   1.76513E+02  -8.09102E-01
  0.00000E+00   1.79261E+02  -9.69547E-01
  0.00000E+00   1.80296E+02  -1.10594E+00
  0.00000E+00   1.79802E+02  -1.27590E+00
  0.00000E+00   1.78757E+02  -1.36926E+00
  0.00000E+00   1.78438E+02  -1.50717E+00
  0.00000E+00   1.78118E+02  -1.88213E+00
  0.00000E+00   1.78610E+02  -2.15093E+00
  0.00000E+00   1.80177E+02  -2.58210E+00
  0.00000E+00   1.81478E+02  -2.85912E+00
  0.00000E+00   1.80384E+02  -2.86012E+00
  0.00000E+00   1.77582E+02  -2.89129E+00
  0.00000E+00   1.75000E+02  -2.81381E+00
