  0.00000E+00  -1.80668E-03  -2.22183E-04
  0.00000E+00  -3.04982E-06  -4.18146E-04
  0.00000E+00   4.32533E-03  -5.47008E-04
  0.00000E+00   7.64353E-03  -6.52014E-04
  0.00000E+00   1.05010E-02  -7.09826E-04
  0.00000E+00   1.35998E-02  -6.85820E-04
  0.00000E+00   1.73023E-02  -5.96354E-04
  0.00000E+00   2.19401E-02  -4.50920E-04
  0.00000E+00   2.78557E-02  -2.49487E-04
  0.00000E+00   3.54049E-02   1.72337E-05
  0.00000E+00   4.49893E-02   3.65214E-04
  0.00000E+00   5.71008E-02   8.18828E-04
  0.00000E+00   7.23753E-02   1.40986E-03
  0.00000E+00   9.16219E-02   2.18438E-03
  0.00000E+00   1.15838E-01   3.19895E-03
  0.00000E+00   1.46265E-01   4.52515E-03
  0.00000E+00   1.84436E-01   6.24035E-03
  0.00000E+00   2.32246E-01   8.42958E-03
  0.00000E+00   2.92030E-01   1.11850E-02
  0.00000E+00   3.66615E-01   1.45973E-02
  0.00000E+00   4.59393E-01   1.87449E-02
  0.00000E+00   5.74378E-01   2.36869E-02
  0.00000E+00   7.16243E-01   2.94580E-02
  0.00000E+00   8.90339E-01   3.60558E-02
  0.00000E+00   1.10268E+00   4.34243E-02
  0.00000E+00   1.35984E+00   5.14216E-02
  0.00000E+00   1.66888E+00   5.97822E-02
  0.00000E+00   2.03711E+00   6.80797E-02
  0.00000E+00   2.47211E+00   7.57014E-02
  0.00000E+00   2.98151E+00   8.18887E-02
  0.00000E+00   3.57306E+00   8.58336E-02
  0.00000E+00   4.25461E+00   8.68167E-02
  0.00000E+00   5.03380E+00   8.43786E-02
  0.00000E+00   5.91809E+00   7.84462E-02
  0.00000E+00   6.91465E+00   6.95267E-02
  0.00000E+00   8.02970E+00   5.88359E-02
  0.00000E+00   9.26786E+00   4.83920E-02
  0.00000E+00   1.06320E+01   4.09264E-02
  0.00000E+00   1.21232E+01   3.98796E-02
  0.00000E+00   1.37413E+01   5.03568E-02
  0.00000E+00   1.54831E+01   7.72204E-02
  0.00000E+00   1.73323E+01   1.24697E-01
  0.00000E+00   1.92641E+01   1.97037E-01
  0.00000E+00   2.12438E+01   2.87026E-01
  0.00000E+00   2.32287E+01   3.66130E-01
  0.00000E+00   2.52052E+01   4.00743E-01
  0.00000E+00   2.72185E+01   3.66209E-01
  0.00000E+00   2.91841E+01   3.06060E-01
  0.00000E+00   3.07626E+01   2.60119E-01
  0.00000E+00   3.17941E+01   3.29133E-01
  0.00000E+00   3.23123E+01   4.82639E-01
  0.00000E+00   3.16489E+01   5.48746E-01
  0.00000E+00   2.94192E+01   4.57666E-01
  0.00000E+00   2.66319E+01   3.67181E-01
  0.00000E+00   2.44587E+01   2.26847E-01
  0.00000E+00   2.37077E+01   7.98255E-03
  0.00000E+00   2.39671E+01  -2.29785E-01
  0.00000E+00   2.54348E+01  -3.36646E-01
  0.00000E+00   2.82292E+01  -3.11386E-01
  0.00000E+00   3.17389E+01  -1.80585E-01
  0.00000E+00   3.50864E+01  -1.41903E-01
  0.00000E+00   3.77360E+01  -1.19140E-01
  0.00000E+00   3.89706E+01  -1.16325E-01
  0.00000E+00   3.82924E+01  -1.67122E-01
  0.00000E+00   3.58105E+01  -1.02407E-01
  0.00000E+00   3.28977E+01   2.79444E-02
  0.00000E+00   3.02468E+01   9.92152E-02
  0.00000E+00   2.84384E+01   9.43552E-02
  0.00000E+00   2.77663E+01   6.08099E-02
  0.00000E+00   2.80372E+01   1.62527E-01
  0.00000E+00   2.87617E+01   3.14098E-01
  0.00000E+00   2.97604E+01   4.14370E-01
  0.00000E+00   3.11264E+01   4.56656E-01
  0.00000E+00   3.26834E+01   5.24047E-01
  0.00000E+00   3.43248E+01   5.53885E-01
  0.00000E+00   3.57810E+01   5.13543E-01
  0.00000E+00   3.68660E+01   4.35662E-01
  0.00000E+00   3.77222E+01   3.50498E-01
  0.00000E+00   3.83446E+01   3.35777E-01
  0.00000E+00   3.85994E+01   4.44039E-01
  0.00000E+00   3.87010E+01   5.74107E-01
  0.00000E+00   3.88632E+01   6.48529E-01
  0.00000E+00   3.90957E+01   7.25832E-01
  0.00000E+00   3.94468E+01   7.78859E-01
  0.00000E+00   4.00858E+01   7.99215E-01
  0.00000E+00   4.09629E+01   7.89870E-01
  0.00000E+00   4.15227E+01   7.55356E-01
  0.00000E+00   4.13179E+01   7.20882E-01
  0.00000E+00   4.09062E+01   6.90512E-01
  0.00000E+00   4.10396E+01   6.52180E-01
  0.00000E+00   4.19813E+01   6.57799E-01
  0.00000E+00   4.34611E+01   6.98162E-01
  0.00000E+00   4.49003E+01   7.37593E-01
  0.00000E+00   4.60478E+01   8.60063E-01
  0.00000E+00   4.68108E+01   1.00631E+00
  0.00000E+00   4.69453E+01   1.07786E+00
  0.00000E+00   4.62793E+01   1.11686E+00
  0.00000E+00   4.45808E+01   1.01904E+00
  0.00000E+00   4.27576E+01   8.25278E-01
  0.00000E+00   4.16407E+01   5.91663E-01
  0.00000E+00   4.06555E+01   4.48493E-01
  0.00000E+00   3.86704E+01   2.78468E-01
  0.00000E+00   3.64683E+01   1.91033E-01
  0.00000E+00   3.47437E+01   1.90841E-01
  0.00000E+00   3.36804E+01   2.33576E-01
  0.00000E+00   3.27642E+01   2.30010E-01
  0.00000E+00   3.22495E+01   2.45697E-01
  0.00000E+00   3.25393E+01   2.54187E-01
  0.00000E+00   3.35848E+01   2.86038E-01
  0.00000E+00   3.52518E+01   3.08025E-01
  0.00000E+00   3.71394E+01   3.39902E-01
  0.00000E+00   3.88089E+01   3.50810E-01
  0.00000E+00   4.02066E+01   3.45024E-01
  0.00000E+00   4.14214E+01   2.63949E-01
  0.00000E+00   4.21865E+01   1.10407E-01
  0.00000E+00   4.23306E+01  -3.97523E-03
  0.00000E+00   4.22972E+01  -1.30336E-01
  0.00000E+00   4.26122E+01  -2.71368E-01
  0.00000E+00   4.31297E+01  -4.19967E-01
  0.00000E+00   4.36834E+01  -4.79580E-01
  0.00000E+00   4.42777E+01  -4.85110E-01
  0.00000E+00   4.48604E+01  -4.31832E-01
  0.00000E+00   4.54241E+01  -5.50570E-01
  0.00000E+00   4.63937E+01  -7.46985E-01
  0.00000E+00   4.76287E+01  -1.06224E+00
  0.00000E+00   4.86140E+01  -1.37026E+00
  0.00000E+00   4.92358E+01  -1.58406E+00
  0.00000E+00   4.94516E+01  -1.71616E+00
  0.00000E+00   4.99892E+01  -1.72817E+00
  0.00000E+00   5.11156E+01  -1.67271E+00
  0.00000E+00   5.22716E+01  -1.55244E+00
  0.00000E+00   5.25954E+01  -1.55206E+00
  0.00000E+00   5.21388E+01  -1.60777E+00
  0.00000E+00   5.15836E+01  -1.68782E+00
  0.00000E+00   5.14313E+01  -1.68495E+00
  0.00000E+00   5.15713E+01  -1.75119E+00
  0.00000E+00   5.19415E+01  -1.81235E+00
  0.00000E+00   5.29077E+01  -1.82132E+00
  0.00000E+00   5.43953E+01  -1.77521E+00
  0.00000E+00   5.53850E+01  -1.72646E+00
  0.00000E+00   5.51475E+01  -1.63097E+00
  0.00000E+00   5.47803E+01  -1.61699E+00
  0.00000E+00   5.49836E+01  -1.58974E+00
  0.00000E+00   5.57095E+01  -1.49313E+00
  0.00000E+00   5.66837E+01  -1.32028E+00
  0.00000E+00   5.78707E+01  -1.15298E+00
  0.00000E+00   5.88376E+01  -1.17375E+00
  0.00000E+00   5.91389E+01  -1.21047E+00
  0.00000E+00   5.87493E+01  -1.20137E+00
  0.00000E+00   5.79111E+01  -1.26693E+00
  0.00000E+00   5.69443E+01  -1.43339E+00
  0.00000E+00   5.64584E+01  -1.57502E+00
  0.00000E+00   5.65537E+01  -1.56166E+00
  0.00000E+00   5.71405E+01  -1.55685E+00
  0.00000E+00   5.80054E+01  -1.55039E+00
  0.00000E+00   5.89779E+01  -1.60727E+00
  0.00000E+00   6.01948E+01  -1.70374E+00
  0.00000E+00   6.17807E+01  -1.83708E+00
  0.00000E+00   6.37724E+01  -2.04840E+00
  0.00000E+00   6.61098E+01  -2.32431E+00
  0.00000E+00   6.83337E+01  -2.54009E+00
  0.00000E+00   7.00813E+01  -2.72541E+00
  0.00000E+00   7.15549E+01  -2.88989E+00
  0.00000E+00   7.22513E+01  -2.80858E+00
  0.00000E+00   7.22838E+01  -2.70004E+00
  0.00000E+00   7.26650E+01  -2.64742E+00
  0.00000E+00   7.29976E+01  -2.49674E+00
  0.00000E+00   7.38794E+01  -2.30798E+00
  0.00000E+00   7.52160E+01  -2.08655E+00
  0.00000E+00   7.62467E+01  -1.81854E+00
  0.00000E+00   7.66922E+01  -1.54100E+00
  0.00000E+00   7.66028E+01  -1.27575E+00
  0.00000E+00   7.62836E+01  -7.88702E-01
  0.00000E+00   7.56194E+01  -3.68104E-01
  0.00000E+00   7.47190E+01  -5.88310E-02
  0.00000E+00   7.37817E+01   2.31266E-01
  0.00000E+00   7.34798E+01   4.03672E-01
  0.00000E+00   7.37521E+01   6.14710E-01
  0.00000E+00   7.39232E+01   9.27504E-01
  0.00000E+00   7.38702E+01   1.20825E+00
  0.00000E+00   7.34539E+01   1.52780E+00
  0.00000E+00   7.28175E+01   1.63090E+00
  0.00000E+00   7.27758E+01   1.73210E+00
  0.00000E+00   7.37474E+01   1.89340E+00
  0.00000E+00   7.48782E+01   2.00065E+00
  0.00000E+00   7.53697E+01   1.99089E+00
  0.00000E+00   7.51476E+01   2.15151E+00
  0.00000E+00   7.51682E+01   2.39622E+00
  0.00000E+00   7.54727E+01   2.55470E+00
  0.00000E+00   7.57482E+01   2.65778E+00
  0.00000E+00   7.56334E+01   2.76313E+00
  0.00000E+00   7.50122E+01   2.78919E+00
  0.00000E+00   7.40859E+01   2.60926E+00
  0.00000E+00   7.34265E+01   2.38578E+00
  0.00000E+00   7.28532E+01   2.23681E+00
  0.00000E+00   7.21201E+01   2.13583E+00
  0.00000E+00   7.09651E+01   2.06346E+00
  0.00000E+00   6.95698E+01   2.09364E+00
  0.00000E+00   6.74000E+01   2.05598E+00
  0.00000E+00   6.44869E+01   1.79513E+00
  0.00000E+00   6.12968E+01   1.50671E+00
  0.00000E+00   5.83457E+01   1.27632E+00
  0.00000E+00   5.64636E+01   1.29111E+00
  0.00000E+00   5.50862E+01   1.38667E+00
  0.00000E+00   5.39709E+01   1.36719E+00
  0.00000E+00   5.31549E+01   1.11170E+00
  0.00000E+00   5.25160E+01   7.80063E-01
  0.00000E+00   5.16018E+01   5.37321E-01
  0.00000E+00   5.06167E+01   3.29750E-01
  0.00000E+00   5.00554E+01   2.17287E-01
  0.00000E+00   5.01415E+01   2.12598E-01
  0.00000E+00   5.05683E+01   1.23836E-01
  0.00000E+00   5.03834E+01  -1.82460E-02
  0.00000E+00   4.97795E+01  -3.23412E-02
  0.00000E+00   4.95241E+01  -6.10716E-03
  0.00000E+00   4.95803E+01  -1.94161E-02
  0.00000E+00   4.98527E+01  -1.18348E-01
  0.00000E+00   4.99525E+01  -2.67366E-01
  0.00000E+00   4.95863E+01  -4.39717E-01
  0.00000E+00   4.91300E+01  -6.02783E-01
  0.00000E+00   4.90025E+01  -7.16308E-01
  0.00000E+00   4.90605E+01  -8.26634E-01
  0.00000E+00   4.88849E+01  -8.47835E-01
  0.00000E+00   4.83416E+01  -8.73918E-01
  0.00000E+00   4.74640E+01  -8.73145E-01
  0.00000E+00   4.67836E+01  -9.32294E-01
  0.00000E+00   4.62472E+01  -9.87948E-01
  0.00000E+00   4.57314E+01  -1.06397E+00
  0.00000E+00   4.54004E+01  -1.10786E+00
  0.00000E+00   4.54462E+01  -1.08483E+00
  0.00000E+00   4.60872E+01  -1.03156E+00
  0.00000E+00   4.66587E+01  -9.42263E-01
  0.00000E+00   4.64432E+01  -9.50888E-01
  0.00000E+00   4.60365E+01  -8.83419E-01
  0.00000E+00   4.59461E+01  -6.80504E-01
  0.00000E+00   4.63944E+01  -3.51017E-01
  0.00000E+00   4.71040E+01  -1.03955E-02
  0.00000E+00   4.77014E+01   2.41518E-01
  0.00000E+00   4.80591E+01   4.72608E-01
  0.00000E+00   4.86041E+01   6.36636E-01
  0.00000E+00   4.93869E+01   7.03043E-01
  0.00000E+00   5.02293E+01   7.60199E-01
  0.00000E+00   5.07845E+01   7.98821E-01
  0.00000E+00   5.10292E+01   8.87273E-01
  0.00000E+00   5.15056E+01   1.08023E+00
  0.00000E+00   5.21856E+01   1.30340E+00
  0.00000E+00   5.25775E+01   1.55511E+00
  0.00000E+00   5.28027E+01   1.73873E+00
  0.00000E+00   5.29917E+01   1.84795E+00
  0.00000E+00   5.32295E+01   2.01384E+00
  0.00000E+00   5.37894E+01   2.15246E+00
  0.00000E+00   5.46468E+01   2.15790E+00
  0.00000E+00   5.51427E+01   2.06094E+00
  0.00000E+00   5.49331E+01   1.86235E+00
  0.00000E+00   5.41204E+01   1.58821E+00
  0.00000E+00   5.29990E+01   1.31446E+00
  0.00000E+00   5.21258E+01   1.13409E+00
  0.00000E+00   5.22496E+01   1.14312E+00
  0.00000E+00   5.31930E+01   1.24514E+00
  0.00000E+00   5.44692E+01   1.31785E+00
  0.00000E+00   5.50363E+01   1.31783E+00
  0.00000E+00   5.41033E+01   1.36125E+00
  0.00000E+00   5.26865E+01   1.46067E+00
  0.00000E+00   5.13361E+01   1.64917E+00
  0.00000E+00   4.99670E+01   1.86783E+00
  0.00000E+00   4.87088E+01   2.14394E+00
  0.00000E+00   4.77707E+01   2.33574E+00
  0.00000E+00   4.78973E+01   2.41159E+00
  0.00000E+00   4.91159E+01   2.52679E+00
  0.00000E+00   5.06561E+01   2.62006E+00
  0.00000E+00   5.14870E+01   2.70418E+00
  0.00000E+00   5.15172E+01   2.71217E+00
  0.00000E+00   5.17778E+01   2.55518E+00
  0.00000E+00   5.25055E+01   2.45695E+00
  0.00000E+00   5.32962E+01   2.30767E+00
  0.00000E+00   5.39164E+01   2.10309E+00
  0.00000E+00   5.42098E+01   1.94389E+00
  0.00000E+00   5.47475E+01   1.91338E+00
  0.00000E+00   5.57546E+01   1.95516E+00
  0.00000E+00   5.69986E+01   2.09210E+00
  0.00000E+00   5.80929E+01   2.18320E+00
  0.00000E+00   5.90404E+01   2.26846E+00
  0.00000E+00   5.99627E+01   2.19805E+00
  0.00000E+00   6.08148E+01   2.10153E+00
  0.00000E+00   6.15093E+01   2.10987E+00
  0.00000E+00   6.17076E+01   2.22237E+00
  0.00000E+00   6.18133E+01   2.37224E+00
  0.00000E+00   6.27739E+01   2.38715E+00
  0.00000E+00   6.44125E+01   2.39273E+00
  0.00000E+00   6.57632E+01   2.32613E+00
  0.00000E+00   6.60175E+01   2.08660E+00
  0.00000E+00   6.47480E+01   1.90737E+00
  0.00000E+00   6.30407E+01   1.82617E+00
  0.00000E+00   6.18849E+01   1.81060E+00
  0.00000E+00   6.16951E+01   1.86783E+00
  0.00000E+00   6.19160E+01   1.76937E+00
  0.00000E+00   6.24075E+01   1.70250E+00
  0.00000E+00   6.38173E+01   1.60567E+00
  0.00000E+00   6.55265E+01   1.54341E+00
  0.00000E+00   6.67405E+01   1.53981E+00
  0.00000E+00   6.64930E+01   1.64308E+00
  0.00000E+00   6.49025E+01   1.88482E+00
  0.00000E+00   6.33724E+01   2.10174E+00
  0.00000E+00   6.23373E+01   2.18418E+00
  0.00000E+00   6.17110E+01   2.13395E+00
  0.00000E+00   6.12397E+01   2.05057E+00
  0.00000E+00   6.10531E+01   1.89857E+00
  0.00000E+00   6.12827E+01   1.81150E+00
  0.00000E+00   6.17134E+01   1.70471E+00
  0.00000E+00   6.19722E+01   1.60917E+00
  0.00000E+00   6.14993E+01   1.58745E+00
  0.00000E+00   6.11297E+01   1.57917E+00
  0.00000E+00   6.14639E+01   1.63844E+00
  0.00000E+00   6.20192E+01   1.81017E+00
  0.00000E+00   6.19480E+01   2.02953E+00
  0.00000E+00   6.08021E+01   2.03916E+00
  0.00000E+00   5.93328E+01   1.97499E+00
  0.00000E+00   5.86806E+01   1.86215E+00
  0.00000E+00   5.87441E+01   1.74696E+00
  0.00000E+00   5.93917E+01   1.51305E+00
  0.00000E+00   6.03693E+01   1.24662E+00
  0.00000E+00   6.13381E+01   9.63725E-01
  0.00000E+00   6.16556E+01   6.67433E-01
  0.00000E+00   6.14528E+01   4.21544E-01
  0.00000E+00   6.11865E+01   2.93029E-01
  0.00000E+00   6.06088E+01   1.37033E-01
  0.00000E+00   6.02752E+01  -4.13991E-03
  0.00000E+00   6.12536E+01  -5.80817E-02
  0.00000E+00   6.30852E+01  -1.15336E-01
  0.00000E+00   6.39270E+01  -7.65679E-02
  0.00000E+00   6.24485E+01  -4.14031E-03
  0.00000E+00   6.00172E+01   6.52764E-02
  0.00000E+00   5.83460E+01   2.76798E-01
  0.00000E+00   5.79354E+01   6.18245E-01
  0.00000E+00   5.80724E+01   1.03219E+00
  0.00000E+00   5.84557E+01   1.43263E+00
  0.00000E+00   5.95118E+01   1.74691E+00
  0.00000E+00   6.05498E+01   2.02334E+00
  0.00000E+00   6.10498E+01   2.25719E+00
  0.00000E+00   6.08429E+01   2.56472E+00
  0.00000E+00   6.01818E+01   2.88355E+00
  0.00000E+00   5.97375E+01   3.18429E+00
  0.00000E+00   5.96054E+01   3.39183E+00
  0.00000E+00   5.93677E+01   3.41990E+00
  0.00000E+00   5.87139E+01   3.24799E+00
  0.00000E+00   5.78716E+01   2.92780E+00
  0.00000E+00   5.73987E+01   2.63035E+00
  0.00000E+00   5.66688E+01   2.30467E+00
  0.00000E+00   5.56056E+01   1.89946E+00
  0.00000E+00   5.50454E+01   1.53787E+00
  0.00000E+00   5.51949E+01   1.32845E+00
  0.00000E+00   5.59042E+01   1.13264E+00
  0.00000E+00   5.66301E+01   1.07533E+00
  0.00000E+00   5.66995E+01   1.15754E+00
  0.00000E+00   5.63281E+01   1.25227E+00
  0.00000E+00   5.58351E+01   1.39532E+00
  0.00000E+00   5.56906E+01   1.47480E+00
  0.00000E+00   5.54376E+01   1.43011E+00
  0.00000E+00   5.49119E+01   1.24322E+00
  0.00000E+00   5.48711E+01   1.16927E+00
  0.00000E+00   5.54269E+01   1.09899E+00
  0.00000E+00   5.61181E+01   1.04388E+00
  0.00000E+00   5.64089E+01   1.00847E+00
  0.00000E+00   5.60142E+01   1.08091E+00
  0.00000E+00   5.55515E+01   1.18364E+00
  0.00000E+00   5.56957E+01   1.28049E+00
  0.00000E+00   5.63388E+01   1.34245E+00
  0.00000E+00   5.74339E+01   1.46582E+00
  0.00000E+00   5.87895E+01   1.68226E+00
  0.00000E+00   6.01252E+01   1.80777E+00
  0.00000E+00   6.14620E+01   1.91064E+00
  0.00000E+00   6.24028E+01   1.99793E+00
  0.00000E+00   6.27290E+01   1.93295E+00
  0.00000E+00   6.25486E+01   1.83441E+00
  0.00000E+00   6.25309E+01   1.69619E+00
  0.00000E+00   6.28298E+01   1.52468E+00
  0.00000E+00   6.34281E+01   1.43797E+00
  0.00000E+00   6.43355E+01   1.47480E+00
  0.00000E+00   6.51517E+01   1.57894E+00
  0.00000E+00   6.59022E+01   1.82133E+00
  0.00000E+00   6.62306E+01   1.99050E+00
  0.00000E+00   6.52394E+01   2.02931E+00
  0.00000E+00   6.36245E+01   1.83371E+00
  0.00000E+00   6.26195E+01   1.68060E+00
  0.00000E+00   6.24846E+01   1.59502E+00
  0.00000E+00   6.29710E+01   1.46870E+00
  0.00000E+00   6.35798E+01   1.32068E+00
  0.00000E+00   6.39224E+01   1.17102E+00
  0.00000E+00   6.40031E+01   1.04123E+00
  0.00000E+00   6.41799E+01   1.00264E+00
  0.00000E+00   6.38017E+01   9.43360E-01
  0.00000E+00   6.28972E+01   8.61692E-01
  0.00000E+00   6.20963E+01   7.56199E-01
  0.00000E+00   6.26750E+01   6.27467E-01
  0.00000E+00   6.44587E+01   5.23751E-01
  0.00000E+00   6.62600E+01   4.43596E-01
  0.00000E+00   6.75260E+01   2.84804E-01
  0.00000E+00   6.87257E+01   1.74886E-01
  0.00000E+00   7.00535E+01   5.41110E-02
  0.00000E+00   7.16649E+01   1.91962E-02
  0.00000E+00   7.30022E+01  -1.74740E-03
  0.00000E+00   7.39211E+01  -6.39565E-02
  0.00000E+00   7.51797E+01  -2.14210E-01
  0.00000E+00   7.70162E+01  -5.07029E-01
  0.00000E+00   7.90634E+01  -7.79599E-01
  0.00000E+00   8.09440E+01  -9.88168E-01
  0.00000E+00   8.19411E+01  -1.17674E+00
  0.00000E+00   8.22039E+01  -1.32004E+00
  0.00000E+00   8.23679E+01  -1.43215E+00
  0.00000E+00   8.23909E+01  -1.61593E+00
  0.00000E+00   8.24873E+01  -1.81439E+00
  0.00000E+00   8.26421E+01  -1.96049E+00
  0.00000E+00   8.25044E+01  -2.08571E+00
  0.00000E+00   8.19385E+01  -2.10226E+00
  0.00000E+00   8.09252E+01  -2.03276E+00
  0.00000E+00   7.96358E+01  -1.95680E+00
  0.00000E+00   7.87986E+01  -1.73691E+00
  0.00000E+00   7.88061E+01  -1.52028E+00
  0.00000E+00   7.99393E+01  -1.41728E+00
  0.00000E+00   8.13486E+01  -1.21318E+00
  0.00000E+00   8.23790E+01  -1.01447E+00
  0.00000E+00   8.20876E+01  -8.36923E-01
  0.00000E+00   8.07865E+01  -7.71477E-01
  0.00000E+00   7.98584E+01  -7.46368E-01
  0.00000E+00   7.94737E+01  -9.88340E-01
  0.00000E+00   7.98155E+01  -1.25553E+00
  0.00000E+00   8.04295E+01  -1.47706E+00
  0.00000E+00   8.16057E+01  -1.68736E+00
  0.00000E+00   8.28645E+01  -1.78551E+00
  0.00000E+00   8.36091E+01  -1.75992E+00
  0.00000E+00   8.33198E+01  -1.61018E+00
  0.00000E+00   8.20419E+01  -1.60865E+00
  0.00000E+00   8.13335E+01  -1.65978E+00
  0.00000E+00   8.15294E+01  -1.57112E+00
  0.00000E+00   8.25161E+01  -1.45797E+00
  0.00000E+00   8.38906E+01  -1.31088E+00
  0.00000E+00   8.48175E+01  -1.11163E+00
  0.00000E+00   8.50014E+01  -9.02769E-01
  0.00000E+00   8.41041E+01  -6.95165E-01
  0.00000E+00   8.27558E+01  -4.43698E-01
  0.00000E+00   8.19271E+01  -2.12595E-01
  0.00000E+00   8.20171E+01  -4.82385E-02
  0.00000E+00   8.31236E+01   1.72288E-01
  0.00000E+00   8.50688E+01   2.22835E-01
  0.00000E+00   8.65856E+01  -2.47360E-03
  0.00000E+00   8.73739E+01  -1.09393E-01
  0.00000E+00   8.75247E+01   6.16904E-02
  0.00000E+00   8.77507E+01   3.17317E-01
  0.00000E+00   8.82007E+01   5.79810E-01
  0.00000E+00   8.88251E+01   9.28718E-01
  0.00000E+00   8.93361E+01   1.11874E+00
  0.00000E+00   8.92767E+01   1.07427E+00
  0.00000E+00   8.90854E+01   9.17431E-01
  0.00000E+00   8.86214E+01   8.36740E-01
  0.00000E+00   8.74398E+01   8.01400E-01
  0.00000E+00   8.61901E+01   8.06637E-01
  0.00000E+00   8.54888E+01   7.23846E-01
  0.00000E+00   8.51132E+01   6.50855E-01
  0.00000E+00   8.49300E+01   6.04309E-01
  0.00000E+00   8.44588E+01   6.89888E-01
  0.00000E+00   8.37647E+01   8.79517E-01
  0.00000E+00   8.36876E+01   1.07507E+00
  0.00000E+00   8.43329E+01   1.14472E+00
  0.00000E+00   8.54279E+01   1.16012E+00
  0.00000E+00   8.61585E+01   1.05280E+00
  0.00000E+00   8.63839E+01   9.27456E-01
  0.00000E+00   8.71203E+01   8.04083E-01
  0.00000E+00   8.86098E+01   7.36907E-01
  0.00000E+00   9.02410E+01   7.41029E-01
  0.00000E+00   9.11953E+01   8.31375E-01
  0.00000E+00   9.14717E+01   7.21631E-01
  0.00000E+00   9.11356E+01   6.04705E-01
  0.00000E+00   9.06081E+01   4.41769E-01
  0.00000E+00   8.99295E+01   1.54720E-01
  0.00000E+00   8.90453E+01  -1.10189E-01
  0.00000E+00   8.86886E+01  -2.27516E-01
  0.00000E+00   8.89202E+01  -2.19477E-01
  0.00000E+00   8.87761E+01   4.42861E-02
  0.00000E+00   8.82765E+01   3.69955E-01
  0.00000E+00   8.78664E+01   5.84693E-01
  0.00000E+00   8.73020E+01   5.28778E-01
  0.00000E+00   8.64467E+01   4.08387E-01
  0.00000E+00   8.51872E+01   1.68227E-01
  0.00000E+00   8.39867E+01  -9.25673E-02
  0.00000E+00   8.31007E+01  -2.30832E-01
  0.00000E+00   8.26206E+01  -2.30659E-01
  0.00000E+00   8.27339E+01  -2.80317E-01
  0.00000E+00   8.28539E+01  -1.57375E-01
  0.00000E+00   8.24967E+01   4.88062E-02
  0.00000E+00   8.22578E+01   2.82430E-01
  0.00000E+00   8.24791E+01   4.48654E-01
  0.00000E+00   8.31830E+01   5.64030E-01
  0.00000E+00   8.35394E+01   5.72793E-01
  0.00000E+00   8.32736E+01   6.16188E-01
  0.00000E+00   8.33872E+01   7.31822E-01
  0.00000E+00   8.36727E+01   8.80174E-01
  0.00000E+00   8.35341E+01   8.91150E-01
  0.00000E+00   8.31307E+01   7.75145E-01
  0.00000E+00   8.30372E+01   6.46168E-01
  0.00000E+00   8.31269E+01   4.38082E-01
  0.00000E+00   8.31130E+01   2.27511E-01
  0.00000E+00   8.30440E+01   9.91751E-02
  0.00000E+00   8.30879E+01  -2.80524E-02
  0.00000E+00   8.31302E+01  -3.53909E-02
  0.00000E+00   8.38977E+01   6.55906E-02
  0.00000E+00   8.57461E+01   1.80047E-01
  0.00000E+00   8.80237E+01   4.05779E-01
  0.00000E+00   9.01004E+01   6.24460E-01
  0.00000E+00   9.12138E+01   8.65734E-01
  0.00000E+00   9.16104E+01   9.37618E-01
  0.00000E+00   9.18863E+01   7.70818E-01
  0.00000E+00   9.23403E+01   5.05690E-01
  0.00000E+00   9.36587E+01   2.99705E-01
  0.00000E+00   9.60614E+01   1.84946E-01
  0.00000E+00   9.90838E+01   3.46562E-02
  0.00000E+00   1.02361E+02  -2.78814E-01
  0.00000E+00   1.05016E+02  -4.37193E-01
  0.00000E+00   1.06973E+02  -4.33200E-01
  0.00000E+00   1.08607E+02  -2.43108E-01
  0.00000E+00   1.10282E+02  -2.39278E-02
  0.00000E+00   1.11373E+02   3.30426E-01
  0.00000E+00   1.11809E+02   6.26153E-01
  0.00000E+00   1.11888E+02   8.65042E-01
  0.00000E+00   1.11426E+02   1.12195E+00
  0.00000E+00   1.10717E+02   1.58551E+00
  0.00000E+00   1.10606E+02   1.90163E+00
  0.00000E+00   1.10582E+02   2.07231E+00
  0.00000E+00   1.09956E+02   2.08033E+00
  0.00000E+00   1.08896E+02   1.99401E+00
  0.00000E+00   1.08198E+02   1.92090E+00
  0.00000E+00   1.07905E+02   1.73182E+00
  0.00000E+00   1.07344E+02   1.64040E+00
  0.00000E+00   1.06926E+02   1.65002E+00
  0.00000E+00   1.07207E+02   1.71830E+00
  0.00000E+00   1.08064E+02   1.63525E+00
  0.00000E+00   1.09010E+02   1.38374E+00
  0.00000E+00   1.09469E+02   1.21213E+00
  0.00000E+00   1.09995E+02   9.25404E-01
  0.00000E+00   1.11227E+02   8.73970E-01
  0.00000E+00   1.12601E+02   8.34509E-01
  0.00000E+00   1.14271E+02   8.03016E-01
  0.00000E+00   1.14410E+02   7.03704E-01
  0.00000E+00   1.12000E+02   5.28205E-01
  0.00000E+00   1.08478E+02   3.83046E-01
  0.00000E+00   1.05233E+02   2.69038E-01
  0.00000E+00   1.03894E+02   2.22643E-01
  0.00000E+00   1.04149E+02   2.18550E-01
  0.00000E+00   1.05142E+02   4.47834E-01
  0.00000E+00   1.05303E+02   3.99608E-01
  0.00000E+00   1.04674E+02   3.03458E-01
  0.00000E+00   1.03853E+02   2.56634E-01
  0.00000E+00   1.02730E+02   2.44000E-01
  0.00000E+00   1.02685E+02   1.17278E-01
  0.00000E+00   1.03355E+02  -3.04918E-02
  0.00000E+00   1.04319E+02  -9.64625E-02
  0.00000E+00   1.04891E+02  -2.83333E-01
  0.00000E+00   1.04495E+02  -5.98240E-01
  0.00000E+00   1.04173E+02  -8.31732E-01
  0.00000E+00   1.04557E+02  -9.17329E-01
  0.00000E+00   1.06062E+02  -9.99251E-01
  0.00000E+00   1.08344E+02  -1.12718E+00
  0.00000E+00   1.10981E+02  -1.39263E+00
  0.00000E+00   1.13198E+02  -1.58305E+00
  0.00000E+00   1.14970E+02  -1.70517E+00
  0.00000E+00   1.15931E+02  -1.69836E+00
  0.00000E+00   1.15869E+02  -1.54355E+00
  0.00000E+00   1.15445E+02  -1.34899E+00
  0.00000E+00   1.15723E+02  -1.14689E+00
  0.00000E+00   1.16134E+02  -9.54945E-01
  0.00000E+00   1.17272E+02  -8.68158E-01
  0.00000E+00   1.18607E+02  -8.93152E-01
  0.00000E+00   1.19965E+02  -8.69801E-01
  0.00000E+00   1.22201E+02  -8.98678E-01
  0.00000E+00   1.25402E+02  -9.49172E-01
  0.00000E+00   1.28957E+02  -8.81634E-01
  0.00000E+00   1.31762E+02  -8.07108E-01
  0.00000E+00   1.33432E+02  -6.36654E-01
  0.00000E+00   1.34874E+02  -5.76494E-01
  0.00000E+00   1.37100E+02  -5.14019E-01
  0.00000E+00   1.39491E+02  -4.50153E-01
  0.00000E+00   1.42057E+02  -6.18556E-01
  0.00000E+00   1.45098E+02  -6.41783E-01
  0.00000E+00   1.48242E+02  -5.24904E-01
  0.00000E+00   1.50420E+02  -4.14112E-01
  0.00000E+00   1.50310E+02  -3.34410E-01
  0.00000E+00   1.48947E+02  -3.66416E-01
  0.00000E+00   1.47659E+02  -3.64544E-01
  0.00000E+00   1.47046E+02  -4.60474E-01
  0.00000E+00   1.47846E+02  -4.04432E-01
  0.00000E+00   1.49572E+02  -4.33703E-01
  0.00000E+00   1.51012E+02  -1.93771E-01
  0.00000E+00   1.52181E+02   3.43554E-03
  0.00000E+00   1.52580E+02   2.16150E-01
  0.00000E+00   1.53144E+02   2.51931E-02
  0.00000E+00   1.54837E+02  -5.56327E-02
  0.00000E+00   1.57306E+02   9.19235E-02
  0.00000E+00   1.60051E+02   3.28563E-01
  0.00000E+00   1.62967E+02   6.12284E-01
  0.00000E+00   1.64088E+02   8.20830E-01
  0.00000E+00   1.62739E+02   7.87725E-01
  0.00000E+00   1.60170E+02   6.77098E-01
  0.00000E+00   1.58855E+02   6.91346E-01
  0.00000E+00   1.58629E+02   7.46108E-01
  0.00000E+00   1.59817E+02   7.81334E-01
  0.00000E+00   1.62308E+02   7.72208E-01
  0.00000E+00   1.65046E+02   7.31927E-01
  0.00000E+00   1.66938E+02   5.98444E-01
  0.00000E+00   1.68911E+02   4.57276E-01
  0.00000E+00   1.69719E+02   4.54228E-01
  0.00000E+00   1.69693E+02   2.24453E-01
  0.00000E+00   1.69770E+02  -3.97154E-02
  0.00000E+00   1.70499E+02  -1.68672E-01
  0.00000E+00   1.72146E+02  -2.20172E-01
  0.00000E+00   1.72215E+02  -3.20405E-01
  0.00000E+00   1.71716E+02  -1.80880E-01
  0.00000E+00   1.71984E+02  -1.13684E-01
  0.00000E+00   1.71907E+02   5.86858E-02
  0.00000E+00   1.71151E+02   2.45298E-01
  0.00000E+00   1.70101E+02   3.15044E-01
  0.00000E+00   1.68833E+02   8.96270E-01
  0.00000E+00   1.68925E+02   1.20531E+00
  0.00000E+00   1.70338E+02   1.30489E+00
  0.00000E+00   1.72033E+02   1.20629E+00
  0.00000E+00   1.73204E+02   1.08981E+00
  0.00000E+00   1.72928E+02   8.39052E-01
  0.00000E+00   1.71525E+02   5.36927E-01
  0.00000E+00   1.69822E+02   3.15835E-01
  0.00000E+00   1.68603E+02  -1.05222E-01
  0.00000E+00   1.68407E+02  -5.36246E-01
  0.00000E+00   1.69698E+02  -9.88413E-01
  0.00000E+00   1.70627E+02  -1.28497E+00
  0.00000E+00   1.71114E+02  -1.74623E+00
  0.00000E+00   1.71514E+02  -1.90286E+00
  0.00000E+00   1.71168E+02  -1.89733E+00
  0.00000E+00   1.69829E+02  -2.14661E+00
  0.00000E+00   1.69616E+02  -2.50338E+00
  0.00000E+00   1.69905E+02  -2.92209E+00
  0.00000E+00   1.69935E+02  -3.40351E+00
  0.00000E+00   1.69545E+02  -3.89251E+00
  0.00000E+00   1.67954E+02  -4.18520E+00
  0.00000E+00   1.64937E+02  -4.52898E+00
  0.00000E+00   1.61315E+02  -4.63772E+00
  0.00000E+00   1.57702E+02  -4.55678E+00
  0.00000E+00   1.54611E+02  -4.38992E+00
  0.00000E+00   1.52198E+02  -4.25244E+00
  0.00000E+00   1.50807E+02  -3.81029E+00
  0.00000E+00   1.49352E+02  -3.30430E+00
  0.00000E+00   1.47894E+02  -2.79789E+00
  0.00000E+00   1.46351E+02  -2.61845E+00
  0.00000E+00   1.44554E+02  -2.76244E+00
  0.00000E+00   1.43292E+02  -2.80689E+00
  0.00000E+00   1.42478E+02  -2.60641E+00
  0.00000E+00   1.41259E+02  -2.55612E+00
  0.00000E+00   1.40574E+02  -2.41822E+00
  0.00000E+00   1.40104E+02  -2.48811E+00
  0.00000E+00   1.40101E+02  -2.42292E+00
  0.00000E+00   1.39996E+02  -2.35969E+00
  0.00000E+00   1.40654E+02  -2.48632E+00
  0.00000E+00   1.40688E+02  -2.91115E+00
  0.00000E+00   1.39592E+02  -3.22840E+00
  0.00000E+00   1.37470E+02  -3.32205E+00
  0.00000E+00   1.34911E+02  -3.63147E+00
  0.00000E+00   1.32074E+02  -3.82315E+00
  0.00000E+00   1.29101E+02  -4.13485E+00
  0.00000E+00   1.26406E+02  -4.40334E+00
  0.00000E+00   1.24255E+02  -4.45120E+00
  0.00000E+00   1.22756E+02  -4.38270E+00
  0.00000E+00   1.21734E+02  -4.26967E+00
  0.00000E+00   1.21206E+02  -4.11332E+00
  0.00000E+00   1.20436E+02  -4.17126E+00
  0.00000E+00   1.18800E+02  -4.09153E+00
  0.00000E+00   1.17343E+02  -3.87298E+00
  0.00000E+00   1.15517E+02  -3.84639E+00
  0.00000E+00   1.14220E+02  -3.74224E+00
  0.00000E+00   1.13190E+02  -3.63355E+00
  0.00000E+00   1.11723E+02  -3.77231E+00
  0.00000E+00   1.09970E+02  -3.78318E+00
  0.00000E+00   1.08104E+02  -3.89785E+00
  0.00000E+00   1.07026E+02  -3.94781E+00
  0.00000E+00   1.05572E+02  -3.95831E+00
  0.00000E+00   1.04141E+02  -4.20174E+00
  0.00000E+00   1.02686E+02  -4.26985E+00
  0.00000E+00   1.01144E+02  -4.18079E+00
  0.00000E+00   9.94422E+01  -3.95344E+00
  0.00000E+00   9.74794E+01  -3.69696E+00
  0.00000E+00   9.57474E+01  -3.37904E+00
  0.00000E+00   9.41768E+01  -3.11088E+00
  0.00000E+00   9.25457E+01  -2.78967E+00
  0.00000E+00   9.09435E+01  -2.41147E+00
  0.00000E+00   8.87963E+01  -2.20593E+00
  0.00000E+00   8.57013E+01  -2.03704E+00
  0.00000E+00   8.27325E+01  -1.95239E+00
  0.00000E+00   8.05101E+01  -2.01747E+00
  0.00000E+00   7.87739E+01  -2.00151E+00
  0.00000E+00   7.67525E+01  -2.12710E+00
  0.00000E+00   7.57033E+01  -2.24236E+00
  0.00000E+00   7.46734E+01  -2.11577E+00
  0.00000E+00   7.31555E+01  -1.88088E+00
  0.00000E+00   7.18076E+01  -1.78471E+00
  0.00000E+00   7.12326E+01  -1.72660E+00
  0.00000E+00   7.13889E+01  -1.55867E+00
  0.00000E+00   7.16460E+01  -1.36569E+00
  0.00000E+00   7.17848E+01  -1.34125E+00
  0.00000E+00   7.12151E+01  -1.38252E+00
  0.00000E+00   7.10545E+01  -1.36988E+00
  0.00000E+00   7.16269E+01  -1.17342E+00
  0.00000E+00   7.23456E+01  -9.12868E-01
  0.00000E+00   7.28809E+01  -6.85279E-01
  0.00000E+00   7.25593E+01  -6.40770E-01
  0.00000E+00   7.19728E+01  -8.30358E-01
  0.00000E+00   7.15297E+01  -9.80178E-01
  0.00000E+00   7.11216E+01  -1.12256E+00
  0.00000E+00   7.04932E+01  -1.22447E+00
  0.00000E+00   6.99375E+01  -1.27228E+00
  0.00000E+00   6.96291E+01  -1.22313E+00
  0.00000E+00   6.95798E+01  -1.27747E+00
  0.00000E+00   6.98084E+01  -1.19697E+00
  0.00000E+00   7.01396E+01  -1.24747E+00
  0.00000E+00   7.09454E+01  -1.48248E+00
  0.00000E+00   7.20331E+01  -1.72265E+00
  0.00000E+00   7.26578E+01  -2.15388E+00
  0.00000E+00   7.29891E+01  -2.45283E+00
  0.00000E+00   7.33635E+01  -2.53574E+00
  0.00000E+00   7.36081E+01  -2.34889E+00
  0.00000E+00   7.35388E+01  -2.09298E+00
  0.00000E+00   7.33768E+01  -1.82100E+00
  0.00000E+00   7.38026E+01  -1.67822E+00
  0.00000E+00   7.49265E+01  -1.58423E+00
  0.00000E+00   7.57689E+01  -1.59581E+00
  0.00000E+00   7.52814E+01  -1.32092E+00
  0.00000E+00   7.34014E+01  -9.39810E-01
  0.00000E+00   7.14500E+01  -6.01684E-01
  0.00000E+00   7.05539E+01  -2.83755E-01
  0.00000E+00   7.11244E+01  -4.72475E-02
  0.00000E+00   7.20735E+01   2.72281E-01
  0.00000E+00   7.31124E+01   7.03595E-01
  0.00000E+00   7.41264E+01   1.08429E+00
  0.00000E+00   7.50602E+01   1.48531E+00
  0.00000E+00   7.56357E+01   1.85921E+00
  0.00000E+00   7.63191E+01   2.03869E+00
  0.00000E+00   7.70090E+01   2.11721E+00
  0.00000E+00   7.72090E+01   2.16199E+00
  0.00000E+00   7.63898E+01   2.11198E+00
  0.00000E+00   7.47998E+01   2.08469E+00
  0.00000E+00   7.30718E+01   2.09478E+00
  0.00000E+00   7.15282E+01   2.06409E+00
  0.00000E+00   6.98115E+01   1.83209E+00
  0.00000E+00   6.82156E+01   1.56431E+00
  0.00000E+00   6.72132E+01   1.33409E+00
  0.00000E+00   6.69160E+01   1.12864E+00
  0.00000E+00   6.71097E+01   9.43899E-01
  0.00000E+00   6.76943E+01   7.13714E-01
  0.00000E+00   6.82819E+01   5.95797E-01
  0.00000E+00   6.85996E+01   4.60596E-01
  0.00000E+00   6.88512E+01   2.98662E-01
  0.00000E+00   6.95292E+01   1.01465E-01
  0.00000E+00   7.04564E+01  -8.51788E-02
  0.00000E+00   7.18469E+01  -2.27322E-01
  0.00000E+00   7.33742E+01  -2.28089E-01
  0.00000E+00   7.45326E+01  -2.25032E-01
  0.00000E+00   7.57082E+01  -3.13319E-01
  0.00000E+00   7.70535E+01  -3.85367E-01
  0.00000E+00   7.84332E+01  -3.64569E-01
  0.00000E+00   7.94745E+01  -2.40242E-01
  0.00000E+00   8.04170E+01  -4.77550E-02
  0.00000E+00   8.12959E+01   1.23206E-01
  0.00000E+00   8.24645E+01   2.94886E-01
  0.00000E+00   8.36883E+01   3.72287E-01
  0.00000E+00   8.48249E+01   3.67151E-01
  0.00000E+00   8.55966E+01   2.23119E-01
  0.00000E+00   8.65515E+01   2.62656E-02
  0.00000E+00   8.80559E+01  -9.60217E-02
  0.00000E+00   8.99186E+01  -1.68461E-01
  0.00000E+00   9.18781E+01  -2.50100E-01
  0.00000E+00   9.36438E+01  -2.57576E-01
  0.00000E+00   9.51163E+01  -1.75082E-01
  0.00000E+00   9.64208E+01  -1.65729E-02
  0.00000E+00   9.81371E+01   3.64732E-02
  0.00000E+00   1.00166E+02   6.35745E-02
  0.00000E+00   1.02416E+02   7.72331E-02
  0.00000E+00   1.04685E+02   5.68720E-02
  0.00000E+00   1.06316E+02   2.50674E-02
  0.00000E+00   1.06770E+02   7.12213E-02
  0.00000E+00   1.06788E+02   1.62313E-01
  0.00000E+00   1.07485E+02   3.64166E-01
  0.00000E+00   1.08481E+02   4.80729E-01
  0.00000E+00   1.09379E+02   4.80275E-01
  0.00000E+00   1.09802E+02   4.00439E-01
  0.00000E+00   1.10033E+02   2.91826E-01
  0.00000E+00   1.10527E+02   2.82607E-01
  0.00000E+00   1.11670E+02   4.45949E-01
  0.00000E+00   1.13249E+02   5.37283E-01
  0.00000E+00   1.14579E+02   5.84519E-01
  0.00000E+00   1.15659E+02   6.30049E-01
  0.00000E+00   1.16868E+02   6.96846E-01
  0.00000E+00   1.18757E+02   9.12045E-01
  0.00000E+00   1.21011E+02   1.09723E+00
  0.00000E+00   1.23849E+02   1.31692E+00
  0.00000E+00   1.26438E+02   1.38174E+00
  0.00000E+00   1.28616E+02   1.40786E+00
