  0.00000E+00   5.29486E-03   3.02075E-05
  0.00000E+00   4.71231E-03  -1.16559E-05
  0.00000E+00   4.11638E-03  -6.03911E-05
  0.00000E+00   3.96385E-03  -6.73542E-05
  0.00000E+00   4.07927E-03  -5.65249E-05
  0.00000E+00   4.57473E-03  -1.07337E-05
  0.00000E+00   5.33615E-03   2.70572E-06
  0.00000E+00   6.37454E-03  -5.42466E-05
  0.00000E+00   7.81081E-03  -3.96583E-05
  0.00000E+00   9.62878E-03  -2.24286E-05
  0.00000E+00   1.23765E-02  -2.87499E-05
  0.00000E+00   1.62644E-02  -3.55150E-05
  0.00000E+00   2.13506E-02  -1.46254E-05
  0.00000E+00   2.82966E-02  -3.66637E-05
  0.00000E+00   3.78745E-02  -4.82820E-05
  0.00000E+00   5.11148E-02  -3.10440E-05
  0.00000E+00   6.95057E-02   5.60063E-06
  0.00000E+00   9.48148E-02   8.16905E-05
  0.00000E+00   1.29906E-01   1.30048E-04
  0.00000E+00   1.78716E-01   2.23083E-04
  0.00000E+00   2.46692E-01   3.68957E-04
  0.00000E+00   3.41665E-01   6.10227E-04
  0.00000E+00   4.74124E-01   9.58022E-04
  0.00000E+00   6.58999E-01   1.48257E-03
  0.00000E+00   9.16958E-01   2.24276E-03
  0.00000E+00   1.27575E+00   3.36222E-03
  0.00000E+00   1.77277E+00   4.98848E-03
  0.00000E+00   2.45780E+00   7.27973E-03
  0.00000E+00   3.39472E+00   1.06383E-02
  0.00000E+00   4.66270E+00   1.54859E-02
  0.00000E+00   6.35644E+00   2.25504E-02
  0.00000E+00   8.58263E+00   3.30177E-02
  0.00000E+00   1.14524E+01   4.91282E-02
  0.00000E+00   1.50671E+01   7.50716E-02
  0.00000E+00   1.94961E+01   1.16925E-01
  0.00000E+00   2.47446E+01   1.82122E-01
  0.00000E+00   3.07183E+01   2.79546E-01
  0.00000E+00   3.71945E+01   4.12607E-01
  0.00000E+00   4.38049E+01   5.59214E-01
  0.00000E+00   4.99545E+01   6.70965E-01
  0.00000E+00   5.46690E+01   7.00752E-01
  0.00000E+00   5.65841E+01   6.50582E-01
  0.00000E+00   5.41392E+01   5.04389E-01
  0.00000E+00   4.67277E+01   2.81039E-01
  0.00000E+00   3.73250E+01   1.15055E-01
  0.00000E+00   3.08070E+01  -6.61242E-02
  0.00000E+00   2.87592E+01  -2.76350E-01
  0.00000E+00   2.90650E+01  -2.92693E-01
  0.00000E+00   3.08152E+01  -3.09574E-01
  0.00000E+00   3.28268E+01  -4.28748E-01
  0.00000E+00   3.43792E+01  -4.24532E-01
  0.00000E+00   3.59407E+01  -3.75828E-01
  0.00000E+00   3.78764E+01  -3.04843E-01
  0.00000E+00   3.98948E+01  -2.39621E-01
  0.00000E+00   4.21375E+01  -1.80901E-01
  0.00000E+00   4.48986E+01  -1.85919E-01
  0.00000E+00   4.84296E+01  -1.96862E-01
  0.00000E+00   5.26552E+01  -1.12433E-01
  0.00000E+00   5.69405E+01  -6.96573E-02
  0.00000E+00   6.05105E+01  -1.02539E-01
  0.00000E+00   6.27047E+01  -1.00852E-01
  0.00000E+00   6.37551E+01  -9.47445E-02
  0.00000E+00   6.38767E+01  -1.59638E-01
  0.00000E+00   6.24537E+01  -2.05154E-01
  0.00000E+00   5.98885E+01  -2.44379E-01
  0.00000E+00   5.85743E+01  -3.68332E-01
  0.00000E+00   5.97694E+01  -5.66380E-01
  0.00000E+00   6.25313E+01  -8.85581E-01
  0.00000E+00   6.51767E+01  -1.08011E+00
  0.00000E+00   6.68325E+01  -1.25143E+00
  0.00000E+00   6.79460E+01  -1.20399E+00
  0.00000E+00   6.90291E+01  -1.04741E+00
  0.00000E+00   6.97256E+01  -7.87867E-01
  0.00000E+00   6.89479E+01  -6.44016E-01
  0.00000E+00   6.69361E+01  -5.80959E-01
  0.00000E+00   6.46771E+01  -5.48793E-01
  0.00000E+00   6.39274E+01  -4.81273E-01
  0.00000E+00   6.37446E+01  -3.34560E-01
  0.00000E+00   6.23441E+01  -1.57517E-01
  0.00000E+00   5.93804E+01  -1.32347E-01
  0.00000E+00   5.65904E+01   1.43370E-03
  0.00000E+00   5.55870E+01   1.57124E-01
  0.00000E+00   5.59703E+01   2.02377E-01
  0.00000E+00   5.72792E+01   2.38278E-01
  0.00000E+00   5.93562E+01   3.48250E-01
  0.00000E+00   6.14243E+01   4.74186E-01
  0.00000E+00   6.21390E+01   4.77647E-01
  0.00000E+00   6.26139E+01   5.32895E-01
  0.00000E+00   6.41031E+01   7.19187E-01
  0.00000E+00   6.66054E+01   6.61351E-01
  0.00000E+00   6.88584E+01   5.03983E-01
  0.00000E+00   6.98096E+01   4.75335E-01
  0.00000E+00   6.90154E+01   6.02907E-01
  0.00000E+00   6.74744E+01   6.67736E-01
  0.00000E+00   6.70833E+01   6.23318E-01
  0.00000E+00   6.76711E+01   5.62945E-01
  0.00000E+00   6.84313E+01   3.73456E-01
  0.00000E+00   6.89145E+01   2.98482E-01
  0.00000E+00   6.84144E+01   3.56559E-01
  0.00000E+00   6.83871E+01   5.08471E-01
  0.00000E+00   6.91663E+01   6.04705E-01
  0.00000E+00   7.02934E+01   6.56951E-01
  0.00000E+00   7.13273E+01   5.64244E-01
  0.00000E+00   7.10338E+01   4.67551E-01
  0.00000E+00   6.91488E+01   3.77745E-01
  0.00000E+00   6.62595E+01   7.84207E-02
  0.00000E+00   6.43506E+01  -2.39158E-01
  0.00000E+00   6.45769E+01  -3.47024E-01
  0.00000E+00   6.61602E+01  -3.24466E-01
  0.00000E+00   6.75310E+01  -2.77920E-01
  0.00000E+00   6.74484E+01  -2.33036E-01
  0.00000E+00   6.58690E+01  -3.36510E-01
  0.00000E+00   6.53548E+01  -5.26137E-01
  0.00000E+00   6.61775E+01  -7.08778E-01
  0.00000E+00   6.78518E+01  -7.48089E-01
  0.00000E+00   6.94115E+01  -6.75739E-01
  0.00000E+00   7.03270E+01  -5.50236E-01
  0.00000E+00   7.06934E+01  -5.16778E-01
  0.00000E+00   7.16319E+01  -4.29102E-01
  0.00000E+00   7.23838E+01  -4.12946E-01
  0.00000E+00   7.23593E+01  -4.24499E-01
  0.00000E+00   7.30723E+01  -4.15751E-01
  0.00000E+00   7.52313E+01  -5.76034E-01
  0.00000E+00   7.85334E+01  -7.41575E-01
  0.00000E+00   8.12141E+01  -8.69888E-01
  0.00000E+00   8.23280E+01  -1.02311E+00
  0.00000E+00   8.11100E+01  -1.07758E+00
  0.00000E+00   7.75240E+01  -1.04132E+00
  0.00000E+00   7.26503E+01  -6.54003E-01
  0.00000E+00   6.70566E+01  -3.65635E-01
  0.00000E+00   6.28577E+01  -1.93086E-01
  0.00000E+00   6.08274E+01   5.76789E-02
  0.00000E+00   6.11197E+01   2.84261E-01
  0.00000E+00   6.19786E+01   5.88998E-01
  0.00000E+00   6.15805E+01   8.57411E-01
  0.00000E+00   6.06145E+01   9.05103E-01
  0.00000E+00   6.03884E+01   9.89523E-01
  0.00000E+00   6.13629E+01   1.02370E+00
  0.00000E+00   6.33943E+01   9.00276E-01
  0.00000E+00   6.62567E+01   8.54496E-01
  0.00000E+00   6.95977E+01   9.16351E-01
  0.00000E+00   7.28923E+01   9.88899E-01
  0.00000E+00   7.53108E+01   9.49970E-01
  0.00000E+00   7.68910E+01   9.13711E-01
  0.00000E+00   7.85470E+01   1.03191E+00
  0.00000E+00   8.11488E+01   1.37224E+00
  0.00000E+00   8.36609E+01   1.99664E+00
  0.00000E+00   8.46996E+01   2.49059E+00
  0.00000E+00   8.41519E+01   2.58658E+00
  0.00000E+00   8.35668E+01   2.47222E+00
  0.00000E+00   8.33499E+01   2.27481E+00
  0.00000E+00   8.37818E+01   2.16441E+00
  0.00000E+00   8.41245E+01   2.53325E+00
  0.00000E+00   8.37622E+01   3.09387E+00
  0.00000E+00   8.13122E+01   3.45746E+00
  0.00000E+00   7.68861E+01   3.58054E+00
  0.00000E+00   7.34723E+01   3.45691E+00
  0.00000E+00   7.09599E+01   3.41301E+00
  0.00000E+00   6.93588E+01   3.02956E+00
  0.00000E+00   6.87694E+01   2.40597E+00
  0.00000E+00   7.00365E+01   1.80744E+00
  0.00000E+00   7.17983E+01   1.35048E+00
  0.00000E+00   7.23322E+01   1.24524E+00
  0.00000E+00   7.15098E+01   9.81967E-01
  0.00000E+00   7.12121E+01   8.40062E-01
  0.00000E+00   7.10918E+01   7.48649E-01
  0.00000E+00   7.03396E+01   7.17800E-01
  0.00000E+00   6.95311E+01   7.98180E-01
  0.00000E+00   6.74782E+01   9.21729E-01
  0.00000E+00   6.44270E+01   1.15277E+00
  0.00000E+00   6.19857E+01   1.20474E+00
  0.00000E+00   6.14458E+01   1.31204E+00
  0.00000E+00   6.28586E+01   1.34018E+00
  0.00000E+00   6.60269E+01   1.33639E+00
  0.00000E+00   6.93608E+01   1.43389E+00
  0.00000E+00   7.21669E+01   1.54338E+00
  0.00000E+00   7.38947E+01   1.54398E+00
  0.00000E+00   7.55097E+01   1.32214E+00
  0.00000E+00   7.77582E+01   1.01516E+00
  0.00000E+00   7.96771E+01   1.05641E+00
  0.00000E+00   8.05190E+01   1.19957E+00
  0.00000E+00   8.04997E+01   1.27242E+00
  0.00000E+00   7.98083E+01   1.16564E+00
  0.00000E+00   7.96804E+01   8.82352E-01
  0.00000E+00   8.03139E+01   5.98971E-01
  0.00000E+00   8.04354E+01   3.88150E-01
  0.00000E+00   8.06147E+01   3.46924E-01
  0.00000E+00   8.16552E+01   4.99276E-01
  0.00000E+00   8.38436E+01   6.74434E-01
  0.00000E+00   8.64976E+01   1.03223E+00
  0.00000E+00   8.92647E+01   1.27930E+00
  0.00000E+00   9.15669E+01   1.37347E+00
  0.00000E+00   9.34697E+01   1.49254E+00
  0.00000E+00   9.41926E+01   1.53066E+00
  0.00000E+00   9.46900E+01   1.43648E+00
  0.00000E+00   9.51757E+01   1.49694E+00
  0.00000E+00   9.50518E+01   1.60745E+00
  0.00000E+00   9.42113E+01   1.73659E+00
  0.00000E+00   9.28147E+01   1.58352E+00
  0.00000E+00   9.17564E+01   1.59536E+00
  0.00000E+00   9.25474E+01   1.45557E+00
  0.00000E+00   9.51712E+01   1.01984E+00
  0.00000E+00   9.84834E+01   7.35863E-01
  0.00000E+00   9.91388E+01   5.46963E-01
  0.00000E+00   9.53024E+01   5.84484E-01
  0.00000E+00   8.93758E+01   7.12322E-01
  0.00000E+00   8.41952E+01   8.98616E-01
  0.00000E+00   8.12994E+01   8.21639E-01
  0.00000E+00   7.95955E+01   5.89060E-01
  0.00000E+00   7.89361E+01   2.73682E-01
  0.00000E+00   7.88606E+01   2.22093E-02
  0.00000E+00   8.06505E+01  -4.15840E-01
  0.00000E+00   8.45319E+01  -1.02087E+00
  0.00000E+00   8.91078E+01  -1.20185E+00
  0.00000E+00   9.20570E+01  -9.33428E-01
  0.00000E+00   9.10540E+01  -2.76961E-01
  0.00000E+00   8.72805E+01   3.85219E-01
  0.00000E+00   8.42367E+01   7.96675E-01
  0.00000E+00   8.39668E+01   1.03578E+00
  0.00000E+00   8.58278E+01   1.26357E+00
  0.00000E+00   8.79463E+01   1.20482E+00
  0.00000E+00   8.95337E+01   1.44857E+00
  0.00000E+00   9.00343E+01   1.52497E+00
  0.00000E+00   9.06725E+01   1.36283E+00
  0.00000E+00   9.14420E+01   1.30715E+00
  0.00000E+00   9.29932E+01   1.30852E+00
  0.00000E+00   9.59279E+01   8.97349E-01
  0.00000E+00   9.95128E+01   5.44387E-01
  0.00000E+00   1.02468E+02  -1.31640E-01
  0.00000E+00   1.05116E+02  -5.20776E-01
  0.00000E+00   1.07661E+02  -7.14792E-01
  0.00000E+00   1.09961E+02  -9.38314E-01
  0.00000E+00   1.13239E+02  -9.81170E-01
  0.00000E+00   1.15235E+02  -8.28918E-01
  0.00000E+00   1.14931E+02  -6.56496E-01
  0.00000E+00   1.11527E+02  -8.16137E-01
  0.00000E+00   1.08355E+02  -9.95329E-01
  0.00000E+00   1.06821E+02  -8.70781E-01
  0.00000E+00   1.06076E+02  -6.19863E-01
  0.00000E+00   1.04900E+02  -7.43053E-01
  0.00000E+00   1.00975E+02  -9.61064E-01
  0.00000E+00   9.68894E+01  -9.46265E-01
  0.00000E+00   9.50389E+01  -1.00771E+00
  0.00000E+00   9.43362E+01  -1.07384E+00
  0.00000E+00   9.41679E+01  -1.01132E+00
  0.00000E+00   9.41326E+01  -1.03414E+00
  0.00000E+00   9.39180E+01  -1.26059E+00
  0.00000E+00   9.39616E+01  -1.29184E+00
  0.00000E+00   9.41871E+01  -1.13362E+00
  0.00000E+00   9.54072E+01  -7.79754E-01
  0.00000E+00   9.75442E+01  -2.72900E-01
  0.00000E+00   9.81553E+01   2.14200E-02
  0.00000E+00   9.54242E+01   7.00197E-02
  0.00000E+00   9.11875E+01   2.90133E-01
  0.00000E+00   8.83196E+01   5.28930E-01
  0.00000E+00   8.71899E+01   8.61117E-01
  0.00000E+00   8.76419E+01   1.01641E+00
  0.00000E+00   9.03868E+01   1.04877E+00
  0.00000E+00   9.33012E+01   1.01808E+00
  0.00000E+00   9.40548E+01   9.09880E-01
  0.00000E+00   9.23262E+01   8.70325E-01
  0.00000E+00   9.01945E+01   6.15805E-01
  0.00000E+00   9.01316E+01   3.63778E-01
  0.00000E+00   9.20442E+01   1.48819E-01
  0.00000E+00   9.51780E+01   3.73047E-02
  0.00000E+00   9.84102E+01  -3.72166E-01
  0.00000E+00   9.97993E+01  -8.67070E-01
  0.00000E+00   9.95947E+01  -1.05406E+00
  0.00000E+00   9.92528E+01  -9.08288E-01
  0.00000E+00   9.94372E+01  -1.08601E+00
  0.00000E+00   1.00190E+02  -1.21840E+00
  0.00000E+00   1.02009E+02  -1.16086E+00
  0.00000E+00   1.03413E+02  -1.09697E+00
  0.00000E+00   1.03597E+02  -1.03662E+00
  0.00000E+00   1.03069E+02  -9.98743E-01
  0.00000E+00   1.02115E+02  -7.28904E-01
  0.00000E+00   1.00216E+02  -5.21555E-01
  0.00000E+00   9.88891E+01  -4.08690E-01
  0.00000E+00   9.89795E+01  -5.35241E-01
  0.00000E+00   1.01140E+02  -6.48538E-01
  0.00000E+00   1.03797E+02  -7.26249E-01
  0.00000E+00   1.05147E+02  -8.44418E-01
  0.00000E+00   1.06276E+02  -8.20407E-01
  0.00000E+00   1.06946E+02  -8.17127E-01
  0.00000E+00   1.06549E+02  -7.97913E-01
  0.00000E+00   1.06097E+02  -1.01084E+00
  0.00000E+00   1.06897E+02  -1.31628E+00
  0.00000E+00   1.07939E+02  -1.44561E+00
  0.00000E+00   1.09151E+02  -1.50823E+00
  0.00000E+00   1.10405E+02  -1.44562E+00
  0.00000E+00   1.11160E+02  -1.42416E+00
  0.00000E+00   1.11733E+02  -1.66520E+00
  0.00000E+00   1.11460E+02  -1.67767E+00
  0.00000E+00   1.10916E+02  -1.67247E+00
  0.00000E+00   1.11729E+02  -1.99838E+00
  0.00000E+00   1.13151E+02  -2.45676E+00
  0.00000E+00   1.15004E+02  -2.76862E+00
  0.00000E+00   1.16594E+02  -2.68156E+00
  0.00000E+00   1.16820E+02  -2.48322E+00
  0.00000E+00   1.16679E+02  -2.52325E+00
  0.00000E+00   1.15973E+02  -2.47379E+00
  0.00000E+00   1.15228E+02  -2.31198E+00
  0.00000E+00   1.15354E+02  -2.23854E+00
  0.00000E+00   1.17094E+02  -2.25717E+00
  0.00000E+00   1.19429E+02  -2.24904E+00
  0.00000E+00   1.19830E+02  -2.37016E+00
  0.00000E+00   1.17759E+02  -2.55580E+00
  0.00000E+00   1.13884E+02  -2.59157E+00
  0.00000E+00   1.09989E+02  -2.19324E+00
  0.00000E+00   1.07849E+02  -1.77923E+00
  0.00000E+00   1.06427E+02  -1.26215E+00
  0.00000E+00   1.04431E+02  -9.19800E-01
  0.00000E+00   1.02073E+02  -6.85921E-01
  0.00000E+00   9.97510E+01  -2.14563E-01
  0.00000E+00   9.79935E+01   1.56698E-01
  0.00000E+00   9.76843E+01   4.72634E-01
  0.00000E+00   9.83009E+01   5.95552E-01
  0.00000E+00   9.94402E+01   6.51894E-01
  0.00000E+00   9.94015E+01   3.97470E-01
  0.00000E+00   9.90425E+01   3.40131E-01
  0.00000E+00   9.85753E+01   4.13507E-01
  0.00000E+00   9.75026E+01   6.13945E-01
  0.00000E+00   9.64421E+01   6.29683E-01
  0.00000E+00   9.71957E+01   6.91602E-01
  0.00000E+00   9.94925E+01   7.83397E-01
  0.00000E+00   1.02207E+02   5.81744E-01
  0.00000E+00   1.04900E+02   5.14350E-01
  0.00000E+00   1.07009E+02   3.15465E-01
  0.00000E+00   1.06887E+02   2.47747E-01
  0.00000E+00   1.05328E+02   2.48664E-01
  0.00000E+00   1.04824E+02   1.02949E-01
  0.00000E+00   1.04353E+02   1.43413E-01
  0.00000E+00   1.01995E+02  -1.72393E-01
  0.00000E+00   1.00006E+02  -2.81735E-02
  0.00000E+00   9.91420E+01   4.18291E-01
  0.00000E+00   9.86457E+01   6.22376E-01
  0.00000E+00   9.91352E+01   5.87945E-01
  0.00000E+00   1.00180E+02   5.65928E-01
  0.00000E+00   1.01172E+02   6.46600E-01
  0.00000E+00   1.01843E+02   6.72032E-01
  0.00000E+00   1.01308E+02   6.96776E-01
  0.00000E+00   9.90810E+01   7.50128E-01
  0.00000E+00   9.64901E+01   8.46762E-01
  0.00000E+00   9.48115E+01   9.45450E-01
  0.00000E+00   9.32083E+01   1.08388E+00
  0.00000E+00   9.15207E+01   1.24896E+00
  0.00000E+00   8.87170E+01   1.58966E+00
  0.00000E+00   8.58945E+01   2.08716E+00
  0.00000E+00   8.41695E+01   2.26663E+00
  0.00000E+00   8.38584E+01   2.40922E+00
  0.00000E+00   8.38666E+01   2.48284E+00
  0.00000E+00   8.47660E+01   2.49169E+00
  0.00000E+00   8.63381E+01   2.65169E+00
  0.00000E+00   8.77978E+01   2.60479E+00
  0.00000E+00   8.84648E+01   2.56983E+00
  0.00000E+00   8.89147E+01   2.63875E+00
  0.00000E+00   8.99504E+01   2.65507E+00
  0.00000E+00   9.13236E+01   2.70195E+00
  0.00000E+00   9.32146E+01   2.73255E+00
  0.00000E+00   9.52797E+01   2.65686E+00
  0.00000E+00   9.67899E+01   2.50553E+00
  0.00000E+00   9.85810E+01   2.36838E+00
  0.00000E+00   1.01212E+02   2.19325E+00
  0.00000E+00   1.04154E+02   1.81750E+00
  0.00000E+00   1.06618E+02   1.50013E+00
  0.00000E+00   1.08296E+02   1.13072E+00
  0.00000E+00   1.10140E+02   6.85427E-01
  0.00000E+00   1.12729E+02   4.30609E-01
  0.00000E+00   1.16091E+02   2.28129E-01
  0.00000E+00   1.18229E+02   4.54018E-02
  0.00000E+00   1.17688E+02  -2.03507E-01
  0.00000E+00   1.15717E+02   2.39491E-02
  0.00000E+00   1.14399E+02   4.49411E-01
  0.00000E+00   1.15157E+02   1.02925E+00
  0.00000E+00   1.17989E+02   1.79726E+00
  0.00000E+00   1.20572E+02   2.54012E+00
  0.00000E+00   1.21479E+02   3.03518E+00
  0.00000E+00   1.20955E+02   3.33220E+00
  0.00000E+00   1.21190E+02   3.46770E+00
  0.00000E+00   1.22010E+02   3.56032E+00
  0.00000E+00   1.22984E+02   3.52086E+00
  0.00000E+00   1.23027E+02   3.46477E+00
  0.00000E+00   1.21840E+02   3.14477E+00
  0.00000E+00   1.21027E+02   2.83185E+00
  0.00000E+00   1.20215E+02   2.56706E+00
  0.00000E+00   1.19124E+02   2.01801E+00
  0.00000E+00   1.19098E+02   1.42728E+00
  0.00000E+00   1.21452E+02   1.11783E+00
  0.00000E+00   1.25510E+02   9.56912E-01
  0.00000E+00   1.27737E+02   1.16347E+00
  0.00000E+00   1.27564E+02   1.40678E+00
  0.00000E+00   1.25092E+02   1.32808E+00
  0.00000E+00   1.22538E+02   1.03518E+00
  0.00000E+00   1.21613E+02   7.99915E-01
  0.00000E+00   1.21211E+02   7.74869E-01
  0.00000E+00   1.21903E+02   7.90693E-01
  0.00000E+00   1.22983E+02   8.63448E-01
  0.00000E+00   1.23291E+02   9.93281E-01
  0.00000E+00   1.21054E+02   1.11479E+00
  0.00000E+00   1.18199E+02   1.09332E+00
  0.00000E+00   1.16375E+02   1.19625E+00
  0.00000E+00   1.16617E+02   1.31216E+00
  0.00000E+00   1.18497E+02   1.11394E+00
  0.00000E+00   1.20548E+02   8.65487E-01
  0.00000E+00   1.21284E+02   7.79487E-01
  0.00000E+00   1.21870E+02   7.14799E-01
  0.00000E+00   1.22659E+02   5.69741E-01
  0.00000E+00   1.24341E+02   5.25171E-01
  0.00000E+00   1.27014E+02   4.53884E-01
  0.00000E+00   1.31451E+02   4.29065E-01
  0.00000E+00   1.34795E+02   4.43751E-01
  0.00000E+00   1.34874E+02   3.99498E-01
  0.00000E+00   1.31850E+02   2.41348E-01
  0.00000E+00   1.28890E+02   5.10022E-02
  0.00000E+00   1.28020E+02  -2.60147E-01
  0.00000E+00   1.29240E+02  -6.79857E-01
  0.00000E+00   1.32141E+02  -1.13573E+00
  0.00000E+00   1.35742E+02  -1.43436E+00
  0.00000E+00   1.38458E+02  -1.94785E+00
  0.00000E+00   1.40003E+02  -2.40022E+00
  0.00000E+00   1.42462E+02  -2.79404E+00
  0.00000E+00   1.44408E+02  -3.15663E+00
  0.00000E+00   1.46226E+02  -3.31357E+00
  0.00000E+00   1.47520E+02  -3.49968E+00
  0.00000E+00   1.46907E+02  -3.89868E+00
  0.00000E+00   1.45821E+02  -3.91763E+00
  0.00000E+00   1.44875E+02  -3.44607E+00
  0.00000E+00   1.45552E+02  -2.83367E+00
  0.00000E+00   1.45040E+02  -2.29242E+00
  0.00000E+00   1.43887E+02  -2.32187E+00
  0.00000E+00   1.43164E+02  -2.50654E+00
  0.00000E+00   1.44090E+02  -3.02913E+00
  0.00000E+00   1.45545E+02  -3.54086E+00
  0.00000E+00   1.47797E+02  -3.71443E+00
  0.00000E+00   1.50744E+02  -3.71938E+00
  0.00000E+00   1.53403E+02  -3.77495E+00
  0.00000E+00   1.53925E+02  -3.72589E+00
  0.00000E+00   1.52757E+02  -3.82928E+00
  0.00000E+00   1.49834E+02  -3.94041E+00
  0.00000E+00   1.45478E+02  -4.54180E+00
  0.00000E+00   1.44734E+02  -4.69436E+00
  0.00000E+00   1.47115E+02  -4.97078E+00
  0.00000E+00   1.50683E+02  -5.10880E+00
  0.00000E+00   1.52524E+02  -5.30242E+00
  0.00000E+00   1.51826E+02  -5.49577E+00
  0.00000E+00   1.49640E+02  -5.48446E+00
  0.00000E+00   1.47778E+02  -5.72803E+00
  0.00000E+00   1.46578E+02  -6.10684E+00
  0.00000E+00   1.46291E+02  -6.39731E+00
  0.00000E+00   1.47844E+02  -6.60046E+00
  0.00000E+00   1.49981E+02  -6.36214E+00
  0.00000E+00   1.51838E+02  -6.08690E+00
  0.00000E+00   1.51254E+02  -5.79843E+00
  0.00000E+00   1.50400E+02  -6.03063E+00
  0.00000E+00   1.48599E+02  -6.16877E+00
  0.00000E+00   1.47979E+02  -6.29855E+00
  0.00000E+00   1.50016E+02  -6.41835E+00
  0.00000E+00   1.52731E+02  -6.44107E+00
  0.00000E+00   1.54456E+02  -6.49863E+00
  0.00000E+00   1.52410E+02  -6.48092E+00
  0.00000E+00   1.48492E+02  -6.51102E+00
  0.00000E+00   1.45583E+02  -6.39067E+00
  0.00000E+00   1.46222E+02  -6.19301E+00
  0.00000E+00   1.48229E+02  -5.81618E+00
  0.00000E+00   1.49946E+02  -5.78183E+00
  0.00000E+00   1.49841E+02  -5.79634E+00
  0.00000E+00   1.48758E+02  -5.80008E+00
  0.00000E+00   1.48652E+02  -5.82881E+00
  0.00000E+00   1.50330E+02  -5.80234E+00
  0.00000E+00   1.51437E+02  -5.72832E+00
  0.00000E+00   1.51328E+02  -5.51164E+00
  0.00000E+00   1.50357E+02  -5.51005E+00
  0.00000E+00   1.49173E+02  -5.43997E+00
  0.00000E+00   1.47742E+02  -5.30988E+00
  0.00000E+00   1.45335E+02  -5.12602E+00
  0.00000E+00   1.43902E+02  -5.04124E+00
  0.00000E+00   1.43667E+02  -4.87781E+00
  0.00000E+00   1.44722E+02  -4.81745E+00
  0.00000E+00   1.46786E+02  -4.57949E+00
  0.00000E+00   1.49206E+02  -4.64167E+00
  0.00000E+00   1.51720E+02  -4.44243E+00
  0.00000E+00   1.52055E+02  -4.19148E+00
  0.00000E+00   1.50743E+02  -4.13215E+00
  0.00000E+00   1.49232E+02  -4.22804E+00
  0.00000E+00   1.48908E+02  -4.38520E+00
  0.00000E+00   1.48389E+02  -4.54078E+00
  0.00000E+00   1.47571E+02  -4.66582E+00
  0.00000E+00   1.48007E+02  -4.46057E+00
  0.00000E+00   1.49665E+02  -3.83005E+00
  0.00000E+00   1.50250E+02  -3.46935E+00
  0.00000E+00   1.49425E+02  -3.09461E+00
  0.00000E+00   1.48534E+02  -2.71588E+00
  0.00000E+00   1.48110E+02  -2.42002E+00
  0.00000E+00   1.47022E+02  -1.76283E+00
  0.00000E+00   1.45769E+02  -1.59191E+00
  0.00000E+00   1.44605E+02  -1.44424E+00
  0.00000E+00   1.44991E+02  -1.40819E+00
  0.00000E+00   1.44681E+02  -1.18632E+00
  0.00000E+00   1.43645E+02  -8.51546E-01
  0.00000E+00   1.42966E+02  -5.69110E-01
  0.00000E+00   1.42845E+02  -5.14198E-01
  0.00000E+00   1.43839E+02  -2.53774E-01
  0.00000E+00   1.45688E+02   1.07879E-01
  0.00000E+00   1.46946E+02   2.28386E-01
  0.00000E+00   1.46747E+02   2.07177E-01
  0.00000E+00   1.44592E+02   2.39561E-01
  0.00000E+00   1.43098E+02   4.05615E-01
  0.00000E+00   1.42562E+02   7.33212E-01
  0.00000E+00   1.42693E+02   1.22849E+00
  0.00000E+00   1.43401E+02   1.70868E+00
  0.00000E+00   1.43547E+02   2.02275E+00
  0.00000E+00   1.44191E+02   2.22333E+00
  0.00000E+00   1.44848E+02   2.20929E+00
  0.00000E+00   1.45365E+02   2.30894E+00
  0.00000E+00   1.45958E+02   2.24789E+00
  0.00000E+00   1.44545E+02   2.39295E+00
  0.00000E+00   1.41493E+02   2.72222E+00
  0.00000E+00   1.39775E+02   3.38114E+00
  0.00000E+00   1.37947E+02   4.08233E+00
  0.00000E+00   1.37573E+02   4.60162E+00
  0.00000E+00   1.39557E+02   4.85988E+00
  0.00000E+00   1.42203E+02   4.95383E+00
  0.00000E+00   1.44080E+02   5.00568E+00
  0.00000E+00   1.45990E+02   5.05616E+00
  0.00000E+00   1.47582E+02   4.83237E+00
  0.00000E+00   1.47649E+02   5.09968E+00
  0.00000E+00   1.47379E+02   5.07453E+00
  0.00000E+00   1.47308E+02   4.88445E+00
  0.00000E+00   1.48441E+02   4.71267E+00
  0.00000E+00   1.50705E+02   4.53034E+00
  0.00000E+00   1.52895E+02   4.21040E+00
  0.00000E+00   1.55068E+02   4.02501E+00
  0.00000E+00   1.57069E+02   3.97216E+00
  0.00000E+00   1.58989E+02   3.89235E+00
  0.00000E+00   1.60137E+02   4.35253E+00
  0.00000E+00   1.61335E+02   5.07547E+00
  0.00000E+00   1.62181E+02   5.40276E+00
  0.00000E+00   1.62486E+02   5.54489E+00
  0.00000E+00   1.63570E+02   5.55917E+00
  0.00000E+00   1.64595E+02   5.54949E+00
  0.00000E+00   1.63916E+02   5.66827E+00
  0.00000E+00   1.60003E+02   5.33725E+00
  0.00000E+00   1.54258E+02   4.75387E+00
  0.00000E+00   1.48087E+02   4.50961E+00
  0.00000E+00   1.44620E+02   4.50421E+00
  0.00000E+00   1.43506E+02   4.11394E+00
  0.00000E+00   1.42813E+02   3.30111E+00
  0.00000E+00   1.42654E+02   2.75542E+00
  0.00000E+00   1.43321E+02   2.13141E+00
  0.00000E+00   1.44176E+02   1.85007E+00
  0.00000E+00   1.42393E+02   1.50291E+00
  0.00000E+00   1.38595E+02   1.53738E+00
  0.00000E+00   1.35799E+02   1.32493E+00
  0.00000E+00   1.34235E+02   6.50112E-01
  0.00000E+00   1.32333E+02  -1.85753E-01
  0.00000E+00   1.30094E+02  -3.22875E-01
  0.00000E+00   1.27587E+02  -4.43581E-01
  0.00000E+00   1.26368E+02  -6.65061E-01
  0.00000E+00   1.26892E+02  -8.05278E-01
  0.00000E+00   1.27918E+02  -5.88508E-01
  0.00000E+00   1.27937E+02  -6.69854E-01
  0.00000E+00   1.27498E+02  -8.41643E-01
  0.00000E+00   1.25927E+02  -3.72640E-01
  0.00000E+00   1.23823E+02  -7.09676E-02
  0.00000E+00   1.22562E+02   7.82614E-02
  0.00000E+00   1.23735E+02   3.01909E-01
  0.00000E+00   1.24563E+02   2.67288E-01
  0.00000E+00   1.22492E+02   2.86965E-01
  0.00000E+00   1.21168E+02   4.81322E-02
  0.00000E+00   1.19966E+02  -3.27879E-01
  0.00000E+00   1.18379E+02  -1.11830E+00
  0.00000E+00   1.14919E+02  -1.97232E+00
  0.00000E+00   1.11756E+02  -2.31446E+00
  0.00000E+00   1.08485E+02  -2.62894E+00
  0.00000E+00   1.05804E+02  -3.10335E+00
  0.00000E+00   1.04393E+02  -3.08515E+00
  0.00000E+00   1.03032E+02  -3.28236E+00
  0.00000E+00   1.01312E+02  -3.41531E+00
  0.00000E+00   9.90480E+01  -3.74241E+00
  0.00000E+00   9.66646E+01  -4.06707E+00
  0.00000E+00   9.38587E+01  -4.40467E+00
  0.00000E+00   9.14977E+01  -4.56449E+00
  0.00000E+00   8.91984E+01  -4.63802E+00
  0.00000E+00   8.68871E+01  -4.60578E+00
  0.00000E+00   8.58373E+01  -4.66944E+00
  0.00000E+00   8.49022E+01  -4.31702E+00
  0.00000E+00   8.49734E+01  -4.08084E+00
  0.00000E+00   8.57489E+01  -3.55088E+00
  0.00000E+00   8.68412E+01  -2.79914E+00
  0.00000E+00   8.74205E+01  -1.85679E+00
  0.00000E+00   8.56953E+01  -1.09934E+00
  0.00000E+00   8.23875E+01  -8.65367E-01
  0.00000E+00   8.00979E+01  -1.27987E+00
  0.00000E+00   7.98701E+01  -1.90716E+00
  0.00000E+00   8.07953E+01  -2.41862E+00
  0.00000E+00   8.17732E+01  -2.87749E+00
  0.00000E+00   8.27465E+01  -2.91887E+00
  0.00000E+00   8.41771E+01  -2.60910E+00
  0.00000E+00   8.57827E+01  -2.25770E+00
  0.00000E+00   8.67641E+01  -1.83365E+00
  0.00000E+00   8.58519E+01  -1.63119E+00
  0.00000E+00   8.40739E+01  -1.77261E+00
  0.00000E+00   8.19125E+01  -1.73433E+00
  0.00000E+00   8.10964E+01  -2.05449E+00
  0.00000E+00   8.18688E+01  -2.49834E+00
  0.00000E+00   8.38084E+01  -2.88461E+00
  0.00000E+00   8.69909E+01  -3.12486E+00
  0.00000E+00   8.90744E+01  -3.27422E+00
  0.00000E+00   8.94093E+01  -3.22780E+00
  0.00000E+00   8.84808E+01  -3.04982E+00
  0.00000E+00   8.73860E+01  -2.54837E+00
  0.00000E+00   8.64732E+01  -2.05492E+00
  0.00000E+00   8.63211E+01  -1.88003E+00
  0.00000E+00   8.70552E+01  -1.79135E+00
  0.00000E+00   8.90030E+01  -1.88670E+00
  0.00000E+00   9.23323E+01  -1.87638E+00
  0.00000E+00   9.57233E+01  -1.59835E+00
  0.00000E+00   9.78480E+01  -9.24289E-01
  0.00000E+00   9.67603E+01  -6.63128E-01
  0.00000E+00   9.33051E+01  -5.13864E-01
  0.00000E+00   8.88922E+01  -4.03196E-01
  0.00000E+00   8.57220E+01  -2.94586E-01
  0.00000E+00   8.47801E+01  -4.62839E-01
  0.00000E+00   8.62988E+01  -7.16071E-01
  0.00000E+00   8.95347E+01  -1.04940E+00
  0.00000E+00   9.26978E+01  -1.23308E+00
  0.00000E+00   9.37604E+01  -1.13055E+00
  0.00000E+00   9.11652E+01  -1.19163E+00
  0.00000E+00   8.75148E+01  -1.27120E+00
  0.00000E+00   8.59895E+01  -1.21407E+00
  0.00000E+00   8.71194E+01  -1.19676E+00
  0.00000E+00   8.81344E+01  -7.93292E-01
  0.00000E+00   8.87087E+01  -6.99731E-01
  0.00000E+00   8.87848E+01  -9.22315E-01
  0.00000E+00   8.78103E+01  -1.30070E+00
  0.00000E+00   8.66227E+01  -1.87791E+00
  0.00000E+00   8.64306E+01  -2.21371E+00
  0.00000E+00   8.68358E+01  -2.35011E+00
  0.00000E+00   8.67575E+01  -2.35303E+00
  0.00000E+00   8.66642E+01  -2.03391E+00
  0.00000E+00   8.70646E+01  -1.88784E+00
  0.00000E+00   8.83707E+01  -1.82641E+00
  0.00000E+00   8.99840E+01  -1.87863E+00
  0.00000E+00   9.15942E+01  -1.90959E+00
  0.00000E+00   9.34725E+01  -1.98624E+00
  0.00000E+00   9.54617E+01  -1.92990E+00
  0.00000E+00   9.79002E+01  -1.68212E+00
  0.00000E+00   9.89781E+01  -1.46643E+00
  0.00000E+00   9.97792E+01  -1.33571E+00
  0.00000E+00   1.00544E+02  -1.01697E+00
  0.00000E+00   1.01670E+02  -8.27555E-01
  0.00000E+00   1.03522E+02  -8.30043E-01
  0.00000E+00   1.06050E+02  -9.28604E-01
  0.00000E+00   1.08237E+02  -1.24310E+00
  0.00000E+00   1.08988E+02  -1.43257E+00
  0.00000E+00   1.06839E+02  -1.55304E+00
  0.00000E+00   1.03498E+02  -1.50696E+00
  0.00000E+00   1.00308E+02  -1.28201E+00
  0.00000E+00   9.82967E+01  -1.25020E+00
  0.00000E+00   9.76804E+01  -1.68789E+00
  0.00000E+00   9.85599E+01  -1.95501E+00
  0.00000E+00   1.01175E+02  -2.07747E+00
  0.00000E+00   1.05137E+02  -2.46079E+00
  0.00000E+00   1.09905E+02  -2.61227E+00
  0.00000E+00   1.13969E+02  -2.32544E+00
  0.00000E+00   1.16322E+02  -2.28388E+00
  0.00000E+00   1.16144E+02  -2.48058E+00
  0.00000E+00   1.15962E+02  -2.63544E+00
  0.00000E+00   1.17846E+02  -2.57659E+00
  0.00000E+00   1.20618E+02  -2.50899E+00
  0.00000E+00   1.22580E+02  -2.16563E+00
  0.00000E+00   1.22994E+02  -1.69242E+00
  0.00000E+00   1.20581E+02  -1.26777E+00
  0.00000E+00   1.16773E+02  -1.12061E+00
  0.00000E+00   1.12674E+02  -1.27438E+00
  0.00000E+00   1.07979E+02  -1.44596E+00
  0.00000E+00   1.05826E+02  -1.62327E+00
  0.00000E+00   1.03825E+02  -1.69892E+00
  0.00000E+00   1.03156E+02  -1.55476E+00
  0.00000E+00   1.05170E+02  -1.49387E+00
  0.00000E+00   1.07066E+02  -1.67264E+00
  0.00000E+00   1.07784E+02  -1.69932E+00
  0.00000E+00   1.08577E+02  -1.60124E+00
  0.00000E+00   1.11120E+02  -1.68738E+00
  0.00000E+00   1.14737E+02  -1.84241E+00
  0.00000E+00   1.18289E+02  -2.03621E+00
  0.00000E+00   1.20818E+02  -2.19370E+00
  0.00000E+00   1.22857E+02  -2.17676E+00
  0.00000E+00   1.23729E+02  -2.16141E+00
  0.00000E+00   1.22511E+02  -2.00071E+00
  0.00000E+00   1.20027E+02  -1.78357E+00
  0.00000E+00   1.18880E+02  -1.61361E+00
  0.00000E+00   1.21102E+02  -1.41989E+00
  0.00000E+00   1.25110E+02  -1.49092E+00
  0.00000E+00   1.27180E+02  -1.58871E+00
  0.00000E+00   1.27752E+02  -1.68377E+00
  0.00000E+00   1.28282E+02  -1.73246E+00
  0.00000E+00   1.29524E+02  -1.88567E+00
  0.00000E+00   1.31224E+02  -2.04690E+00
  0.00000E+00   1.31722E+02  -1.99347E+00
  0.00000E+00   1.31178E+02  -1.84941E+00
  0.00000E+00   1.30194E+02  -1.76060E+00
  0.00000E+00   1.29059E+02  -1.81219E+00
  0.00000E+00   1.28423E+02  -1.68007E+00
  0.00000E+00   1.28870E+02  -1.34279E+00
  0.00000E+00   1.29703E+02  -8.77456E-01
  0.00000E+00   1.31531E+02  -3.63957E-01
  0.00000E+00   1.34773E+02   1.92303E-02
  0.00000E+00   1.38042E+02   4.93495E-01
  0.00000E+00   1.41849E+02   8.40971E-01
  0.00000E+00   1.46831E+02   1.22084E+00
  0.00000E+00   1.51598E+02   1.43244E+00
  0.00000E+00   1.54558E+02   1.73736E+00
  0.00000E+00   1.54539E+02   2.27349E+00
  0.00000E+00   1.52015E+02   2.39736E+00
  0.00000E+00   1.49160E+02   2.34421E+00
  0.00000E+00   1.47290E+02   2.29878E+00
  0.00000E+00   1.45918E+02   2.06456E+00
  0.00000E+00   1.45916E+02   1.76344E+00
  0.00000E+00   1.47056E+02   1.69535E+00
  0.00000E+00   1.49392E+02   2.07176E+00
  0.00000E+00   1.51105E+02   2.15787E+00
  0.00000E+00   1.52983E+02   2.40700E+00
  0.00000E+00   1.53688E+02   2.50182E+00
  0.00000E+00   1.52533E+02   2.28406E+00
  0.00000E+00   1.50529E+02   2.00527E+00
  0.00000E+00   1.48243E+02   1.56735E+00
  0.00000E+00   1.45634E+02   1.62250E+00
  0.00000E+00   1.43944E+02   2.14581E+00
  0.00000E+00   1.44457E+02   2.16670E+00
  0.00000E+00   1.46467E+02   2.50973E+00
  0.00000E+00   1.48141E+02   2.73776E+00
  0.00000E+00   1.48260E+02   2.87433E+00
  0.00000E+00   1.48495E+02   3.04876E+00
  0.00000E+00   1.49643E+02   3.26402E+00
  0.00000E+00   1.51184E+02   3.30257E+00
  0.00000E+00   1.52323E+02   3.22286E+00
  0.00000E+00   1.53397E+02   3.28398E+00
  0.00000E+00   1.54991E+02   3.54073E+00
  0.00000E+00   1.57349E+02   4.15840E+00
  0.00000E+00   1.59839E+02   4.61001E+00
  0.00000E+00   1.61705E+02   5.13491E+00
  0.00000E+00   1.62365E+02   5.52648E+00
  0.00000E+00   1.61721E+02   5.65492E+00
  0.00000E+00   1.61214E+02   5.22536E+00
  0.00000E+00   1.62370E+02   4.68065E+00
  0.00000E+00   1.65364E+02   4.19283E+00
  0.00000E+00   1.69019E+02   3.65508E+00
  0.00000E+00   1.71481E+02   3.46819E+00
  0.00000E+00   1.70523E+02   3.58988E+00
  0.00000E+00   1.69382E+02   3.79913E+00
  0.00000E+00   1.69119E+02   3.73056E+00
  0.00000E+00   1.67648E+02   2.95809E+00
  0.00000E+00   1.66060E+02   2.48421E+00
  0.00000E+00   1.63928E+02   2.17671E+00
  0.00000E+00   1.59763E+02   1.72072E+00
  0.00000E+00   1.58812E+02   1.32828E+00
  0.00000E+00   1.59877E+02   8.38057E-01
  0.00000E+00   1.59403E+02   1.27171E-01
  0.00000E+00   1.58497E+02  -4.17961E-01
  0.00000E+00   1.57078E+02  -4.00815E-01
  0.00000E+00   1.55822E+02  -1.07358E-01
  0.00000E+00   1.56194E+02   2.93213E-01
  0.00000E+00   1.58598E+02   7.85557E-01
  0.00000E+00   1.60819E+02   1.16960E+00
  0.00000E+00   1.62419E+02   1.49782E+00
  0.00000E+00   1.64168E+02   2.02378E+00
  0.00000E+00   1.66765E+02   2.23869E+00
  0.00000E+00   1.70335E+02   2.16269E+00
  0.00000E+00   1.72711E+02   2.40565E+00
  0.00000E+00   1.75615E+02   2.87194E+00
  0.00000E+00   1.77802E+02   3.37005E+00
  0.00000E+00   1.76060E+02   3.37447E+00
  0.00000E+00   1.74108E+02   3.23933E+00
  0.00000E+00   1.74671E+02   2.98312E+00
  0.00000E+00   1.76024E+02   2.58645E+00
  0.00000E+00   1.77099E+02   2.42426E+00
  0.00000E+00   1.77931E+02   2.35326E+00
  0.00000E+00   1.78032E+02   2.02376E+00
  0.00000E+00   1.76583E+02   1.79211E+00
  0.00000E+00   1.73671E+02   1.23371E+00
  0.00000E+00   1.68244E+02   8.20922E-01
  0.00000E+00   1.63793E+02   6.52194E-01
  0.00000E+00   1.61374E+02   7.24129E-01
  0.00000E+00   1.60264E+02   3.14556E-01
  0.00000E+00   1.60856E+02   3.38633E-01
  0.00000E+00   1.59741E+02  -2.59112E-02
  0.00000E+00   1.58590E+02   4.61788E-02
  0.00000E+00   1.58819E+02   5.39234E-02
  0.00000E+00   1.58789E+02   1.08046E-01
  0.00000E+00   1.56461E+02  -9.02604E-02
  0.00000E+00   1.52424E+02  -5.82055E-02
  0.00000E+00   1.46768E+02  -2.15973E-01
  0.00000E+00   1.41631E+02   2.90258E-02
  0.00000E+00   1.37777E+02   2.10267E-01
  0.00000E+00   1.35390E+02  -9.31930E-02
  0.00000E+00   1.33969E+02  -2.67271E-01
  0.00000E+00   1.31963E+02  -4.31157E-01
  0.00000E+00   1.29859E+02  -4.84902E-01
  0.00000E+00   1.25624E+02  -2.36637E-01
