  0.00000E+00   7.52125E-04  -1.64436E-04
  0.00000E+00   2.85135E-03  -3.11968E-04
  0.00000E+00   7.41844E-03  -4.26456E-04
  0.00000E+00   1.15187E-02  -5.36192E-04
  0.00000E+00   1.56784E-02  -6.49536E-04
  0.00000E+00   2.07358E-02  -7.24661E-04
  0.00000E+00   2.72642E-02  -7.44520E-04
  0.00000E+00   3.58797E-02  -6.94448E-04
  0.00000E+00   4.73211E-02  -5.61057E-04
  0.00000E+00   6.24656E-02  -3.22160E-04
  0.00000E+00   8.23808E-02   6.06107E-05
  0.00000E+00   1.08375E-01   6.45607E-04
  0.00000E+00   1.42090E-01   1.52193E-03
  0.00000E+00   1.85576E-01   2.80354E-03
  0.00000E+00   2.41379E-01   4.62889E-03
  0.00000E+00   3.12640E-01   7.15005E-03
  0.00000E+00   4.03197E-01   1.05227E-02
  0.00000E+00   5.17684E-01   1.48664E-02
  0.00000E+00   6.61613E-01   2.02441E-02
  0.00000E+00   8.41333E-01   2.66389E-02
  0.00000E+00   1.06391E+00   3.39212E-02
  0.00000E+00   1.33693E+00   4.18459E-02
  0.00000E+00   1.66821E+00   5.00263E-02
  0.00000E+00   2.06531E+00   5.79349E-02
  0.00000E+00   2.53543E+00   6.49362E-02
  0.00000E+00   3.08507E+00   7.03747E-02
  0.00000E+00   3.72039E+00   7.37655E-02
  0.00000E+00   4.44673E+00   7.47851E-02
  0.00000E+00   5.26942E+00   7.36096E-02
  0.00000E+00   6.19382E+00   7.09086E-02
  0.00000E+00   7.22624E+00   6.77407E-02
  0.00000E+00   8.37427E+00   6.50949E-02
  0.00000E+00   9.64473E+00   6.30536E-02
  0.00000E+00   1.10405E+01   6.09652E-02
  0.00000E+00   1.25592E+01   5.88907E-02
  0.00000E+00   1.41906E+01   5.75829E-02
  0.00000E+00   1.59073E+01   6.46566E-02
  0.00000E+00   1.76624E+01   8.80569E-02
  0.00000E+00   1.94207E+01   1.26888E-01
  0.00000E+00   2.11524E+01   1.67701E-01
  0.00000E+00   2.28625E+01   1.96041E-01
  0.00000E+00   2.46235E+01   2.22430E-01
  0.00000E+00   2.63840E+01   2.94212E-01
  0.00000E+00   2.79630E+01   4.32313E-01
  0.00000E+00   2.93906E+01   6.65559E-01
  0.00000E+00   3.07474E+01   9.94311E-01
  0.00000E+00   3.18453E+01   1.25600E+00
  0.00000E+00   3.22185E+01   1.33665E+00
  0.00000E+00   3.22249E+01   1.26079E+00
  0.00000E+00   3.24983E+01   1.15327E+00
  0.00000E+00   3.33452E+01   1.05561E+00
  0.00000E+00   3.49182E+01   9.03150E-01
  0.00000E+00   3.66782E+01   8.35798E-01
  0.00000E+00   3.87221E+01   6.87247E-01
  0.00000E+00   4.05363E+01   4.87023E-01
  0.00000E+00   4.14095E+01   4.33120E-01
  0.00000E+00   4.09567E+01   4.46227E-01
  0.00000E+00   3.89865E+01   4.32535E-01
  0.00000E+00   3.67634E+01   1.67250E-01
  0.00000E+00   3.41681E+01  -2.86717E-01
  0.00000E+00   3.24103E+01  -3.98434E-01
  0.00000E+00   3.17111E+01  -5.63488E-01
  0.00000E+00   3.21761E+01  -7.52217E-01
  0.00000E+00   3.40264E+01  -8.77517E-01
  0.00000E+00   3.65294E+01  -8.66076E-01
  0.00000E+00   3.88807E+01  -8.96003E-01
  0.00000E+00   4.13348E+01  -1.02226E+00
  0.00000E+00   4.38497E+01  -9.78854E-01
  0.00000E+00   4.60895E+01  -1.03285E+00
  0.00000E+00   4.79081E+01  -1.15341E+00
  0.00000E+00   4.89557E+01  -1.21599E+00
  0.00000E+00   4.93736E+01  -1.31670E+00
  0.00000E+00   4.91511E+01  -1.44816E+00
  0.00000E+00   4.90763E+01  -1.51497E+00
  0.00000E+00   5.00086E+01  -1.49002E+00
  0.00000E+00   5.17276E+01  -1.46000E+00
  0.00000E+00   5.39071E+01  -1.31883E+00
  0.00000E+00   5.62906E+01  -1.14214E+00
  0.00000E+00   5.89815E+01  -9.39218E-01
  0.00000E+00   6.12753E+01  -5.56805E-01
  0.00000E+00   6.24699E+01  -8.04469E-02
  0.00000E+00   6.27620E+01   2.07898E-01
  0.00000E+00   6.29506E+01   3.97398E-01
  0.00000E+00   6.38922E+01   3.89603E-01
  0.00000E+00   6.55903E+01   3.62764E-01
  0.00000E+00   6.67688E+01   2.38776E-01
  0.00000E+00   6.71062E+01   1.67855E-01
  0.00000E+00   6.61589E+01   4.41395E-02
  0.00000E+00   6.45218E+01  -1.86818E-02
  0.00000E+00   6.35978E+01  -1.78935E-02
  0.00000E+00   6.40296E+01  -6.27346E-03
  0.00000E+00   6.40078E+01  -1.14569E-02
  0.00000E+00   6.19188E+01  -2.34420E-01
  0.00000E+00   5.86364E+01  -3.26564E-01
  0.00000E+00   5.52084E+01  -2.01827E-01
  0.00000E+00   5.25049E+01   2.26319E-03
  0.00000E+00   5.03083E+01   2.13901E-01
  0.00000E+00   4.88273E+01   3.30711E-01
  0.00000E+00   4.83463E+01   5.09755E-01
  0.00000E+00   4.74816E+01   7.42920E-01
  0.00000E+00   4.57235E+01   8.86910E-01
  0.00000E+00   4.47978E+01   1.09207E+00
  0.00000E+00   4.51671E+01   1.15860E+00
  0.00000E+00   4.67962E+01   9.78402E-01
  0.00000E+00   4.87083E+01   8.28820E-01
  0.00000E+00   5.05562E+01   6.55757E-01
  0.00000E+00   5.20451E+01   4.67750E-01
  0.00000E+00   5.32016E+01   2.68071E-01
  0.00000E+00   5.46112E+01   1.18935E-01
  0.00000E+00   5.57885E+01   8.03255E-02
  0.00000E+00   5.71073E+01   2.64065E-02
  0.00000E+00   5.85124E+01  -3.71408E-02
  0.00000E+00   5.94693E+01  -3.86578E-02
  0.00000E+00   6.03203E+01   1.01466E-01
  0.00000E+00   6.20491E+01   1.95201E-01
  0.00000E+00   6.45144E+01   2.50591E-01
  0.00000E+00   6.65695E+01   2.11884E-01
  0.00000E+00   6.71695E+01   1.85405E-01
  0.00000E+00   6.66757E+01   7.57318E-02
  0.00000E+00   6.57700E+01  -1.21889E-02
  0.00000E+00   6.44749E+01  -6.09946E-02
  0.00000E+00   6.35144E+01  -1.03175E-01
  0.00000E+00   6.32790E+01  -2.87961E-01
  0.00000E+00   6.29988E+01  -5.55027E-01
  0.00000E+00   6.25056E+01  -6.71843E-01
  0.00000E+00   6.23743E+01  -7.74271E-01
  0.00000E+00   6.33067E+01  -9.42952E-01
  0.00000E+00   6.49462E+01  -9.14198E-01
  0.00000E+00   6.61585E+01  -6.97923E-01
  0.00000E+00   6.65675E+01  -4.32955E-01
  0.00000E+00   6.71127E+01  -2.06440E-01
  0.00000E+00   6.79816E+01  -1.77001E-02
  0.00000E+00   6.84577E+01  -7.43164E-03
  0.00000E+00   6.89086E+01  -4.79376E-02
  0.00000E+00   6.96003E+01  -1.31382E-01
  0.00000E+00   7.00027E+01  -2.57603E-01
  0.00000E+00   7.03324E+01  -4.96726E-01
  0.00000E+00   7.16976E+01  -5.78685E-01
  0.00000E+00   7.38195E+01  -6.41518E-01
  0.00000E+00   7.51137E+01  -7.32294E-01
  0.00000E+00   7.50701E+01  -9.03694E-01
  0.00000E+00   7.37956E+01  -1.07596E+00
  0.00000E+00   7.21496E+01  -1.23641E+00
  0.00000E+00   7.08552E+01  -1.25098E+00
  0.00000E+00   6.96417E+01  -1.23821E+00
  0.00000E+00   6.83378E+01  -9.72895E-01
  0.00000E+00   6.68814E+01  -7.05048E-01
  0.00000E+00   6.59151E+01  -5.05757E-01
  0.00000E+00   6.56594E+01  -4.99541E-01
  0.00000E+00   6.56919E+01  -4.00885E-01
  0.00000E+00   6.49329E+01  -1.99789E-01
  0.00000E+00   6.34210E+01   5.24959E-02
  0.00000E+00   6.14647E+01   4.19079E-01
  0.00000E+00   5.95834E+01   7.00298E-01
  0.00000E+00   5.75165E+01   8.05250E-01
  0.00000E+00   5.58385E+01   9.68338E-01
  0.00000E+00   5.50772E+01   1.07359E+00
  0.00000E+00   5.51487E+01   1.09058E+00
  0.00000E+00   5.60480E+01   1.05041E+00
  0.00000E+00   5.77895E+01   1.00633E+00
  0.00000E+00   5.96844E+01   1.05219E+00
  0.00000E+00   6.13550E+01   1.08701E+00
  0.00000E+00   6.30466E+01   1.06411E+00
  0.00000E+00   6.38888E+01   1.21055E+00
  0.00000E+00   6.43283E+01   1.39883E+00
  0.00000E+00   6.36869E+01   1.42151E+00
  0.00000E+00   6.23534E+01   1.27968E+00
  0.00000E+00   6.15814E+01   1.12497E+00
  0.00000E+00   6.14300E+01   1.09141E+00
  0.00000E+00   6.18211E+01   1.15796E+00
  0.00000E+00   6.25132E+01   1.21361E+00
  0.00000E+00   6.33660E+01   1.32930E+00
  0.00000E+00   6.42623E+01   1.44282E+00
  0.00000E+00   6.47182E+01   1.40917E+00
  0.00000E+00   6.47049E+01   1.31787E+00
  0.00000E+00   6.48951E+01   1.07197E+00
  0.00000E+00   6.55622E+01   8.00833E-01
  0.00000E+00   6.65947E+01   5.88752E-01
  0.00000E+00   6.72381E+01   2.85472E-01
  0.00000E+00   6.65201E+01   1.13327E-01
  0.00000E+00   6.41228E+01   1.22152E-01
  0.00000E+00   6.25351E+01   1.02818E-01
  0.00000E+00   6.29236E+01   6.58403E-02
  0.00000E+00   6.43768E+01   8.69443E-02
  0.00000E+00   6.48717E+01   7.28683E-03
  0.00000E+00   6.46221E+01  -9.74818E-03
  0.00000E+00   6.45156E+01   1.40119E-01
  0.00000E+00   6.39966E+01   4.62744E-01
  0.00000E+00   6.31812E+01   9.63360E-01
  0.00000E+00   6.18925E+01   1.39739E+00
  0.00000E+00   6.10155E+01   1.69017E+00
  0.00000E+00   6.11013E+01   1.86278E+00
  0.00000E+00   6.11920E+01   2.00352E+00
  0.00000E+00   6.08892E+01   2.20104E+00
  0.00000E+00   6.01365E+01   2.27564E+00
  0.00000E+00   5.99564E+01   2.18550E+00
  0.00000E+00   6.07575E+01   2.09168E+00
  0.00000E+00   6.18599E+01   2.02042E+00
  0.00000E+00   6.28655E+01   1.96159E+00
  0.00000E+00   6.28343E+01   1.79319E+00
  0.00000E+00   6.15062E+01   1.62145E+00
  0.00000E+00   6.00891E+01   1.42909E+00
  0.00000E+00   5.96090E+01   1.00055E+00
  0.00000E+00   6.00447E+01   6.88172E-01
  0.00000E+00   6.05696E+01   4.02405E-01
  0.00000E+00   6.02111E+01   2.56459E-01
  0.00000E+00   5.96559E+01   2.06709E-01
  0.00000E+00   5.92828E+01   1.98688E-01
  0.00000E+00   5.90250E+01   2.70467E-01
  0.00000E+00   5.95935E+01   3.17394E-01
  0.00000E+00   6.11844E+01   3.22849E-01
  0.00000E+00   6.40046E+01   2.55243E-01
  0.00000E+00   6.70732E+01   2.11051E-01
  0.00000E+00   6.88736E+01   3.21322E-01
  0.00000E+00   6.96269E+01   4.76325E-01
  0.00000E+00   6.92146E+01   5.86221E-01
  0.00000E+00   6.87066E+01   6.99539E-01
  0.00000E+00   6.90274E+01   7.88539E-01
  0.00000E+00   7.02444E+01   1.05865E+00
  0.00000E+00   7.25339E+01   1.34731E+00
  0.00000E+00   7.48643E+01   1.63645E+00
  0.00000E+00   7.59795E+01   1.86947E+00
  0.00000E+00   7.57003E+01   2.10821E+00
  0.00000E+00   7.39209E+01   2.32282E+00
  0.00000E+00   7.14913E+01   2.42963E+00
  0.00000E+00   7.07830E+01   2.38072E+00
  0.00000E+00   7.21838E+01   2.55583E+00
  0.00000E+00   7.27951E+01   2.75916E+00
  0.00000E+00   7.18479E+01   2.91518E+00
  0.00000E+00   6.97544E+01   2.86423E+00
  0.00000E+00   6.86631E+01   2.73067E+00
  0.00000E+00   6.95526E+01   2.66167E+00
  0.00000E+00   7.20303E+01   2.70901E+00
  0.00000E+00   7.47494E+01   2.88574E+00
  0.00000E+00   7.62224E+01   2.81837E+00
  0.00000E+00   7.55777E+01   2.54935E+00
  0.00000E+00   7.45485E+01   2.28395E+00
  0.00000E+00   7.45650E+01   2.25063E+00
  0.00000E+00   7.66025E+01   2.24662E+00
  0.00000E+00   8.02006E+01   2.12326E+00
  0.00000E+00   8.50662E+01   2.02692E+00
  0.00000E+00   8.97793E+01   2.04494E+00
  0.00000E+00   9.27300E+01   1.92352E+00
  0.00000E+00   9.42778E+01   1.90861E+00
  0.00000E+00   9.38745E+01   1.84489E+00
  0.00000E+00   9.23750E+01   1.61753E+00
  0.00000E+00   9.27266E+01   1.38388E+00
  0.00000E+00   9.46113E+01   1.08326E+00
  0.00000E+00   9.69653E+01   7.63164E-01
  0.00000E+00   9.86891E+01   6.57146E-01
  0.00000E+00   9.89423E+01   5.60119E-01
  0.00000E+00   9.87843E+01   4.16796E-01
  0.00000E+00   9.97277E+01   1.68331E-01
  0.00000E+00   1.02005E+02   4.81229E-02
  0.00000E+00   1.05485E+02   7.90495E-02
  0.00000E+00   1.09552E+02  -4.34139E-02
  0.00000E+00   1.11909E+02  -1.26167E-01
  0.00000E+00   1.10825E+02  -3.31617E-01
  0.00000E+00   1.07464E+02  -6.77015E-01
  0.00000E+00   1.04554E+02  -9.54821E-01
  0.00000E+00   1.02984E+02  -8.91579E-01
  0.00000E+00   1.02055E+02  -9.20518E-01
  0.00000E+00   1.00338E+02  -8.88468E-01
  0.00000E+00   9.73861E+01  -8.91199E-01
  0.00000E+00   9.30584E+01  -7.60816E-01
  0.00000E+00   8.85567E+01  -6.59511E-01
  0.00000E+00   8.56976E+01  -6.43526E-01
  0.00000E+00   8.43819E+01  -5.03399E-01
  0.00000E+00   8.30219E+01  -4.44234E-01
  0.00000E+00   8.07183E+01  -2.66964E-01
  0.00000E+00   7.75074E+01  -2.33830E-01
  0.00000E+00   7.39121E+01  -4.19739E-01
  0.00000E+00   7.21017E+01  -4.59378E-01
  0.00000E+00   7.17880E+01  -2.79051E-01
  0.00000E+00   7.19913E+01   9.25022E-02
  0.00000E+00   7.33440E+01   1.73307E-01
  0.00000E+00   7.50052E+01   2.81786E-01
  0.00000E+00   7.58810E+01   3.55525E-01
  0.00000E+00   7.69073E+01   2.37222E-01
  0.00000E+00   7.88670E+01   1.06280E-01
  0.00000E+00   8.05688E+01  -1.06119E-01
  0.00000E+00   8.15020E+01  -3.48900E-01
  0.00000E+00   8.24383E+01  -5.25941E-01
  0.00000E+00   8.38485E+01  -6.50393E-01
  0.00000E+00   8.58669E+01  -7.00049E-01
  0.00000E+00   8.70000E+01  -7.72477E-01
  0.00000E+00   8.77309E+01  -9.01111E-01
  0.00000E+00   8.87222E+01  -1.15449E+00
  0.00000E+00   9.05536E+01  -1.47453E+00
  0.00000E+00   9.27119E+01  -1.78729E+00
  0.00000E+00   9.46738E+01  -1.93865E+00
  0.00000E+00   9.56684E+01  -2.03366E+00
  0.00000E+00   9.55821E+01  -2.11488E+00
  0.00000E+00   9.47350E+01  -2.05874E+00
  0.00000E+00   9.38044E+01  -1.84773E+00
  0.00000E+00   9.24175E+01  -1.78946E+00
  0.00000E+00   9.07530E+01  -1.87696E+00
  0.00000E+00   8.94673E+01  -1.99377E+00
  0.00000E+00   8.92792E+01  -2.07059E+00
  0.00000E+00   8.96781E+01  -2.28447E+00
  0.00000E+00   9.03263E+01  -2.39548E+00
  0.00000E+00   9.09609E+01  -2.34335E+00
  0.00000E+00   9.16450E+01  -2.11211E+00
  0.00000E+00   9.23976E+01  -1.99908E+00
  0.00000E+00   9.20687E+01  -2.10379E+00
  0.00000E+00   9.03736E+01  -2.20216E+00
  0.00000E+00   8.80690E+01  -2.22039E+00
  0.00000E+00   8.61151E+01  -2.34588E+00
  0.00000E+00   8.53698E+01  -2.48367E+00
  0.00000E+00   8.51009E+01  -2.53265E+00
  0.00000E+00   8.50583E+01  -2.33611E+00
  0.00000E+00   8.54292E+01  -1.95689E+00
  0.00000E+00   8.65061E+01  -1.76228E+00
  0.00000E+00   8.72880E+01  -1.84280E+00
  0.00000E+00   8.72867E+01  -1.93065E+00
  0.00000E+00   8.73794E+01  -2.05492E+00
  0.00000E+00   8.79757E+01  -2.18443E+00
  0.00000E+00   8.90898E+01  -2.23699E+00
  0.00000E+00   8.98374E+01  -2.26596E+00
  0.00000E+00   8.90946E+01  -2.14516E+00
  0.00000E+00   8.67188E+01  -2.01584E+00
  0.00000E+00   8.38934E+01  -1.80649E+00
  0.00000E+00   8.22711E+01  -1.51169E+00
  0.00000E+00   8.08087E+01  -1.32057E+00
  0.00000E+00   7.85389E+01  -1.22046E+00
  0.00000E+00   7.69513E+01  -1.23005E+00
  0.00000E+00   7.61502E+01  -1.14598E+00
  0.00000E+00   7.60676E+01  -9.56522E-01
  0.00000E+00   7.60898E+01  -9.38378E-01
  0.00000E+00   7.56735E+01  -1.07313E+00
  0.00000E+00   7.52281E+01  -1.21879E+00
  0.00000E+00   7.48982E+01  -1.27963E+00
  0.00000E+00   7.49415E+01  -1.19165E+00
  0.00000E+00   7.49549E+01  -9.38506E-01
  0.00000E+00   7.38751E+01  -6.82704E-01
  0.00000E+00   7.30439E+01  -4.05452E-01
  0.00000E+00   7.36629E+01  -2.51300E-01
  0.00000E+00   7.55337E+01   1.16952E-02
  0.00000E+00   7.75777E+01   2.75157E-01
  0.00000E+00   7.93209E+01   5.78957E-01
  0.00000E+00   8.07962E+01   1.00186E+00
  0.00000E+00   8.10633E+01   1.31332E+00
  0.00000E+00   7.98225E+01   1.55328E+00
  0.00000E+00   7.84625E+01   1.80202E+00
  0.00000E+00   7.66934E+01   2.03932E+00
  0.00000E+00   7.52272E+01   2.08605E+00
  0.00000E+00   7.45033E+01   2.13914E+00
  0.00000E+00   7.38597E+01   2.14120E+00
  0.00000E+00   7.21482E+01   2.12408E+00
  0.00000E+00   6.97901E+01   2.10607E+00
  0.00000E+00   6.83741E+01   2.11256E+00
  0.00000E+00   6.77784E+01   2.21878E+00
  0.00000E+00   6.73634E+01   2.31692E+00
  0.00000E+00   6.61465E+01   2.41166E+00
  0.00000E+00   6.45205E+01   2.44602E+00
  0.00000E+00   6.31864E+01   2.48102E+00
  0.00000E+00   6.23058E+01   2.44609E+00
  0.00000E+00   6.14665E+01   2.42816E+00
  0.00000E+00   6.14804E+01   2.21123E+00
  0.00000E+00   6.23210E+01   2.00579E+00
  0.00000E+00   6.38488E+01   1.86636E+00
  0.00000E+00   6.52554E+01   1.61329E+00
  0.00000E+00   6.52710E+01   1.35444E+00
  0.00000E+00   6.38566E+01   1.18257E+00
  0.00000E+00   6.24148E+01   1.06795E+00
  0.00000E+00   6.15007E+01   9.01835E-01
  0.00000E+00   6.10185E+01   8.91220E-01
  0.00000E+00   6.07897E+01   8.07822E-01
  0.00000E+00   6.03986E+01   7.84193E-01
  0.00000E+00   6.02874E+01   9.65700E-01
  0.00000E+00   6.09956E+01   1.25261E+00
  0.00000E+00   6.17427E+01   1.41718E+00
  0.00000E+00   6.17167E+01   1.53935E+00
  0.00000E+00   6.14138E+01   1.67286E+00
  0.00000E+00   6.13334E+01   1.66395E+00
  0.00000E+00   6.11806E+01   1.58866E+00
  0.00000E+00   6.09949E+01   1.30246E+00
  0.00000E+00   6.04508E+01   1.08574E+00
  0.00000E+00   5.93085E+01   1.17284E+00
  0.00000E+00   5.77716E+01   1.31529E+00
  0.00000E+00   5.64610E+01   1.29530E+00
  0.00000E+00   5.53238E+01   1.19124E+00
  0.00000E+00   5.42670E+01   1.09688E+00
  0.00000E+00   5.34553E+01   9.46479E-01
  0.00000E+00   5.34966E+01   9.97827E-01
  0.00000E+00   5.40884E+01   9.99600E-01
  0.00000E+00   5.39254E+01   1.05692E+00
  0.00000E+00   5.42741E+01   1.08823E+00
  0.00000E+00   5.53864E+01   1.06758E+00
  0.00000E+00   5.69047E+01   9.89793E-01
  0.00000E+00   5.85328E+01   8.20745E-01
  0.00000E+00   6.00663E+01   6.92595E-01
  0.00000E+00   6.15422E+01   6.31122E-01
  0.00000E+00   6.37832E+01   6.53437E-01
  0.00000E+00   6.64618E+01   7.69983E-01
  0.00000E+00   6.83932E+01   9.17828E-01
  0.00000E+00   6.80030E+01   9.20816E-01
  0.00000E+00   6.62039E+01   6.95231E-01
  0.00000E+00   6.45316E+01   3.33099E-01
  0.00000E+00   6.41860E+01   1.37088E-01
  0.00000E+00   6.46717E+01   1.26772E-01
  0.00000E+00   6.48245E+01   2.63069E-01
  0.00000E+00   6.48136E+01   4.97532E-01
  0.00000E+00   6.49881E+01   4.98429E-01
  0.00000E+00   6.53809E+01   4.54245E-01
  0.00000E+00   6.54433E+01   4.86113E-01
  0.00000E+00   6.53046E+01   4.34367E-01
  0.00000E+00   6.59495E+01   3.75837E-01
  0.00000E+00   6.74932E+01   2.21622E-01
  0.00000E+00   6.95531E+01   1.67838E-01
  0.00000E+00   7.14005E+01   1.79349E-01
  0.00000E+00   7.22540E+01   6.41411E-02
  0.00000E+00   7.29651E+01   4.50581E-02
  0.00000E+00   7.38014E+01   3.80025E-02
  0.00000E+00   7.50762E+01   1.11027E-02
  0.00000E+00   7.62086E+01   2.48158E-02
  0.00000E+00   7.73474E+01   1.52124E-01
  0.00000E+00   7.87550E+01   2.12819E-01
  0.00000E+00   8.03963E+01   1.60983E-01
  0.00000E+00   8.22514E+01   2.01182E-02
  0.00000E+00   8.38699E+01  -3.26161E-01
  0.00000E+00   8.49530E+01  -7.19287E-01
  0.00000E+00   8.61485E+01  -1.03857E+00
  0.00000E+00   8.80727E+01  -1.30158E+00
  0.00000E+00   8.97532E+01  -1.43118E+00
  0.00000E+00   8.98485E+01  -1.47473E+00
  0.00000E+00   8.73814E+01  -1.44959E+00
  0.00000E+00   8.37531E+01  -1.36472E+00
  0.00000E+00   8.12631E+01  -1.26780E+00
  0.00000E+00   7.97626E+01  -1.11035E+00
  0.00000E+00   7.95963E+01  -1.00491E+00
  0.00000E+00   8.01530E+01  -9.39852E-01
  0.00000E+00   8.03264E+01  -8.41303E-01
  0.00000E+00   8.01286E+01  -7.71312E-01
  0.00000E+00   7.87922E+01  -6.16901E-01
  0.00000E+00   7.73319E+01  -4.96610E-01
  0.00000E+00   7.61974E+01  -2.65184E-01
  0.00000E+00   7.43858E+01   9.61351E-02
  0.00000E+00   7.29504E+01   4.63250E-01
  0.00000E+00   7.28763E+01   7.49180E-01
  0.00000E+00   7.37661E+01   1.01669E+00
  0.00000E+00   7.52358E+01   9.98075E-01
  0.00000E+00   7.71187E+01   1.13922E+00
  0.00000E+00   7.91561E+01   1.32134E+00
  0.00000E+00   7.99723E+01   1.39481E+00
  0.00000E+00   7.97871E+01   1.39779E+00
  0.00000E+00   7.98196E+01   1.52783E+00
  0.00000E+00   8.02137E+01   1.67801E+00
  0.00000E+00   8.14493E+01   1.98858E+00
  0.00000E+00   8.34794E+01   2.12311E+00
  0.00000E+00   8.53379E+01   2.12245E+00
  0.00000E+00   8.68162E+01   2.11014E+00
  0.00000E+00   8.81099E+01   2.05604E+00
  0.00000E+00   8.86847E+01   1.94469E+00
  0.00000E+00   8.70880E+01   1.61426E+00
  0.00000E+00   8.45671E+01   1.19113E+00
  0.00000E+00   8.25572E+01   9.27413E-01
  0.00000E+00   8.12886E+01   8.54005E-01
  0.00000E+00   8.08815E+01   1.01486E+00
  0.00000E+00   8.08169E+01   1.10798E+00
  0.00000E+00   8.06389E+01   1.13271E+00
  0.00000E+00   8.06919E+01   1.06571E+00
  0.00000E+00   8.10276E+01   1.10390E+00
  0.00000E+00   8.10568E+01   1.11754E+00
  0.00000E+00   8.08087E+01   1.04123E+00
  0.00000E+00   8.06152E+01   1.02086E+00
  0.00000E+00   8.08165E+01   1.29752E+00
  0.00000E+00   8.16237E+01   1.75190E+00
  0.00000E+00   8.24555E+01   2.21121E+00
  0.00000E+00   8.30363E+01   2.52942E+00
  0.00000E+00   8.30886E+01   2.69988E+00
  0.00000E+00   8.30052E+01   2.96175E+00
  0.00000E+00   8.34885E+01   3.30714E+00
  0.00000E+00   8.39730E+01   3.37989E+00
  0.00000E+00   8.36397E+01   3.36933E+00
  0.00000E+00   8.30518E+01   3.29341E+00
  0.00000E+00   8.24769E+01   3.03015E+00
  0.00000E+00   8.21594E+01   2.49953E+00
  0.00000E+00   8.21257E+01   2.09215E+00
  0.00000E+00   8.21204E+01   1.84585E+00
  0.00000E+00   8.28335E+01   1.78874E+00
  0.00000E+00   8.45915E+01   1.98401E+00
  0.00000E+00   8.63804E+01   2.14223E+00
  0.00000E+00   8.67664E+01   2.28882E+00
  0.00000E+00   8.55038E+01   2.28643E+00
  0.00000E+00   8.37407E+01   2.30071E+00
  0.00000E+00   8.24311E+01   2.52622E+00
  0.00000E+00   8.11960E+01   2.81702E+00
  0.00000E+00   7.90374E+01   2.95109E+00
  0.00000E+00   7.71207E+01   3.04191E+00
  0.00000E+00   7.57796E+01   3.28052E+00
  0.00000E+00   7.55511E+01   3.73850E+00
  0.00000E+00   7.61192E+01   4.21719E+00
  0.00000E+00   7.58924E+01   4.63728E+00
  0.00000E+00   7.54180E+01   4.72235E+00
  0.00000E+00   7.48567E+01   4.60630E+00
  0.00000E+00   7.38098E+01   4.46631E+00
  0.00000E+00   7.25014E+01   4.33888E+00
  0.00000E+00   7.15673E+01   3.91019E+00
  0.00000E+00   7.13453E+01   3.47719E+00
  0.00000E+00   7.20038E+01   3.09327E+00
  0.00000E+00   7.32682E+01   2.83843E+00
  0.00000E+00   7.37407E+01   2.56512E+00
  0.00000E+00   7.23863E+01   2.16903E+00
  0.00000E+00   7.07392E+01   1.82663E+00
  0.00000E+00   6.93787E+01   1.61671E+00
  0.00000E+00   6.91464E+01   1.48533E+00
  0.00000E+00   6.95755E+01   1.37653E+00
  0.00000E+00   7.01883E+01   1.36972E+00
  0.00000E+00   7.05725E+01   1.44244E+00
  0.00000E+00   7.10766E+01   1.63865E+00
  0.00000E+00   7.10081E+01   1.84059E+00
  0.00000E+00   7.05394E+01   2.01121E+00
  0.00000E+00   6.98728E+01   2.12529E+00
  0.00000E+00   6.98829E+01   2.24527E+00
  0.00000E+00   7.09478E+01   2.32220E+00
  0.00000E+00   7.20830E+01   2.17891E+00
  0.00000E+00   7.32529E+01   2.04022E+00
  0.00000E+00   7.40682E+01   1.89506E+00
  0.00000E+00   7.53658E+01   1.74848E+00
  0.00000E+00   7.76789E+01   1.84627E+00
  0.00000E+00   7.90381E+01   1.97412E+00
  0.00000E+00   7.81412E+01   1.94995E+00
  0.00000E+00   7.56709E+01   1.78219E+00
  0.00000E+00   7.34351E+01   1.44511E+00
  0.00000E+00   7.20370E+01   1.22598E+00
  0.00000E+00   7.05405E+01   1.16185E+00
  0.00000E+00   6.85018E+01   1.15032E+00
  0.00000E+00   6.70983E+01   1.15546E+00
  0.00000E+00   6.69637E+01   1.16581E+00
  0.00000E+00   6.70892E+01   1.30579E+00
  0.00000E+00   6.58203E+01   1.40794E+00
  0.00000E+00   6.31397E+01   1.48338E+00
  0.00000E+00   6.04719E+01   1.59362E+00
  0.00000E+00   5.96786E+01   1.80005E+00
  0.00000E+00   6.01630E+01   2.04546E+00
  0.00000E+00   6.05714E+01   2.32112E+00
  0.00000E+00   6.01735E+01   2.43170E+00
  0.00000E+00   5.96812E+01   2.53255E+00
  0.00000E+00   6.00796E+01   2.58904E+00
  0.00000E+00   6.11839E+01   2.59329E+00
  0.00000E+00   6.19425E+01   2.56707E+00
  0.00000E+00   6.18762E+01   2.56292E+00
  0.00000E+00   6.22615E+01   2.52837E+00
  0.00000E+00   6.31161E+01   2.51369E+00
  0.00000E+00   6.37084E+01   2.53191E+00
  0.00000E+00   6.30620E+01   2.69079E+00
  0.00000E+00   6.22261E+01   2.82501E+00
  0.00000E+00   6.29497E+01   2.84646E+00
  0.00000E+00   6.46250E+01   3.04137E+00
  0.00000E+00   6.63241E+01   3.18455E+00
  0.00000E+00   6.66167E+01   3.10612E+00
  0.00000E+00   6.64432E+01   2.92670E+00
  0.00000E+00   6.61622E+01   2.54272E+00
  0.00000E+00   6.59842E+01   2.35789E+00
  0.00000E+00   6.60058E+01   2.47123E+00
  0.00000E+00   6.64629E+01   2.67380E+00
  0.00000E+00   6.80031E+01   2.94859E+00
  0.00000E+00   7.13702E+01   3.29603E+00
  0.00000E+00   7.57922E+01   3.68187E+00
  0.00000E+00   7.82933E+01   3.79857E+00
  0.00000E+00   7.71399E+01   3.65266E+00
  0.00000E+00   7.47810E+01   3.53553E+00
  0.00000E+00   7.30017E+01   3.58976E+00
  0.00000E+00   7.17066E+01   3.59052E+00
  0.00000E+00   7.12897E+01   3.77992E+00
  0.00000E+00   7.19593E+01   3.98588E+00
  0.00000E+00   7.41133E+01   4.09846E+00
  0.00000E+00   7.68981E+01   4.34356E+00
  0.00000E+00   7.78484E+01   4.63440E+00
  0.00000E+00   7.61429E+01   4.50926E+00
  0.00000E+00   7.38419E+01   4.28551E+00
  0.00000E+00   7.18271E+01   4.16014E+00
  0.00000E+00   7.10150E+01   3.97980E+00
  0.00000E+00   7.05433E+01   3.96974E+00
  0.00000E+00   7.04362E+01   4.07161E+00
  0.00000E+00   7.15141E+01   4.22000E+00
  0.00000E+00   7.40945E+01   4.22801E+00
  0.00000E+00   7.74695E+01   4.23927E+00
  0.00000E+00   7.92200E+01   4.07487E+00
  0.00000E+00   7.85091E+01   3.79081E+00
  0.00000E+00   7.71614E+01   3.41882E+00
  0.00000E+00   7.62095E+01   3.28274E+00
  0.00000E+00   7.54738E+01   2.99486E+00
  0.00000E+00   7.53813E+01   2.76169E+00
  0.00000E+00   7.53939E+01   2.83443E+00
  0.00000E+00   7.54455E+01   2.97775E+00
  0.00000E+00   7.60744E+01   3.21301E+00
  0.00000E+00   7.62222E+01   3.32676E+00
  0.00000E+00   7.61819E+01   3.52660E+00
  0.00000E+00   7.51262E+01   3.62059E+00
  0.00000E+00   7.40936E+01   3.58758E+00
  0.00000E+00   7.39023E+01   3.78483E+00
  0.00000E+00   7.45170E+01   4.05640E+00
  0.00000E+00   7.44563E+01   4.28063E+00
  0.00000E+00   7.42267E+01   4.65243E+00
  0.00000E+00   7.51536E+01   5.00749E+00
  0.00000E+00   7.67642E+01   5.09630E+00
  0.00000E+00   7.91556E+01   5.21369E+00
  0.00000E+00   8.11811E+01   5.49113E+00
  0.00000E+00   8.28646E+01   5.69686E+00
  0.00000E+00   8.43822E+01   5.99016E+00
  0.00000E+00   8.57441E+01   6.26128E+00
  0.00000E+00   8.49895E+01   6.37989E+00
  0.00000E+00   8.34202E+01   6.66757E+00
  0.00000E+00   8.30119E+01   6.88160E+00
  0.00000E+00   8.40380E+01   7.00437E+00
  0.00000E+00   8.47340E+01   7.06352E+00
  0.00000E+00   8.51949E+01   6.93912E+00
  0.00000E+00   8.52865E+01   6.76838E+00
  0.00000E+00   8.47798E+01   6.67579E+00
  0.00000E+00   8.48293E+01   6.70028E+00
  0.00000E+00   8.35798E+01   6.64660E+00
  0.00000E+00   8.22234E+01   6.49283E+00
  0.00000E+00   8.15059E+01   6.36340E+00
  0.00000E+00   8.23831E+01   6.36871E+00
  0.00000E+00   8.35153E+01   6.20202E+00
  0.00000E+00   8.35525E+01   6.07519E+00
  0.00000E+00   8.32580E+01   6.00966E+00
  0.00000E+00   8.20387E+01   6.15204E+00
  0.00000E+00   8.07842E+01   6.36550E+00
  0.00000E+00   8.01386E+01   6.48197E+00
  0.00000E+00   8.07015E+01   6.76573E+00
  0.00000E+00   8.11986E+01   6.99594E+00
  0.00000E+00   8.15436E+01   7.18997E+00
  0.00000E+00   8.28153E+01   7.31441E+00
  0.00000E+00   8.43203E+01   7.34365E+00
  0.00000E+00   8.41751E+01   7.27619E+00
  0.00000E+00   8.16482E+01   7.02349E+00
  0.00000E+00   7.93659E+01   6.80209E+00
  0.00000E+00   7.80867E+01   6.73333E+00
  0.00000E+00   7.73584E+01   6.86661E+00
  0.00000E+00   7.71496E+01   6.91481E+00
  0.00000E+00   7.72688E+01   6.68978E+00
  0.00000E+00   7.84665E+01   6.43980E+00
  0.00000E+00   8.07018E+01   6.36464E+00
  0.00000E+00   8.26927E+01   6.45494E+00
  0.00000E+00   8.31213E+01   6.45250E+00
  0.00000E+00   8.34137E+01   6.41419E+00
  0.00000E+00   8.42603E+01   6.44612E+00
  0.00000E+00   8.64300E+01   6.51535E+00
  0.00000E+00   8.80949E+01   6.47756E+00
  0.00000E+00   8.88818E+01   6.33328E+00
  0.00000E+00   8.96615E+01   6.24273E+00
  0.00000E+00   9.03596E+01   6.10781E+00
  0.00000E+00   9.13315E+01   5.88608E+00
  0.00000E+00   9.25410E+01   5.59750E+00
  0.00000E+00   9.42535E+01   5.37836E+00
  0.00000E+00   9.58666E+01   5.07365E+00
  0.00000E+00   9.75499E+01   4.84084E+00
  0.00000E+00   1.00051E+02   4.84151E+00
  0.00000E+00   1.01438E+02   4.86495E+00
  0.00000E+00   1.01935E+02   4.63794E+00
  0.00000E+00   1.02164E+02   4.18611E+00
  0.00000E+00   1.03222E+02   3.87001E+00
  0.00000E+00   1.05604E+02   3.66286E+00
  0.00000E+00   1.07811E+02   3.66505E+00
  0.00000E+00   1.09125E+02   3.57697E+00
  0.00000E+00   1.09289E+02   3.41348E+00
  0.00000E+00   1.09138E+02   3.25875E+00
  0.00000E+00   1.07953E+02   2.94178E+00
  0.00000E+00   1.05016E+02   2.59076E+00
  0.00000E+00   1.00333E+02   2.17288E+00
  0.00000E+00   9.60674E+01   1.68520E+00
  0.00000E+00   9.27656E+01   1.04114E+00
  0.00000E+00   8.84834E+01   6.19776E-01
  0.00000E+00   8.33848E+01   4.65898E-01
  0.00000E+00   7.98550E+01   2.47369E-01
  0.00000E+00   7.69553E+01   9.11575E-02
  0.00000E+00   7.33410E+01  -4.03280E-02
  0.00000E+00   6.91880E+01  -1.01531E-01
  0.00000E+00   6.50637E+01  -3.25878E-01
  0.00000E+00   6.15497E+01  -4.99831E-01
  0.00000E+00   5.95926E+01  -8.34395E-01
  0.00000E+00   5.93869E+01  -1.18488E+00
  0.00000E+00   5.94757E+01  -1.82576E+00
  0.00000E+00   5.94768E+01  -2.30588E+00
  0.00000E+00   6.00114E+01  -2.59013E+00
  0.00000E+00   6.16023E+01  -2.76281E+00
  0.00000E+00   6.29860E+01  -2.99761E+00
  0.00000E+00   6.34929E+01  -3.23553E+00
  0.00000E+00   6.22342E+01  -3.53386E+00
  0.00000E+00   6.06764E+01  -3.90603E+00
  0.00000E+00   6.07003E+01  -4.20550E+00
  0.00000E+00   6.09410E+01  -4.53283E+00
  0.00000E+00   6.11095E+01  -4.78695E+00
  0.00000E+00   6.09646E+01  -4.89854E+00
  0.00000E+00   6.12651E+01  -4.94613E+00
  0.00000E+00   6.25660E+01  -4.80963E+00
  0.00000E+00   6.41804E+01  -4.69856E+00
  0.00000E+00   6.57983E+01  -4.75441E+00
  0.00000E+00   6.71874E+01  -4.79616E+00
  0.00000E+00   6.90008E+01  -4.74685E+00
  0.00000E+00   7.11597E+01  -4.58790E+00
  0.00000E+00   7.29434E+01  -4.35757E+00
  0.00000E+00   7.38104E+01  -4.15228E+00
  0.00000E+00   7.44763E+01  -4.07142E+00
  0.00000E+00   7.55629E+01  -4.04985E+00
  0.00000E+00   7.70914E+01  -4.01186E+00
  0.00000E+00   7.80667E+01  -3.92194E+00
  0.00000E+00   7.83388E+01  -3.84633E+00
  0.00000E+00   7.92205E+01  -3.72598E+00
  0.00000E+00   8.08186E+01  -3.71164E+00
  0.00000E+00   8.28492E+01  -3.80198E+00
  0.00000E+00   8.43998E+01  -3.87461E+00
  0.00000E+00   8.51914E+01  -3.73242E+00
  0.00000E+00   8.54614E+01  -3.52808E+00
  0.00000E+00   8.56513E+01  -3.14081E+00
  0.00000E+00   8.61411E+01  -2.70804E+00
  0.00000E+00   8.70140E+01  -2.34231E+00
  0.00000E+00   8.70573E+01  -2.08823E+00
  0.00000E+00   8.70634E+01  -1.98383E+00
  0.00000E+00   8.80376E+01  -1.76934E+00
  0.00000E+00   8.89698E+01  -1.60494E+00
  0.00000E+00   8.81603E+01  -1.52022E+00
  0.00000E+00   8.69332E+01  -1.33828E+00
  0.00000E+00   8.71277E+01  -1.08722E+00
  0.00000E+00   8.88221E+01  -9.83605E-01
  0.00000E+00   9.10411E+01  -9.92122E-01
  0.00000E+00   9.20606E+01  -1.01180E+00
  0.00000E+00   9.32381E+01  -1.10066E+00
  0.00000E+00   9.54035E+01  -1.19956E+00
  0.00000E+00   9.86244E+01  -1.31419E+00
  0.00000E+00   1.00897E+02  -1.71345E+00
  0.00000E+00   1.00950E+02  -2.07073E+00
  0.00000E+00   1.01658E+02  -2.13224E+00
  0.00000E+00   1.03289E+02  -2.25812E+00
  0.00000E+00   1.05494E+02  -2.48412E+00
  0.00000E+00   1.06910E+02  -2.94442E+00
  0.00000E+00   1.06096E+02  -3.30478E+00
  0.00000E+00   1.04700E+02  -3.28096E+00
  0.00000E+00   1.04207E+02  -3.11226E+00
  0.00000E+00   1.04122E+02  -2.90501E+00
  0.00000E+00   1.03297E+02  -2.57826E+00
  0.00000E+00   1.01931E+02  -2.44611E+00
  0.00000E+00   1.01024E+02  -2.17757E+00
  0.00000E+00   1.00430E+02  -2.11829E+00
  0.00000E+00   1.01152E+02  -1.75229E+00
  0.00000E+00   1.01708E+02  -1.34472E+00
  0.00000E+00   1.02377E+02  -1.00074E+00
  0.00000E+00   1.03857E+02  -8.36549E-01
  0.00000E+00   1.05808E+02  -7.30976E-01
  0.00000E+00   1.07617E+02  -4.82586E-01
  0.00000E+00   1.08300E+02  -1.45695E-01
  0.00000E+00   1.07383E+02  -4.27297E-02
  0.00000E+00   1.05353E+02   9.09969E-02
  0.00000E+00   1.03432E+02   3.86839E-01
  0.00000E+00   1.01657E+02   7.89153E-01
  0.00000E+00   1.00794E+02   9.63059E-01
  0.00000E+00   1.01597E+02   1.11213E+00
  0.00000E+00   1.02269E+02   1.36945E+00
  0.00000E+00   1.03586E+02   1.56376E+00
  0.00000E+00   1.05566E+02   1.83120E+00
  0.00000E+00   1.06377E+02   2.05482E+00
  0.00000E+00   1.07323E+02   2.34097E+00
  0.00000E+00   1.08792E+02   2.61420E+00
  0.00000E+00   1.10657E+02   2.72985E+00
  0.00000E+00   1.11701E+02   2.85291E+00
  0.00000E+00   1.12017E+02   2.97504E+00
  0.00000E+00   1.12584E+02   3.03462E+00
  0.00000E+00   1.12731E+02   3.05307E+00
  0.00000E+00   1.14182E+02   3.01507E+00
  0.00000E+00   1.15923E+02   3.03219E+00
  0.00000E+00   1.16959E+02   3.03396E+00
  0.00000E+00   1.16975E+02   3.06947E+00
  0.00000E+00   1.17620E+02   3.19385E+00
  0.00000E+00   1.18851E+02   3.40970E+00
  0.00000E+00   1.21116E+02   3.78539E+00
  0.00000E+00   1.23764E+02   4.04821E+00
  0.00000E+00   1.26720E+02   4.43476E+00
  0.00000E+00   1.30417E+02   4.79362E+00
  0.00000E+00   1.32903E+02   5.01958E+00
  0.00000E+00   1.32728E+02   5.17112E+00
  0.00000E+00   1.29927E+02   5.32286E+00
  0.00000E+00   1.26730E+02   5.58650E+00
  0.00000E+00   1.25733E+02   5.84571E+00
  0.00000E+00   1.26765E+02   6.03190E+00
  0.00000E+00   1.28240E+02   6.44601E+00
  0.00000E+00   1.30008E+02   6.68301E+00
  0.00000E+00   1.31790E+02   6.68964E+00
  0.00000E+00   1.33745E+02   6.53136E+00
  0.00000E+00   1.33625E+02   6.49008E+00
  0.00000E+00   1.31714E+02   6.39491E+00
  0.00000E+00   1.28538E+02   6.26581E+00
  0.00000E+00   1.26705E+02   6.37833E+00
  0.00000E+00   1.26321E+02   6.49116E+00
  0.00000E+00   1.23719E+02   6.17425E+00
  0.00000E+00   1.19425E+02   5.74067E+00
  0.00000E+00   1.14224E+02   5.66407E+00
  0.00000E+00   1.11128E+02   5.92512E+00
  0.00000E+00   1.09528E+02   6.33640E+00
  0.00000E+00   1.07356E+02   6.80887E+00
  0.00000E+00   1.05919E+02   6.96217E+00
  0.00000E+00   1.05298E+02   7.05359E+00
  0.00000E+00   1.05985E+02   7.28612E+00
  0.00000E+00   1.05392E+02   7.25223E+00
  0.00000E+00   1.02204E+02   7.01926E+00
  0.00000E+00   9.80100E+01   6.54088E+00
  0.00000E+00   9.65471E+01   6.33871E+00
  0.00000E+00   9.72235E+01   6.31397E+00
