  0.00000E+00   1.59626E-03  -6.07257E-05
  0.00000E+00   3.30176E-03  -1.10757E-04
  0.00000E+00   6.65590E-03  -1.61385E-04
  0.00000E+00   9.87037E-03  -2.14679E-04
  0.00000E+00   1.32883E-02  -2.82578E-04
  0.00000E+00   1.75376E-02  -3.48368E-04
  0.00000E+00   2.31002E-02  -4.04542E-04
  0.00000E+00   3.04997E-02  -4.44752E-04
  0.00000E+00   4.03580E-02  -4.66427E-04
  0.00000E+00   5.34358E-02  -4.64120E-04
  0.00000E+00   7.06540E-02  -4.25194E-04
  0.00000E+00   9.31090E-02  -3.25717E-04
  0.00000E+00   1.22093E-01  -1.23742E-04
  0.00000E+00   1.59048E-01   2.35590E-04
  0.00000E+00   2.05736E-01   8.12352E-04
  0.00000E+00   2.63972E-01   1.67241E-03
  0.00000E+00   3.35877E-01   2.84869E-03
  0.00000E+00   4.23721E-01   4.35814E-03
  0.00000E+00   5.29807E-01   6.14733E-03
  0.00000E+00   6.56457E-01   8.10555E-03
  0.00000E+00   8.05744E-01   1.00426E-02
  0.00000E+00   9.79400E-01   1.16857E-02
  0.00000E+00   1.17854E+00   1.27077E-02
  0.00000E+00   1.40354E+00   1.27750E-02
  0.00000E+00   1.65451E+00   1.16089E-02
  0.00000E+00   1.93088E+00   9.03425E-03
  0.00000E+00   2.23197E+00   5.04179E-03
  0.00000E+00   2.55739E+00  -3.43509E-04
  0.00000E+00   2.90733E+00  -7.06160E-03
  0.00000E+00   3.28229E+00  -1.52076E-02
  0.00000E+00   3.68375E+00  -2.52608E-02
  0.00000E+00   4.11348E+00  -3.81135E-02
  0.00000E+00   4.57245E+00  -5.48245E-02
  0.00000E+00   5.06143E+00  -7.60497E-02
  0.00000E+00   5.58119E+00  -1.01429E-01
  0.00000E+00   6.13158E+00  -1.28966E-01
  0.00000E+00   6.71057E+00  -1.55511E-01
  0.00000E+00   7.31342E+00  -1.77569E-01
  0.00000E+00   7.93879E+00  -1.92738E-01
  0.00000E+00   8.59581E+00  -1.97520E-01
  0.00000E+00   9.30972E+00  -1.87035E-01
  0.00000E+00   1.01155E+01  -1.54939E-01
  0.00000E+00   1.10203E+01  -1.08403E-01
  0.00000E+00   1.20209E+01  -5.01366E-02
  0.00000E+00   1.31541E+01   3.52305E-02
  0.00000E+00   1.44308E+01   1.24534E-01
  0.00000E+00   1.58830E+01   2.22860E-01
  0.00000E+00   1.75878E+01   3.49746E-01
  0.00000E+00   1.96520E+01   4.95998E-01
  0.00000E+00   2.21517E+01   6.24316E-01
  0.00000E+00   2.50368E+01   7.14218E-01
  0.00000E+00   2.82639E+01   7.73355E-01
  0.00000E+00   3.16645E+01   8.23247E-01
  0.00000E+00   3.49787E+01   8.39155E-01
  0.00000E+00   3.81226E+01   7.67638E-01
  0.00000E+00   4.10240E+01   6.44959E-01
  0.00000E+00   4.36730E+01   4.37203E-01
  0.00000E+00   4.62342E+01   2.33523E-01
  0.00000E+00   4.84405E+01   3.93567E-02
  0.00000E+00   5.04112E+01  -2.95055E-01
  0.00000E+00   5.20066E+01  -6.97510E-01
  0.00000E+00   5.25989E+01  -8.87565E-01
  0.00000E+00   5.19786E+01  -8.64472E-01
  0.00000E+00   4.95945E+01  -7.88715E-01
  0.00000E+00   4.60052E+01  -7.15964E-01
  0.00000E+00   4.22072E+01  -6.46046E-01
  0.00000E+00   3.95033E+01  -7.82648E-01
  0.00000E+00   3.82882E+01  -1.13670E+00
  0.00000E+00   3.87188E+01  -1.26543E+00
  0.00000E+00   4.02611E+01  -1.38409E+00
  0.00000E+00   4.10377E+01  -1.57263E+00
  0.00000E+00   4.18961E+01  -1.42440E+00
  0.00000E+00   4.27026E+01  -1.25626E+00
  0.00000E+00   4.27108E+01  -1.19835E+00
  0.00000E+00   4.21827E+01  -1.32933E+00
  0.00000E+00   4.15112E+01  -1.37406E+00
  0.00000E+00   4.16549E+01  -1.50912E+00
  0.00000E+00   4.24506E+01  -1.55140E+00
  0.00000E+00   4.34031E+01  -1.36151E+00
  0.00000E+00   4.41752E+01  -1.08557E+00
  0.00000E+00   4.50021E+01  -7.75547E-01
  0.00000E+00   4.62564E+01  -5.49370E-01
  0.00000E+00   4.79720E+01  -4.32407E-01
  0.00000E+00   4.96371E+01  -4.61947E-01
  0.00000E+00   5.05566E+01  -7.01696E-01
  0.00000E+00   5.05841E+01  -8.26551E-01
  0.00000E+00   5.07741E+01  -8.75941E-01
  0.00000E+00   5.17194E+01  -8.68506E-01
  0.00000E+00   5.37668E+01  -1.01302E+00
  0.00000E+00   5.60285E+01  -1.26785E+00
  0.00000E+00   5.74653E+01  -1.48485E+00
  0.00000E+00   5.79227E+01  -1.63719E+00
  0.00000E+00   5.81693E+01  -1.81878E+00
  0.00000E+00   5.93862E+01  -2.17107E+00
  0.00000E+00   6.13354E+01  -2.39006E+00
  0.00000E+00   6.36560E+01  -2.55863E+00
  0.00000E+00   6.65260E+01  -2.84418E+00
  0.00000E+00   6.93806E+01  -3.09240E+00
  0.00000E+00   7.16565E+01  -3.32991E+00
  0.00000E+00   7.30052E+01  -3.52959E+00
  0.00000E+00   7.43256E+01  -3.80444E+00
  0.00000E+00   7.59541E+01  -4.02451E+00
  0.00000E+00   7.77234E+01  -4.09490E+00
  0.00000E+00   7.93509E+01  -4.15045E+00
  0.00000E+00   8.07150E+01  -4.07575E+00
  0.00000E+00   8.22651E+01  -3.97887E+00
  0.00000E+00   8.30343E+01  -3.86204E+00
  0.00000E+00   8.24031E+01  -3.64463E+00
  0.00000E+00   8.08225E+01  -3.48127E+00
  0.00000E+00   7.96766E+01  -3.23511E+00
  0.00000E+00   7.94513E+01  -2.94202E+00
  0.00000E+00   7.97322E+01  -2.45059E+00
  0.00000E+00   7.94542E+01  -1.97524E+00
  0.00000E+00   7.78773E+01  -1.50716E+00
  0.00000E+00   7.45999E+01  -1.20216E+00
  0.00000E+00   7.11710E+01  -1.02297E+00
  0.00000E+00   6.87865E+01  -9.84800E-01
  0.00000E+00   6.80391E+01  -1.00211E+00
  0.00000E+00   6.87823E+01  -1.06220E+00
  0.00000E+00   6.98743E+01  -9.90650E-01
  0.00000E+00   6.99313E+01  -1.04704E+00
  0.00000E+00   6.89381E+01  -9.43885E-01
  0.00000E+00   6.78285E+01  -8.81733E-01
  0.00000E+00   6.70611E+01  -5.79124E-01
  0.00000E+00   6.69110E+01  -2.51184E-01
  0.00000E+00   6.72657E+01  -4.78049E-02
  0.00000E+00   6.82978E+01   2.07703E-02
  0.00000E+00   7.02100E+01  -1.27426E-01
  0.00000E+00   7.31388E+01  -2.73147E-01
  0.00000E+00   7.55994E+01  -3.11877E-01
  0.00000E+00   7.62970E+01  -4.16082E-01
  0.00000E+00   7.59805E+01  -3.31899E-01
  0.00000E+00   7.65581E+01  -1.23746E-01
  0.00000E+00   7.84107E+01   9.44710E-02
  0.00000E+00   8.00990E+01   3.23550E-01
  0.00000E+00   8.01187E+01   5.09806E-01
  0.00000E+00   7.98598E+01   6.77667E-01
  0.00000E+00   7.97368E+01   8.22497E-01
  0.00000E+00   7.92327E+01   8.00997E-01
  0.00000E+00   7.79739E+01   6.79030E-01
  0.00000E+00   7.67514E+01   7.49985E-01
  0.00000E+00   7.58819E+01   9.63831E-01
  0.00000E+00   7.47064E+01   1.08887E+00
  0.00000E+00   7.27142E+01   1.03084E+00
  0.00000E+00   6.96108E+01   7.08464E-01
  0.00000E+00   6.71213E+01   5.97503E-02
  0.00000E+00   6.60375E+01  -4.95928E-01
  0.00000E+00   6.70319E+01  -7.82918E-01
  0.00000E+00   6.80577E+01  -7.75944E-01
  0.00000E+00   6.81776E+01  -5.84078E-01
  0.00000E+00   6.85600E+01  -2.65263E-01
  0.00000E+00   6.98448E+01  -7.38109E-02
  0.00000E+00   7.18832E+01   1.72491E-01
  0.00000E+00   7.27317E+01   4.03370E-01
  0.00000E+00   7.16000E+01   5.13784E-01
  0.00000E+00   6.98582E+01   4.48893E-01
  0.00000E+00   6.94170E+01   3.50946E-01
  0.00000E+00   7.01884E+01   3.38994E-01
  0.00000E+00   7.03060E+01   1.04626E-01
  0.00000E+00   6.88773E+01  -2.17258E-01
  0.00000E+00   6.72053E+01  -3.49079E-01
  0.00000E+00   6.62181E+01  -3.79704E-01
  0.00000E+00   6.66905E+01  -3.45470E-01
  0.00000E+00   6.78340E+01  -1.84926E-01
  0.00000E+00   6.99180E+01  -4.45453E-02
  0.00000E+00   7.24218E+01   1.15308E-01
  0.00000E+00   7.49471E+01   2.37068E-01
  0.00000E+00   7.62726E+01   5.29683E-01
  0.00000E+00   7.50214E+01   7.32205E-01
  0.00000E+00   7.17804E+01   9.31598E-01
  0.00000E+00   6.86624E+01   1.08630E+00
  0.00000E+00   6.68935E+01   1.24139E+00
  0.00000E+00   6.67678E+01   1.44432E+00
  0.00000E+00   6.77182E+01   1.36381E+00
  0.00000E+00   6.89808E+01   1.18658E+00
  0.00000E+00   7.00080E+01   9.34958E-01
  0.00000E+00   7.08885E+01   6.93339E-01
  0.00000E+00   6.95383E+01   3.99697E-01
  0.00000E+00   6.62821E+01   3.93616E-02
  0.00000E+00   6.28621E+01  -3.08045E-01
  0.00000E+00   6.09803E+01  -5.28800E-01
  0.00000E+00   6.10690E+01  -5.40113E-01
  0.00000E+00   6.17204E+01  -3.60968E-01
  0.00000E+00   6.24901E+01  -2.90156E-01
  0.00000E+00   6.23601E+01  -1.07954E-01
  0.00000E+00   6.24140E+01   4.24095E-02
  0.00000E+00   6.32813E+01   1.36479E-01
  0.00000E+00   6.44678E+01   2.43466E-01
  0.00000E+00   6.57567E+01   3.70362E-01
  0.00000E+00   6.74549E+01   5.62394E-01
  0.00000E+00   6.90254E+01   7.19503E-01
  0.00000E+00   6.98530E+01   9.07684E-01
  0.00000E+00   6.88150E+01   1.28524E+00
  0.00000E+00   6.68314E+01   1.49321E+00
  0.00000E+00   6.59115E+01   1.74366E+00
  0.00000E+00   6.64269E+01   1.84563E+00
  0.00000E+00   6.82585E+01   1.89422E+00
  0.00000E+00   7.08172E+01   1.81471E+00
  0.00000E+00   7.39594E+01   1.67890E+00
  0.00000E+00   7.72116E+01   1.46665E+00
  0.00000E+00   7.97158E+01   1.36805E+00
  0.00000E+00   8.05576E+01   1.17026E+00
  0.00000E+00   7.99247E+01   1.00998E+00
  0.00000E+00   7.91726E+01   8.75171E-01
  0.00000E+00   7.94062E+01   7.82249E-01
  0.00000E+00   8.02946E+01   8.41572E-01
  0.00000E+00   7.98285E+01   9.01916E-01
  0.00000E+00   7.86381E+01   9.30759E-01
  0.00000E+00   7.81974E+01   8.14896E-01
  0.00000E+00   7.99121E+01   6.84038E-01
  0.00000E+00   8.28919E+01   6.46335E-01
  0.00000E+00   8.49806E+01   6.44347E-01
  0.00000E+00   8.50134E+01   6.80578E-01
  0.00000E+00   8.36931E+01   8.49708E-01
  0.00000E+00   8.21292E+01   1.05144E+00
  0.00000E+00   8.14225E+01   1.12342E+00
  0.00000E+00   8.12923E+01   1.19387E+00
  0.00000E+00   8.19170E+01   1.23092E+00
  0.00000E+00   8.27619E+01   1.27657E+00
  0.00000E+00   8.38113E+01   1.35493E+00
  0.00000E+00   8.45992E+01   1.23253E+00
  0.00000E+00   8.38729E+01   1.10037E+00
  0.00000E+00   8.25474E+01   9.93863E-01
  0.00000E+00   8.16455E+01   8.14324E-01
  0.00000E+00   8.19385E+01   8.67374E-01
  0.00000E+00   8.31714E+01   8.92534E-01
  0.00000E+00   8.43292E+01   8.75614E-01
  0.00000E+00   8.47771E+01   8.07704E-01
  0.00000E+00   8.49734E+01   7.90734E-01
  0.00000E+00   8.49818E+01   7.24908E-01
  0.00000E+00   8.36939E+01   5.26816E-01
  0.00000E+00   8.23977E+01   2.00433E-01
  0.00000E+00   8.23437E+01  -2.06309E-01
  0.00000E+00   8.28454E+01  -4.87297E-01
  0.00000E+00   8.28499E+01  -6.92076E-01
  0.00000E+00   8.24898E+01  -9.70374E-01
  0.00000E+00   8.22601E+01  -1.13328E+00
  0.00000E+00   8.29392E+01  -1.34704E+00
  0.00000E+00   8.38104E+01  -1.51745E+00
  0.00000E+00   8.47336E+01  -1.69180E+00
  0.00000E+00   8.44447E+01  -1.75230E+00
  0.00000E+00   8.29160E+01  -1.58514E+00
  0.00000E+00   8.03684E+01  -1.53020E+00
  0.00000E+00   7.85855E+01  -1.50715E+00
  0.00000E+00   7.82107E+01  -1.43606E+00
  0.00000E+00   7.83492E+01  -1.37267E+00
  0.00000E+00   7.81410E+01  -1.37335E+00
  0.00000E+00   7.75541E+01  -1.38087E+00
  0.00000E+00   7.76046E+01  -1.43792E+00
  0.00000E+00   7.84220E+01  -1.50646E+00
  0.00000E+00   7.95454E+01  -1.69989E+00
  0.00000E+00   8.09771E+01  -1.85826E+00
  0.00000E+00   8.32853E+01  -1.96676E+00
  0.00000E+00   8.62142E+01  -2.09720E+00
  0.00000E+00   8.88528E+01  -2.14526E+00
  0.00000E+00   9.05579E+01  -2.14805E+00
  0.00000E+00   9.13214E+01  -2.18197E+00
  0.00000E+00   9.05414E+01  -2.06723E+00
  0.00000E+00   8.80343E+01  -1.90716E+00
  0.00000E+00   8.50025E+01  -1.75667E+00
  0.00000E+00   8.26472E+01  -1.70108E+00
  0.00000E+00   8.11021E+01  -1.68258E+00
  0.00000E+00   8.14414E+01  -1.59835E+00
  0.00000E+00   8.21331E+01  -1.57042E+00
  0.00000E+00   8.14548E+01  -1.59689E+00
  0.00000E+00   8.00698E+01  -1.56354E+00
  0.00000E+00   7.91673E+01  -1.70561E+00
  0.00000E+00   7.96870E+01  -1.69643E+00
  0.00000E+00   8.14124E+01  -1.67421E+00
  0.00000E+00   8.19554E+01  -1.62184E+00
  0.00000E+00   8.19418E+01  -1.59255E+00
  0.00000E+00   8.25004E+01  -1.52709E+00
  0.00000E+00   8.40413E+01  -1.49631E+00
  0.00000E+00   8.53408E+01  -1.32222E+00
  0.00000E+00   8.51226E+01  -1.15856E+00
  0.00000E+00   8.46901E+01  -1.22792E+00
  0.00000E+00   8.60525E+01  -1.32273E+00
  0.00000E+00   8.85761E+01  -1.38381E+00
  0.00000E+00   9.08800E+01  -1.54021E+00
  0.00000E+00   9.18797E+01  -1.77546E+00
  0.00000E+00   9.20858E+01  -1.76900E+00
  0.00000E+00   9.25143E+01  -1.74639E+00
  0.00000E+00   9.30506E+01  -1.60535E+00
  0.00000E+00   9.38252E+01  -1.41138E+00
  0.00000E+00   9.44023E+01  -1.17203E+00
  0.00000E+00   9.60051E+01  -9.74701E-01
  0.00000E+00   9.86432E+01  -7.21131E-01
  0.00000E+00   1.02037E+02  -4.47658E-01
  0.00000E+00   1.05309E+02  -1.51834E-01
  0.00000E+00   1.07463E+02   1.38699E-01
  0.00000E+00   1.09162E+02   5.04767E-01
  0.00000E+00   1.10540E+02   9.10802E-01
  0.00000E+00   1.10291E+02   1.09948E+00
  0.00000E+00   1.08891E+02   9.58595E-01
  0.00000E+00   1.07342E+02   6.82018E-01
  0.00000E+00   1.06630E+02   4.33327E-01
  0.00000E+00   1.07137E+02   1.63872E-01
  0.00000E+00   1.07219E+02   1.89084E-01
  0.00000E+00   1.05725E+02   1.37004E-01
  0.00000E+00   1.04985E+02   2.28656E-01
  0.00000E+00   1.06035E+02   3.40431E-01
  0.00000E+00   1.09239E+02   6.96690E-01
  0.00000E+00   1.12016E+02   7.43691E-01
  0.00000E+00   1.12567E+02   7.90257E-01
  0.00000E+00   1.12448E+02   8.49549E-01
  0.00000E+00   1.13081E+02   7.91385E-01
  0.00000E+00   1.14917E+02   4.67491E-01
  0.00000E+00   1.16646E+02   7.09530E-01
  0.00000E+00   1.16351E+02   8.67788E-01
  0.00000E+00   1.16155E+02   9.91326E-01
  0.00000E+00   1.16172E+02   8.48215E-01
  0.00000E+00   1.14947E+02   7.82999E-01
  0.00000E+00   1.12272E+02   6.54018E-01
  0.00000E+00   1.09406E+02   4.84453E-01
  0.00000E+00   1.08494E+02   2.58008E-01
  0.00000E+00   1.10469E+02   7.01516E-02
  0.00000E+00   1.14240E+02  -2.00181E-02
  0.00000E+00   1.15922E+02  -2.16310E-01
  0.00000E+00   1.14174E+02  -4.23541E-01
  0.00000E+00   1.10709E+02  -6.08970E-01
  0.00000E+00   1.07126E+02  -4.90922E-01
  0.00000E+00   1.04810E+02  -6.64665E-01
  0.00000E+00   1.02166E+02  -6.08399E-01
  0.00000E+00   9.93027E+01  -7.16552E-01
  0.00000E+00   9.81796E+01  -9.61904E-01
  0.00000E+00   9.88352E+01  -1.12277E+00
  0.00000E+00   1.01090E+02  -1.32501E+00
  0.00000E+00   1.02493E+02  -1.61962E+00
  0.00000E+00   1.02427E+02  -1.92122E+00
  0.00000E+00   1.03544E+02  -2.21446E+00
  0.00000E+00   1.07019E+02  -2.37699E+00
  0.00000E+00   1.10784E+02  -2.46114E+00
  0.00000E+00   1.11882E+02  -2.58727E+00
  0.00000E+00   1.11421E+02  -2.72311E+00
  0.00000E+00   1.10413E+02  -2.76124E+00
  0.00000E+00   1.11000E+02  -2.84520E+00
  0.00000E+00   1.12866E+02  -2.94116E+00
  0.00000E+00   1.12802E+02  -3.06059E+00
  0.00000E+00   1.11509E+02  -3.19458E+00
  0.00000E+00   1.11340E+02  -3.36581E+00
  0.00000E+00   1.11320E+02  -3.51896E+00
  0.00000E+00   1.10856E+02  -3.72586E+00
  0.00000E+00   1.09205E+02  -3.82630E+00
  0.00000E+00   1.07817E+02  -4.05644E+00
  0.00000E+00   1.06553E+02  -3.96303E+00
  0.00000E+00   1.06633E+02  -4.00416E+00
  0.00000E+00   1.06974E+02  -3.91352E+00
  0.00000E+00   1.07611E+02  -3.98501E+00
  0.00000E+00   1.08696E+02  -4.03710E+00
  0.00000E+00   1.10411E+02  -4.27597E+00
  0.00000E+00   1.12260E+02  -4.58322E+00
  0.00000E+00   1.12153E+02  -4.67198E+00
  0.00000E+00   1.11200E+02  -4.25337E+00
  0.00000E+00   1.10638E+02  -4.13520E+00
  0.00000E+00   1.10333E+02  -4.05726E+00
  0.00000E+00   1.11207E+02  -4.02052E+00
  0.00000E+00   1.12144E+02  -4.30518E+00
  0.00000E+00   1.13478E+02  -4.70984E+00
  0.00000E+00   1.15383E+02  -5.45979E+00
  0.00000E+00   1.17621E+02  -5.89304E+00
  0.00000E+00   1.19252E+02  -6.05600E+00
  0.00000E+00   1.20197E+02  -6.08745E+00
  0.00000E+00   1.19979E+02  -5.99829E+00
  0.00000E+00   1.20087E+02  -5.92564E+00
  0.00000E+00   1.20026E+02  -5.75673E+00
  0.00000E+00   1.20264E+02  -5.72683E+00
  0.00000E+00   1.19853E+02  -5.78662E+00
  0.00000E+00   1.19245E+02  -6.11288E+00
  0.00000E+00   1.18806E+02  -6.29020E+00
  0.00000E+00   1.19408E+02  -6.45848E+00
  0.00000E+00   1.20853E+02  -6.72021E+00
  0.00000E+00   1.21549E+02  -6.82393E+00
  0.00000E+00   1.21716E+02  -6.81234E+00
  0.00000E+00   1.22785E+02  -6.51854E+00
  0.00000E+00   1.24953E+02  -6.17603E+00
  0.00000E+00   1.27641E+02  -6.06571E+00
  0.00000E+00   1.29961E+02  -6.07860E+00
  0.00000E+00   1.32466E+02  -6.34685E+00
  0.00000E+00   1.35132E+02  -6.40879E+00
  0.00000E+00   1.36653E+02  -6.20224E+00
  0.00000E+00   1.37915E+02  -6.04307E+00
  0.00000E+00   1.38899E+02  -5.81544E+00
  0.00000E+00   1.40234E+02  -5.54617E+00
  0.00000E+00   1.41980E+02  -5.36534E+00
  0.00000E+00   1.43472E+02  -5.09363E+00
  0.00000E+00   1.44420E+02  -4.82556E+00
  0.00000E+00   1.44030E+02  -5.05884E+00
  0.00000E+00   1.43331E+02  -5.39716E+00
  0.00000E+00   1.43040E+02  -5.51897E+00
  0.00000E+00   1.45007E+02  -5.75743E+00
  0.00000E+00   1.49174E+02  -6.02389E+00
  0.00000E+00   1.53832E+02  -6.17306E+00
  0.00000E+00   1.57835E+02  -6.26856E+00
  0.00000E+00   1.60402E+02  -6.29909E+00
  0.00000E+00   1.58758E+02  -6.21129E+00
  0.00000E+00   1.53554E+02  -5.81101E+00
  0.00000E+00   1.48109E+02  -5.42475E+00
  0.00000E+00   1.45773E+02  -5.11561E+00
  0.00000E+00   1.46150E+02  -4.74812E+00
  0.00000E+00   1.47914E+02  -4.46659E+00
  0.00000E+00   1.49533E+02  -4.34827E+00
  0.00000E+00   1.48812E+02  -4.04502E+00
  0.00000E+00   1.48272E+02  -3.78893E+00
  0.00000E+00   1.49521E+02  -3.54997E+00
  0.00000E+00   1.51482E+02  -3.22923E+00
  0.00000E+00   1.53276E+02  -2.77301E+00
  0.00000E+00   1.54990E+02  -2.22935E+00
  0.00000E+00   1.56737E+02  -1.76187E+00
  0.00000E+00   1.56789E+02  -1.65990E+00
  0.00000E+00   1.55813E+02  -1.76826E+00
  0.00000E+00   1.55816E+02  -1.63876E+00
  0.00000E+00   1.55234E+02  -1.63074E+00
  0.00000E+00   1.55625E+02  -1.66579E+00
  0.00000E+00   1.56130E+02  -1.75460E+00
  0.00000E+00   1.55582E+02  -2.01511E+00
  0.00000E+00   1.53853E+02  -2.12932E+00
  0.00000E+00   1.52021E+02  -2.13619E+00
  0.00000E+00   1.51832E+02  -2.00365E+00
  0.00000E+00   1.52818E+02  -1.98186E+00
  0.00000E+00   1.55592E+02  -2.25604E+00
  0.00000E+00   1.56562E+02  -2.46132E+00
  0.00000E+00   1.57089E+02  -2.62501E+00
  0.00000E+00   1.56779E+02  -2.46141E+00
  0.00000E+00   1.56738E+02  -2.36037E+00
  0.00000E+00   1.55636E+02  -2.27452E+00
  0.00000E+00   1.54642E+02  -2.37106E+00
  0.00000E+00   1.52773E+02  -2.47815E+00
  0.00000E+00   1.49846E+02  -2.57958E+00
  0.00000E+00   1.46353E+02  -2.26504E+00
  0.00000E+00   1.45029E+02  -1.78674E+00
  0.00000E+00   1.44850E+02  -1.34682E+00
  0.00000E+00   1.42172E+02  -8.41483E-01
  0.00000E+00   1.38983E+02  -4.18385E-01
  0.00000E+00   1.35198E+02  -3.97184E-01
  0.00000E+00   1.30908E+02  -5.41745E-01
  0.00000E+00   1.28390E+02  -5.78812E-01
  0.00000E+00   1.27267E+02  -7.61025E-01
  0.00000E+00   1.27021E+02  -9.32296E-01
  0.00000E+00   1.27188E+02  -7.75882E-01
  0.00000E+00   1.28330E+02  -9.64469E-01
  0.00000E+00   1.29295E+02  -1.20798E+00
  0.00000E+00   1.29180E+02  -1.55043E+00
  0.00000E+00   1.28707E+02  -1.43289E+00
  0.00000E+00   1.28620E+02  -1.66819E+00
  0.00000E+00   1.30264E+02  -1.81606E+00
  0.00000E+00   1.33342E+02  -1.85337E+00
  0.00000E+00   1.36660E+02  -1.99487E+00
  0.00000E+00   1.37492E+02  -2.27812E+00
  0.00000E+00   1.34632E+02  -2.17753E+00
  0.00000E+00   1.28816E+02  -1.92347E+00
  0.00000E+00   1.24299E+02  -1.99875E+00
  0.00000E+00   1.21378E+02  -1.75617E+00
  0.00000E+00   1.19020E+02  -1.46105E+00
  0.00000E+00   1.17304E+02  -7.76971E-01
  0.00000E+00   1.17286E+02  -3.35089E-02
  0.00000E+00   1.18496E+02   4.00146E-01
  0.00000E+00   1.21690E+02   8.02852E-01
  0.00000E+00   1.24448E+02   9.30998E-01
  0.00000E+00   1.25481E+02   8.90969E-01
  0.00000E+00   1.26310E+02   9.00327E-01
  0.00000E+00   1.25932E+02   1.23197E+00
  0.00000E+00   1.24168E+02   1.34222E+00
  0.00000E+00   1.24263E+02   1.48908E+00
  0.00000E+00   1.24578E+02   1.53782E+00
  0.00000E+00   1.25317E+02   1.34025E+00
  0.00000E+00   1.25577E+02   1.07604E+00
  0.00000E+00   1.25633E+02   8.77019E-01
  0.00000E+00   1.25774E+02   6.61925E-01
  0.00000E+00   1.26442E+02   4.84912E-01
  0.00000E+00   1.28783E+02   2.54001E-01
  0.00000E+00   1.31147E+02   1.17858E-01
  0.00000E+00   1.32923E+02   1.77020E-01
  0.00000E+00   1.34053E+02   2.76562E-01
  0.00000E+00   1.34433E+02   1.09503E-01
  0.00000E+00   1.34107E+02  -1.94479E-02
  0.00000E+00   1.33890E+02  -4.96351E-02
  0.00000E+00   1.33981E+02   3.58488E-01
  0.00000E+00   1.34620E+02   5.93393E-01
  0.00000E+00   1.35734E+02   9.08466E-01
  0.00000E+00   1.37261E+02   1.02029E+00
  0.00000E+00   1.39351E+02   9.96639E-01
  0.00000E+00   1.40752E+02   1.10070E+00
  0.00000E+00   1.40829E+02   1.06581E+00
  0.00000E+00   1.40415E+02   1.00722E+00
  0.00000E+00   1.40297E+02   7.92703E-01
  0.00000E+00   1.39895E+02   2.54762E-01
  0.00000E+00   1.40199E+02   2.11904E-02
  0.00000E+00   1.41661E+02  -4.30274E-01
  0.00000E+00   1.42400E+02  -6.36628E-01
  0.00000E+00   1.42703E+02  -7.38682E-01
  0.00000E+00   1.43531E+02  -7.86447E-01
  0.00000E+00   1.42415E+02  -1.00650E+00
  0.00000E+00   1.41042E+02  -8.38395E-01
  0.00000E+00   1.40184E+02  -9.55018E-01
  0.00000E+00   1.40931E+02  -9.82322E-01
  0.00000E+00   1.42419E+02  -1.05308E+00
  0.00000E+00   1.43234E+02  -1.22687E+00
  0.00000E+00   1.41461E+02  -9.84925E-01
  0.00000E+00   1.39466E+02  -1.08418E+00
  0.00000E+00   1.37675E+02  -1.14658E+00
  0.00000E+00   1.36311E+02  -1.12076E+00
  0.00000E+00   1.34771E+02  -1.31525E+00
  0.00000E+00   1.32080E+02  -1.41087E+00
  0.00000E+00   1.30484E+02  -1.29040E+00
  0.00000E+00   1.30022E+02  -1.17228E+00
  0.00000E+00   1.29554E+02  -1.24652E+00
  0.00000E+00   1.30198E+02  -1.07957E+00
  0.00000E+00   1.31600E+02  -9.59152E-01
  0.00000E+00   1.33729E+02  -9.78161E-01
  0.00000E+00   1.36029E+02  -1.44358E+00
  0.00000E+00   1.38262E+02  -1.61328E+00
  0.00000E+00   1.40191E+02  -1.58041E+00
  0.00000E+00   1.41895E+02  -1.72566E+00
  0.00000E+00   1.43297E+02  -1.96002E+00
  0.00000E+00   1.43839E+02  -2.30022E+00
  0.00000E+00   1.43020E+02  -2.27470E+00
  0.00000E+00   1.41675E+02  -2.11551E+00
  0.00000E+00   1.40870E+02  -2.27475E+00
  0.00000E+00   1.42036E+02  -2.74113E+00
  0.00000E+00   1.43416E+02  -2.91543E+00
  0.00000E+00   1.44087E+02  -2.92332E+00
  0.00000E+00   1.45861E+02  -2.81006E+00
  0.00000E+00   1.48446E+02  -2.75487E+00
  0.00000E+00   1.51835E+02  -2.72318E+00
  0.00000E+00   1.56015E+02  -3.02517E+00
  0.00000E+00   1.58443E+02  -3.24995E+00
  0.00000E+00   1.59243E+02  -3.37351E+00
  0.00000E+00   1.60531E+02  -3.40832E+00
  0.00000E+00   1.63236E+02  -3.38919E+00
  0.00000E+00   1.65519E+02  -3.57814E+00
  0.00000E+00   1.65688E+02  -3.23360E+00
  0.00000E+00   1.63771E+02  -3.11227E+00
  0.00000E+00   1.63022E+02  -3.05158E+00
  0.00000E+00   1.63178E+02  -3.15497E+00
  0.00000E+00   1.63029E+02  -2.93548E+00
  0.00000E+00   1.63748E+02  -2.89643E+00
  0.00000E+00   1.66004E+02  -2.53521E+00
  0.00000E+00   1.68747E+02  -2.13228E+00
  0.00000E+00   1.72376E+02  -1.68814E+00
  0.00000E+00   1.75868E+02  -1.12910E+00
  0.00000E+00   1.77230E+02  -8.17986E-01
  0.00000E+00   1.78052E+02  -8.03379E-01
  0.00000E+00   1.80022E+02  -7.77171E-01
  0.00000E+00   1.83160E+02  -6.23170E-01
  0.00000E+00   1.85968E+02  -6.19648E-01
  0.00000E+00   1.87621E+02  -5.13635E-01
  0.00000E+00   1.86796E+02  -3.90025E-01
  0.00000E+00   1.86073E+02  -5.99858E-01
  0.00000E+00   1.86736E+02  -9.21345E-01
  0.00000E+00   1.86846E+02  -8.64691E-01
  0.00000E+00   1.86558E+02  -6.63850E-01
  0.00000E+00   1.87979E+02  -5.48187E-01
  0.00000E+00   1.90454E+02  -6.32898E-01
  0.00000E+00   1.93131E+02  -8.41551E-01
  0.00000E+00   1.96247E+02  -1.01956E+00
  0.00000E+00   1.98421E+02  -9.33972E-01
  0.00000E+00   1.99960E+02  -5.49932E-01
  0.00000E+00   2.00143E+02  -3.06969E-01
  0.00000E+00   2.02818E+02  -9.66017E-02
  0.00000E+00   2.07913E+02  -2.14348E-01
  0.00000E+00   2.10454E+02  -4.50747E-01
  0.00000E+00   2.11925E+02  -5.81717E-01
  0.00000E+00   2.12336E+02  -8.35551E-01
  0.00000E+00   2.13891E+02  -8.86610E-01
  0.00000E+00   2.14136E+02  -1.13155E+00
  0.00000E+00   2.13131E+02  -1.52989E+00
  0.00000E+00   2.11215E+02  -1.77151E+00
  0.00000E+00   2.09714E+02  -2.23730E+00
  0.00000E+00   2.09915E+02  -2.74810E+00
  0.00000E+00   2.10935E+02  -2.95795E+00
  0.00000E+00   2.07703E+02  -2.87875E+00
  0.00000E+00   2.03168E+02  -2.89804E+00
  0.00000E+00   2.00115E+02  -2.71169E+00
  0.00000E+00   1.97866E+02  -2.57966E+00
  0.00000E+00   1.95940E+02  -2.40587E+00
  0.00000E+00   1.93521E+02  -2.03444E+00
  0.00000E+00   1.92930E+02  -2.13970E+00
  0.00000E+00   1.93046E+02  -2.04675E+00
  0.00000E+00   1.93431E+02  -2.11678E+00
  0.00000E+00   1.91277E+02  -1.86093E+00
  0.00000E+00   1.86815E+02  -2.53798E+00
  0.00000E+00   1.81349E+02  -3.11875E+00
  0.00000E+00   1.77349E+02  -3.43659E+00
  0.00000E+00   1.74755E+02  -3.53888E+00
  0.00000E+00   1.72445E+02  -3.32241E+00
  0.00000E+00   1.69504E+02  -3.23651E+00
  0.00000E+00   1.66328E+02  -3.05660E+00
  0.00000E+00   1.64579E+02  -2.87157E+00
  0.00000E+00   1.64913E+02  -2.59572E+00
  0.00000E+00   1.65017E+02  -2.51213E+00
  0.00000E+00   1.64588E+02  -2.62885E+00
  0.00000E+00   1.63544E+02  -2.98828E+00
  0.00000E+00   1.60745E+02  -3.06961E+00
  0.00000E+00   1.58630E+02  -3.01513E+00
  0.00000E+00   1.57760E+02  -2.99797E+00
  0.00000E+00   1.55954E+02  -2.75877E+00
  0.00000E+00   1.54557E+02  -2.27883E+00
  0.00000E+00   1.53430E+02  -2.08809E+00
  0.00000E+00   1.51788E+02  -2.11755E+00
  0.00000E+00   1.49948E+02  -2.10646E+00
  0.00000E+00   1.46807E+02  -2.02408E+00
  0.00000E+00   1.44083E+02  -2.05236E+00
  0.00000E+00   1.40724E+02  -2.11376E+00
  0.00000E+00   1.37337E+02  -1.61642E+00
  0.00000E+00   1.33990E+02  -8.38738E-01
  0.00000E+00   1.29829E+02   1.05345E-01
  0.00000E+00   1.27671E+02   5.29764E-01
  0.00000E+00   1.27465E+02   7.94473E-01
  0.00000E+00   1.27100E+02   1.39674E+00
  0.00000E+00   1.26318E+02   1.55970E+00
  0.00000E+00   1.24604E+02   1.57794E+00
  0.00000E+00   1.24971E+02   1.95619E+00
  0.00000E+00   1.26821E+02   2.14417E+00
  0.00000E+00   1.28836E+02   2.23066E+00
  0.00000E+00   1.29729E+02   2.10724E+00
  0.00000E+00   1.28552E+02   2.43686E+00
  0.00000E+00   1.24625E+02   2.84196E+00
  0.00000E+00   1.20862E+02   3.01062E+00
  0.00000E+00   1.18551E+02   3.06557E+00
  0.00000E+00   1.17560E+02   3.08976E+00
  0.00000E+00   1.16592E+02   3.06114E+00
  0.00000E+00   1.15156E+02   2.70897E+00
  0.00000E+00   1.14393E+02   2.42922E+00
  0.00000E+00   1.14737E+02   2.29902E+00
  0.00000E+00   1.12760E+02   2.02066E+00
  0.00000E+00   1.14454E+02   1.56305E+00
  0.00000E+00   1.16066E+02   1.16867E+00
  0.00000E+00   1.16542E+02   1.09327E+00
  0.00000E+00   1.16868E+02   6.27827E-01
  0.00000E+00   1.17137E+02   2.42393E-02
  0.00000E+00   1.17357E+02  -3.70611E-01
  0.00000E+00   1.16961E+02  -8.40326E-01
  0.00000E+00   1.17139E+02  -1.13937E+00
  0.00000E+00   1.15964E+02  -1.44116E+00
  0.00000E+00   1.13530E+02  -1.62478E+00
  0.00000E+00   1.11878E+02  -1.96630E+00
  0.00000E+00   1.11102E+02  -2.22367E+00
  0.00000E+00   1.11748E+02  -2.29244E+00
  0.00000E+00   1.11168E+02  -2.35680E+00
  0.00000E+00   1.10634E+02  -2.33683E+00
  0.00000E+00   1.11062E+02  -2.09939E+00
  0.00000E+00   1.12664E+02  -1.82627E+00
  0.00000E+00   1.15366E+02  -1.44264E+00
  0.00000E+00   1.18153E+02  -1.38172E+00
  0.00000E+00   1.19674E+02  -1.27324E+00
  0.00000E+00   1.21308E+02  -1.32387E+00
  0.00000E+00   1.23163E+02  -1.66868E+00
  0.00000E+00   1.23747E+02  -1.83963E+00
  0.00000E+00   1.23960E+02  -1.81720E+00
  0.00000E+00   1.24855E+02  -2.04629E+00
  0.00000E+00   1.26832E+02  -1.98422E+00
  0.00000E+00   1.27582E+02  -1.89936E+00
  0.00000E+00   1.25779E+02  -1.75385E+00
  0.00000E+00   1.22839E+02  -1.69239E+00
  0.00000E+00   1.20981E+02  -1.57702E+00
  0.00000E+00   1.20295E+02  -1.19868E+00
  0.00000E+00   1.20563E+02  -9.65553E-01
  0.00000E+00   1.22289E+02  -7.75941E-01
  0.00000E+00   1.23399E+02  -4.75655E-01
  0.00000E+00   1.24374E+02  -1.94846E-01
  0.00000E+00   1.26201E+02   3.67592E-03
  0.00000E+00   1.28942E+02   1.89097E-01
  0.00000E+00   1.31421E+02   5.07295E-01
  0.00000E+00   1.33245E+02   6.72598E-01
  0.00000E+00   1.33890E+02   5.95142E-01
  0.00000E+00   1.35269E+02   4.96485E-01
  0.00000E+00   1.38105E+02   5.72362E-01
  0.00000E+00   1.39589E+02   3.55595E-01
  0.00000E+00   1.40394E+02   3.11191E-01
  0.00000E+00   1.40936E+02   3.24630E-01
  0.00000E+00   1.42328E+02   3.11069E-01
  0.00000E+00   1.45156E+02   4.39232E-01
  0.00000E+00   1.48876E+02   3.10770E-01
  0.00000E+00   1.52290E+02   3.00490E-01
  0.00000E+00   1.55898E+02   1.84727E-01
  0.00000E+00   1.59412E+02   4.04490E-01
  0.00000E+00   1.62565E+02   7.07353E-01
  0.00000E+00   1.64299E+02   1.12030E+00
  0.00000E+00   1.64038E+02   1.35870E+00
  0.00000E+00   1.61895E+02   1.97144E+00
  0.00000E+00   1.59841E+02   2.25207E+00
  0.00000E+00   1.59786E+02   2.48734E+00
  0.00000E+00   1.59780E+02   2.69013E+00
  0.00000E+00   1.59689E+02   2.99632E+00
  0.00000E+00   1.60895E+02   3.18161E+00
  0.00000E+00   1.60990E+02   3.03375E+00
  0.00000E+00   1.59299E+02   2.73616E+00
  0.00000E+00   1.55299E+02   2.43132E+00
  0.00000E+00   1.51459E+02   2.07058E+00
  0.00000E+00   1.50177E+02   1.51879E+00
  0.00000E+00   1.51897E+02   1.27405E+00
  0.00000E+00   1.56564E+02   1.15075E+00
  0.00000E+00   1.60920E+02   1.30759E+00
  0.00000E+00   1.63875E+02   1.21907E+00
  0.00000E+00   1.65767E+02   1.20575E+00
  0.00000E+00   1.66040E+02   1.26528E+00
  0.00000E+00   1.64715E+02   8.48868E-01
  0.00000E+00   1.62604E+02   5.97763E-01
  0.00000E+00   1.61171E+02   2.87819E-01
  0.00000E+00   1.60317E+02  -2.14838E-01
  0.00000E+00   1.61084E+02  -2.39708E-01
  0.00000E+00   1.61340E+02  -2.85641E-01
  0.00000E+00   1.61658E+02   2.31190E-02
  0.00000E+00   1.60722E+02   2.25696E-01
  0.00000E+00   1.58908E+02   2.56540E-01
  0.00000E+00   1.56492E+02   2.82974E-01
  0.00000E+00   1.54817E+02   2.01995E-01
  0.00000E+00   1.53668E+02  -6.20526E-02
  0.00000E+00   1.53628E+02  -1.16536E-01
  0.00000E+00   1.53310E+02  -2.11951E-01
  0.00000E+00   1.50809E+02  -1.08630E-01
  0.00000E+00   1.47862E+02  -3.88657E-02
  0.00000E+00   1.45575E+02   2.31453E-02
  0.00000E+00   1.43369E+02   2.88998E-01
  0.00000E+00   1.41005E+02   4.21556E-01
  0.00000E+00   1.38344E+02   5.76726E-01
  0.00000E+00   1.34360E+02   7.32196E-01
  0.00000E+00   1.30495E+02   4.47816E-01
  0.00000E+00   1.26090E+02   8.96328E-04
  0.00000E+00   1.23740E+02  -6.44076E-02
  0.00000E+00   1.22395E+02   1.46918E-01
  0.00000E+00   1.22465E+02   3.50362E-01
  0.00000E+00   1.23579E+02   3.42281E-01
  0.00000E+00   1.25242E+02   3.00342E-02
  0.00000E+00   1.25641E+02  -2.19184E-01
  0.00000E+00   1.23193E+02  -1.18653E-01
  0.00000E+00   1.20208E+02  -7.32980E-03
  0.00000E+00   1.17633E+02   3.84870E-01
  0.00000E+00   1.15337E+02   5.39318E-01
  0.00000E+00   1.14766E+02   6.38127E-01
  0.00000E+00   1.15369E+02   6.64622E-01
  0.00000E+00   1.16174E+02   5.74848E-01
  0.00000E+00   1.18042E+02   5.62216E-01
  0.00000E+00   1.19843E+02   3.74010E-01
  0.00000E+00   1.19531E+02   3.20764E-01
  0.00000E+00   1.18372E+02   1.32926E-01
  0.00000E+00   1.16833E+02   3.99895E-01
  0.00000E+00   1.15605E+02   5.65305E-01
  0.00000E+00   1.15002E+02   5.17028E-01
  0.00000E+00   1.15318E+02   4.38293E-01
  0.00000E+00   1.14946E+02   4.02537E-01
  0.00000E+00   1.14276E+02   6.99119E-01
  0.00000E+00   1.13597E+02   5.62321E-01
  0.00000E+00   1.14200E+02   4.60984E-01
  0.00000E+00   1.15727E+02   4.95556E-01
  0.00000E+00   1.17155E+02   5.33700E-01
  0.00000E+00   1.19221E+02   4.64834E-01
  0.00000E+00   1.21155E+02   3.60889E-01
  0.00000E+00   1.23584E+02   4.31583E-01
  0.00000E+00   1.25982E+02   5.81111E-01
  0.00000E+00   1.28647E+02   8.78808E-01
  0.00000E+00   1.31015E+02   1.21778E+00
  0.00000E+00   1.32427E+02   1.53262E+00
  0.00000E+00   1.31719E+02   1.52508E+00
  0.00000E+00   1.29515E+02   1.28823E+00
  0.00000E+00   1.27073E+02   9.66016E-01
  0.00000E+00   1.25776E+02   6.99472E-01
  0.00000E+00   1.25944E+02   5.80857E-01
  0.00000E+00   1.26534E+02   5.11246E-01
  0.00000E+00   1.28352E+02   1.03763E-01
  0.00000E+00   1.30690E+02  -2.68902E-01
  0.00000E+00   1.33027E+02  -5.66440E-01
  0.00000E+00   1.33927E+02  -8.56199E-01
  0.00000E+00   1.33981E+02  -1.35746E+00
  0.00000E+00   1.33970E+02  -1.62117E+00
  0.00000E+00   1.34292E+02  -1.82145E+00
  0.00000E+00   1.34264E+02  -2.08944E+00
  0.00000E+00   1.34115E+02  -2.40745E+00
  0.00000E+00   1.32819E+02  -2.67780E+00
  0.00000E+00   1.31326E+02  -2.81075E+00
  0.00000E+00   1.29288E+02  -2.85725E+00
  0.00000E+00   1.27815E+02  -3.23527E+00
  0.00000E+00   1.27350E+02  -3.48423E+00
  0.00000E+00   1.26120E+02  -3.60896E+00
  0.00000E+00   1.26019E+02  -3.80180E+00
  0.00000E+00   1.27909E+02  -3.85346E+00
  0.00000E+00   1.30974E+02  -3.87271E+00
  0.00000E+00   1.32221E+02  -3.99276E+00
  0.00000E+00   1.31978E+02  -4.16668E+00
  0.00000E+00   1.31895E+02  -3.88374E+00
  0.00000E+00   1.32051E+02  -3.28802E+00
  0.00000E+00   1.33172E+02  -2.79732E+00
  0.00000E+00   1.35735E+02  -2.50315E+00
  0.00000E+00   1.37590E+02  -2.31095E+00
  0.00000E+00   1.38360E+02  -2.19567E+00
  0.00000E+00   1.38102E+02  -2.25678E+00
  0.00000E+00   1.37428E+02  -2.35727E+00
  0.00000E+00   1.37290E+02  -2.28174E+00
  0.00000E+00   1.37051E+02  -2.24070E+00
  0.00000E+00   1.35635E+02  -2.10043E+00
  0.00000E+00   1.34045E+02  -2.03997E+00
  0.00000E+00   1.33681E+02  -1.92161E+00
  0.00000E+00   1.34297E+02  -1.59383E+00
  0.00000E+00   1.34520E+02  -1.42446E+00
  0.00000E+00   1.33626E+02  -1.11560E+00
  0.00000E+00   1.32679E+02  -1.00752E+00
  0.00000E+00   1.31992E+02  -9.44200E-01
  0.00000E+00   1.31655E+02  -8.11606E-01
  0.00000E+00   1.30150E+02  -8.11200E-01
  0.00000E+00   1.28696E+02  -9.89712E-01
