  0.00000E+00  -6.64320E-05   4.08375E-06
  0.00000E+00  -7.89645E-05   5.29763E-06
  0.00000E+00  -7.16848E-05   4.56410E-06
  0.00000E+00  -5.94995E-05   4.19959E-06
  0.00000E+00  -4.35515E-05   4.00310E-06
  0.00000E+00  -2.61979E-05   3.89078E-06
  0.00000E+00  -9.87233E-06   3.93890E-06
  0.00000E+00   4.64643E-06   4.17116E-06
  0.00000E+00   1.70282E-05   4.60698E-06
  0.00000E+00   2.75385E-05   5.22728E-06
  0.00000E+00   3.67127E-05   5.99228E-06
  0.00000E+00   4.51788E-05   6.88167E-06
  0.00000E+00   5.36496E-05   7.90525E-06
  0.00000E+00   6.31402E-05   9.04449E-06
  0.00000E+00   7.36100E-05   1.03780E-05
  0.00000E+00   8.60320E-05   1.19633E-05
  0.00000E+00   1.01429E-04   1.37745E-05
  0.00000E+00   1.19699E-04   1.59521E-05
  0.00000E+00   1.42410E-04   1.85098E-05
  0.00000E+00   1.69964E-04   2.15059E-05
  0.00000E+00   2.03585E-04   2.50798E-05
  0.00000E+00   2.44625E-04   2.92087E-05
  0.00000E+00   2.94545E-04   3.39791E-05
  0.00000E+00   3.55492E-04   3.95760E-05
  0.00000E+00   4.29798E-04   4.59569E-05
  0.00000E+00   5.20407E-04   5.32885E-05
  0.00000E+00   6.31545E-04   6.16936E-05
  0.00000E+00   7.66993E-04   7.13221E-05
  0.00000E+00   9.33044E-04   8.22994E-05
  0.00000E+00   1.13683E-03   9.48008E-05
  0.00000E+00   1.38671E-03   1.09084E-04
  0.00000E+00   1.69316E-03   1.25411E-04
  0.00000E+00   2.06989E-03   1.43935E-04
  0.00000E+00   2.53290E-03   1.64994E-04
  0.00000E+00   3.10130E-03   1.89122E-04
  0.00000E+00   3.79919E-03   2.16574E-04
  0.00000E+00   4.65621E-03   2.47795E-04
  0.00000E+00   5.70771E-03   2.83483E-04
  0.00000E+00   6.99544E-03   3.24406E-04
  0.00000E+00   8.57046E-03   3.71415E-04
  0.00000E+00   1.04930E-02   4.25615E-04
  0.00000E+00   1.28343E-02   4.88405E-04
  0.00000E+00   1.56775E-02   5.61359E-04
  0.00000E+00   1.91190E-02   6.46503E-04
  0.00000E+00   2.32692E-02   7.46187E-04
  0.00000E+00   2.82538E-02   8.63077E-04
  0.00000E+00   3.42142E-02   1.00003E-03
  0.00000E+00   4.13079E-02   1.16009E-03
  0.00000E+00   4.97080E-02   1.34638E-03
  0.00000E+00   5.96029E-02   1.56202E-03
  0.00000E+00   7.11946E-02   1.81016E-03
  0.00000E+00   8.46980E-02   2.09387E-03
  0.00000E+00   1.00338E-01   2.41611E-03
  0.00000E+00   1.18347E-01   2.77973E-03
  0.00000E+00   1.38963E-01   3.18704E-03
  0.00000E+00   1.62424E-01   3.63974E-03
  0.00000E+00   1.88968E-01   4.13779E-03
  0.00000E+00   2.18828E-01   4.67877E-03
  0.00000E+00   2.52238E-01   5.25741E-03
  0.00000E+00   2.89425E-01   5.86551E-03
  0.00000E+00   3.30621E-01   6.49356E-03
  0.00000E+00   3.76063E-01   7.13395E-03
  0.00000E+00   4.25995E-01   7.78523E-03
  0.00000E+00   4.80679E-01   8.45574E-03
  0.00000E+00   5.40390E-01   9.16535E-03
  0.00000E+00   6.05420E-01   9.94493E-03
  0.00000E+00   6.76076E-01   1.08331E-02
  0.00000E+00   7.52679E-01   1.18725E-02
  0.00000E+00   8.35552E-01   1.31072E-02
  0.00000E+00   9.25006E-01   1.45808E-02
  0.00000E+00   1.02130E+00   1.63338E-02
  0.00000E+00   1.12462E+00   1.83990E-02
  0.00000E+00   1.23494E+00   2.07962E-02
  0.00000E+00   1.35203E+00   2.35328E-02
  0.00000E+00   1.47532E+00   2.66129E-02
  0.00000E+00   1.60385E+00   3.00523E-02
  0.00000E+00   1.73628E+00   3.38840E-02
  0.00000E+00   1.87102E+00   3.81132E-02
  0.00000E+00   2.00669E+00   4.26036E-02
  0.00000E+00   2.14293E+00   4.70467E-02
  0.00000E+00   2.28128E+00   5.11939E-02
  0.00000E+00   2.42496E+00   5.47358E-02
  0.00000E+00   2.57624E+00   5.71949E-02
  0.00000E+00   2.73308E+00   5.85364E-02
  0.00000E+00   2.89000E+00   5.96665E-02
  0.00000E+00   3.04138E+00   6.15715E-02
  0.00000E+00   3.18449E+00   6.35758E-02
  0.00000E+00   3.31716E+00   6.47236E-02
  0.00000E+00   3.44090E+00   6.44123E-02
  0.00000E+00   3.55855E+00   6.14817E-02
  0.00000E+00   3.67075E+00   5.69342E-02
  0.00000E+00   3.78102E+00   5.49596E-02
  0.00000E+00   3.89267E+00   5.71481E-02
  0.00000E+00   4.00529E+00   6.19227E-02
  0.00000E+00   4.11233E+00   6.69162E-02
  0.00000E+00   4.21158E+00   6.93290E-02
  0.00000E+00   4.31673E+00   6.43759E-02
  0.00000E+00   4.43815E+00   5.48736E-02
  0.00000E+00   4.57326E+00   4.59497E-02
  0.00000E+00   4.71654E+00   3.78738E-02
  0.00000E+00   4.86324E+00   3.00250E-02
  0.00000E+00   5.01754E+00   2.46202E-02
  0.00000E+00   5.18130E+00   2.21539E-02
  0.00000E+00   5.35588E+00   2.15298E-02
  0.00000E+00   5.55848E+00   2.68357E-02
  0.00000E+00   5.79764E+00   3.79366E-02
  0.00000E+00   6.07082E+00   5.00929E-02
  0.00000E+00   6.35218E+00   5.85572E-02
  0.00000E+00   6.61913E+00   5.97099E-02
  0.00000E+00   6.86980E+00   5.52238E-02
  0.00000E+00   7.10037E+00   4.97378E-02
  0.00000E+00   7.30703E+00   4.74167E-02
  0.00000E+00   7.49620E+00   4.85052E-02
  0.00000E+00   7.69548E+00   4.95303E-02
  0.00000E+00   7.90607E+00   4.89576E-02
  0.00000E+00   8.12392E+00   4.53900E-02
  0.00000E+00   8.33216E+00   4.13871E-02
  0.00000E+00   8.52916E+00   4.55144E-02
  0.00000E+00   8.75436E+00   5.66538E-02
  0.00000E+00   9.00449E+00   7.57297E-02
  0.00000E+00   9.24210E+00   1.08254E-01
  0.00000E+00   9.44999E+00   1.50960E-01
  0.00000E+00   9.65490E+00   2.00241E-01
  0.00000E+00   9.86156E+00   2.50030E-01
  0.00000E+00   1.00503E+01   3.04017E-01
  0.00000E+00   1.02164E+01   3.53790E-01
  0.00000E+00   1.03796E+01   3.89250E-01
  0.00000E+00   1.05732E+01   4.06732E-01
  0.00000E+00   1.07676E+01   4.07278E-01
  0.00000E+00   1.09448E+01   3.97679E-01
  0.00000E+00   1.11088E+01   3.82992E-01
  0.00000E+00   1.12600E+01   3.61812E-01
  0.00000E+00   1.14223E+01   3.36517E-01
  0.00000E+00   1.16411E+01   3.01681E-01
  0.00000E+00   1.18852E+01   2.60715E-01
  0.00000E+00   1.21576E+01   2.33212E-01
  0.00000E+00   1.24921E+01   2.22585E-01
  0.00000E+00   1.28629E+01   2.17017E-01
  0.00000E+00   1.32690E+01   2.08912E-01
  0.00000E+00   1.37401E+01   1.80600E-01
  0.00000E+00   1.42670E+01   1.25273E-01
  0.00000E+00   1.48177E+01   6.04798E-02
  0.00000E+00   1.53700E+01  -1.37536E-02
  0.00000E+00   1.58896E+01  -9.08959E-02
  0.00000E+00   1.63810E+01  -1.59022E-01
  0.00000E+00   1.68277E+01  -2.15922E-01
  0.00000E+00   1.72074E+01  -2.50824E-01
  0.00000E+00   1.75156E+01  -2.55474E-01
  0.00000E+00   1.77615E+01  -2.51823E-01
  0.00000E+00   1.79744E+01  -2.50967E-01
  0.00000E+00   1.81913E+01  -2.32200E-01
  0.00000E+00   1.84209E+01  -1.70170E-01
  0.00000E+00   1.86816E+01  -7.89364E-02
  0.00000E+00   1.90155E+01   1.93620E-02
  0.00000E+00   1.93840E+01   9.82008E-02
  0.00000E+00   1.97132E+01   1.37361E-01
  0.00000E+00   2.00155E+01   1.68835E-01
  0.00000E+00   2.03282E+01   1.98407E-01
  0.00000E+00   2.06761E+01   2.26989E-01
  0.00000E+00   2.10185E+01   2.71883E-01
  0.00000E+00   2.13779E+01   3.49654E-01
  0.00000E+00   2.17348E+01   4.42072E-01
  0.00000E+00   2.20508E+01   5.24684E-01
  0.00000E+00   2.22827E+01   5.93452E-01
  0.00000E+00   2.24495E+01   6.31894E-01
  0.00000E+00   2.25544E+01   6.44841E-01
  0.00000E+00   2.26087E+01   6.48971E-01
  0.00000E+00   2.26682E+01   6.42676E-01
  0.00000E+00   2.27012E+01   6.58924E-01
  0.00000E+00   2.26786E+01   6.96944E-01
  0.00000E+00   2.25733E+01   7.18997E-01
  0.00000E+00   2.24456E+01   7.23064E-01
  0.00000E+00   2.24450E+01   7.11078E-01
  0.00000E+00   2.26179E+01   6.79118E-01
  0.00000E+00   2.29415E+01   6.48875E-01
  0.00000E+00   2.33123E+01   6.17010E-01
  0.00000E+00   2.36579E+01   5.83474E-01
  0.00000E+00   2.40429E+01   5.55223E-01
  0.00000E+00   2.45163E+01   5.51770E-01
  0.00000E+00   2.50249E+01   5.79437E-01
  0.00000E+00   2.54744E+01   6.15900E-01
  0.00000E+00   2.58187E+01   6.63475E-01
  0.00000E+00   2.60577E+01   7.18031E-01
  0.00000E+00   2.61961E+01   7.97650E-01
  0.00000E+00   2.63853E+01   8.89319E-01
  0.00000E+00   2.67181E+01   9.96429E-01
  0.00000E+00   2.71038E+01   1.10617E+00
  0.00000E+00   2.73568E+01   1.16980E+00
  0.00000E+00   2.74083E+01   1.21282E+00
  0.00000E+00   2.73598E+01   1.23112E+00
  0.00000E+00   2.73161E+01   1.18119E+00
  0.00000E+00   2.74105E+01   1.06226E+00
  0.00000E+00   2.77156E+01   9.37564E-01
  0.00000E+00   2.80681E+01   8.15927E-01
  0.00000E+00   2.83059E+01   6.74763E-01
  0.00000E+00   2.83800E+01   5.37059E-01
  0.00000E+00   2.82115E+01   3.82635E-01
  0.00000E+00   2.77907E+01   2.06309E-01
  0.00000E+00   2.74394E+01   3.02613E-02
  0.00000E+00   2.74300E+01  -1.09379E-01
  0.00000E+00   2.76650E+01  -2.08910E-01
  0.00000E+00   2.77492E+01  -2.96372E-01
  0.00000E+00   2.73151E+01  -4.34965E-01
  0.00000E+00   2.66136E+01  -5.85151E-01
  0.00000E+00   2.60900E+01  -7.49626E-01
  0.00000E+00   2.60415E+01  -9.22806E-01
  0.00000E+00   2.64058E+01  -1.05909E+00
  0.00000E+00   2.68352E+01  -1.12267E+00
  0.00000E+00   2.71778E+01  -1.11015E+00
  0.00000E+00   2.74143E+01  -1.09676E+00
  0.00000E+00   2.74246E+01  -1.09799E+00
  0.00000E+00   2.70914E+01  -1.10686E+00
  0.00000E+00   2.67782E+01  -1.10270E+00
  0.00000E+00   2.67458E+01  -1.08620E+00
  0.00000E+00   2.69435E+01  -1.08321E+00
  0.00000E+00   2.71645E+01  -1.07215E+00
  0.00000E+00   2.72097E+01  -9.93133E-01
  0.00000E+00   2.71120E+01  -8.84379E-01
  0.00000E+00   2.71695E+01  -8.38538E-01
  0.00000E+00   2.74922E+01  -8.37161E-01
  0.00000E+00   2.77539E+01  -8.30486E-01
  0.00000E+00   2.77317E+01  -7.79720E-01
  0.00000E+00   2.77098E+01  -6.94350E-01
  0.00000E+00   2.76870E+01  -6.23384E-01
  0.00000E+00   2.75349E+01  -5.50430E-01
  0.00000E+00   2.74477E+01  -4.89195E-01
  0.00000E+00   2.74237E+01  -4.74976E-01
  0.00000E+00   2.74387E+01  -5.12490E-01
  0.00000E+00   2.74893E+01  -5.93033E-01
  0.00000E+00   2.75949E+01  -6.85523E-01
  0.00000E+00   2.75592E+01  -7.32233E-01
  0.00000E+00   2.73785E+01  -7.43560E-01
  0.00000E+00   2.71664E+01  -7.28746E-01
  0.00000E+00   2.69888E+01  -7.65395E-01
  0.00000E+00   2.69392E+01  -8.33561E-01
  0.00000E+00   2.67707E+01  -8.90161E-01
  0.00000E+00   2.62457E+01  -9.39739E-01
  0.00000E+00   2.56768E+01  -9.97902E-01
  0.00000E+00   2.53709E+01  -1.05127E+00
  0.00000E+00   2.51788E+01  -1.09995E+00
  0.00000E+00   2.50660E+01  -1.19793E+00
  0.00000E+00   2.49061E+01  -1.28011E+00
  0.00000E+00   2.47931E+01  -1.29353E+00
  0.00000E+00   2.47997E+01  -1.30541E+00
  0.00000E+00   2.48595E+01  -1.30859E+00
  0.00000E+00   2.50010E+01  -1.29203E+00
  0.00000E+00   2.53347E+01  -1.23765E+00
  0.00000E+00   2.58316E+01  -1.13800E+00
  0.00000E+00   2.62814E+01  -1.04129E+00
  0.00000E+00   2.61670E+01  -9.37748E-01
  0.00000E+00   2.53785E+01  -8.35581E-01
  0.00000E+00   2.46485E+01  -6.87291E-01
  0.00000E+00   2.45038E+01  -5.49221E-01
  0.00000E+00   2.47663E+01  -4.57881E-01
  0.00000E+00   2.48420E+01  -3.48544E-01
  0.00000E+00   2.45776E+01  -1.61341E-01
  0.00000E+00   2.45805E+01   6.53018E-02
  0.00000E+00   2.50760E+01   2.50918E-01
  0.00000E+00   2.56193E+01   3.92330E-01
  0.00000E+00   2.57373E+01   5.03084E-01
  0.00000E+00   2.56535E+01   5.65080E-01
  0.00000E+00   2.59623E+01   6.29959E-01
  0.00000E+00   2.66959E+01   7.16770E-01
  0.00000E+00   2.73186E+01   8.27268E-01
  0.00000E+00   2.74047E+01   9.77046E-01
  0.00000E+00   2.70644E+01   1.15559E+00
  0.00000E+00   2.67501E+01   1.31495E+00
  0.00000E+00   2.66966E+01   1.43930E+00
  0.00000E+00   2.66963E+01   1.56289E+00
  0.00000E+00   2.65446E+01   1.67342E+00
  0.00000E+00   2.64268E+01   1.76818E+00
  0.00000E+00   2.64882E+01   1.84663E+00
  0.00000E+00   2.67705E+01   1.86586E+00
  0.00000E+00   2.68460E+01   1.79181E+00
  0.00000E+00   2.63670E+01   1.66403E+00
  0.00000E+00   2.58128E+01   1.49204E+00
  0.00000E+00   2.56937E+01   1.32806E+00
  0.00000E+00   2.59273E+01   1.23739E+00
  0.00000E+00   2.60484E+01   1.21308E+00
  0.00000E+00   2.61182E+01   1.23342E+00
  0.00000E+00   2.62862E+01   1.22569E+00
  0.00000E+00   2.67988E+01   1.17909E+00
  0.00000E+00   2.74989E+01   1.13822E+00
  0.00000E+00   2.77403E+01   1.13275E+00
  0.00000E+00   2.75377E+01   1.12916E+00
  0.00000E+00   2.74000E+01   1.10556E+00
  0.00000E+00   2.75298E+01   1.04234E+00
  0.00000E+00   2.77507E+01   9.61016E-01
  0.00000E+00   2.78190E+01   8.85310E-01
  0.00000E+00   2.76199E+01   7.60064E-01
  0.00000E+00   2.74247E+01   5.97646E-01
  0.00000E+00   2.74927E+01   4.65835E-01
  0.00000E+00   2.76543E+01   3.86013E-01
  0.00000E+00   2.77689E+01   3.57237E-01
  0.00000E+00   2.77822E+01   3.19243E-01
  0.00000E+00   2.77430E+01   2.33090E-01
  0.00000E+00   2.79155E+01   1.23527E-01
  0.00000E+00   2.80709E+01   5.48297E-02
  0.00000E+00   2.80454E+01   3.75793E-02
  0.00000E+00   2.78373E+01   4.67153E-02
  0.00000E+00   2.74520E+01   7.83909E-02
  0.00000E+00   2.72688E+01   1.43155E-01
  0.00000E+00   2.72969E+01   2.11980E-01
  0.00000E+00   2.74117E+01   2.49565E-01
  0.00000E+00   2.75624E+01   2.63534E-01
  0.00000E+00   2.77691E+01   2.68620E-01
  0.00000E+00   2.81151E+01   2.60245E-01
  0.00000E+00   2.84309E+01   2.50393E-01
  0.00000E+00   2.85544E+01   2.64839E-01
  0.00000E+00   2.86610E+01   2.74482E-01
  0.00000E+00   2.90325E+01   2.73339E-01
  0.00000E+00   2.95487E+01   2.41162E-01
  0.00000E+00   3.00800E+01   1.95628E-01
  0.00000E+00   3.05546E+01   1.03096E-01
  0.00000E+00   3.07607E+01  -1.13096E-02
  0.00000E+00   3.09019E+01  -1.33528E-01
  0.00000E+00   3.13924E+01  -2.55423E-01
  0.00000E+00   3.22686E+01  -3.59631E-01
  0.00000E+00   3.30417E+01  -4.18861E-01
  0.00000E+00   3.33417E+01  -3.67248E-01
  0.00000E+00   3.33356E+01  -2.61589E-01
  0.00000E+00   3.34594E+01  -1.79811E-01
  0.00000E+00   3.37066E+01  -1.37228E-01
  0.00000E+00   3.37165E+01  -4.96437E-02
  0.00000E+00   3.32885E+01   2.67942E-02
  0.00000E+00   3.25720E+01   4.51063E-02
  0.00000E+00   3.20406E+01   5.87194E-02
  0.00000E+00   3.18491E+01   9.83919E-02
  0.00000E+00   3.17100E+01   1.67366E-01
  0.00000E+00   3.14906E+01   2.19827E-01
  0.00000E+00   3.14672E+01   2.73296E-01
  0.00000E+00   3.18587E+01   2.84427E-01
  0.00000E+00   3.24972E+01   2.65828E-01
  0.00000E+00   3.26188E+01   2.01604E-01
  0.00000E+00   3.18414E+01   1.22975E-01
  0.00000E+00   3.10000E+01   7.12323E-02
  0.00000E+00   3.06378E+01   5.99577E-02
  0.00000E+00   3.04207E+01   4.22577E-02
  0.00000E+00   3.01807E+01   5.09554E-02
  0.00000E+00   2.99388E+01   4.18156E-02
  0.00000E+00   2.95631E+01  -2.06513E-02
  0.00000E+00   2.93898E+01  -8.68484E-02
  0.00000E+00   2.94259E+01  -9.98807E-02
  0.00000E+00   2.95123E+01  -1.01461E-01
  0.00000E+00   2.97230E+01  -9.91865E-02
  0.00000E+00   3.01435E+01  -4.78199E-02
  0.00000E+00   3.06362E+01   5.50638E-02
  0.00000E+00   3.10383E+01   1.67542E-01
  0.00000E+00   3.13347E+01   2.43437E-01
  0.00000E+00   3.12865E+01   2.25929E-01
  0.00000E+00   3.09885E+01   1.37427E-01
  0.00000E+00   3.08310E+01   5.12056E-02
  0.00000E+00   3.09806E+01  -9.90815E-03
  0.00000E+00   3.11631E+01  -6.45859E-02
  0.00000E+00   3.10457E+01  -1.50945E-01
  0.00000E+00   3.08093E+01  -2.56893E-01
  0.00000E+00   3.06161E+01  -3.62669E-01
  0.00000E+00   3.04642E+01  -3.95607E-01
  0.00000E+00   3.04085E+01  -3.61084E-01
  0.00000E+00   3.04386E+01  -3.38250E-01
  0.00000E+00   3.07193E+01  -3.46725E-01
  0.00000E+00   3.12919E+01  -3.55740E-01
  0.00000E+00   3.21050E+01  -3.53099E-01
  0.00000E+00   3.24062E+01  -3.26969E-01
  0.00000E+00   3.20724E+01  -2.42359E-01
  0.00000E+00   3.17178E+01  -1.94598E-01
  0.00000E+00   3.15545E+01  -1.93044E-01
  0.00000E+00   3.15511E+01  -1.73795E-01
  0.00000E+00   3.15595E+01  -1.43470E-01
  0.00000E+00   3.14206E+01  -1.48195E-01
  0.00000E+00   3.13564E+01  -1.14333E-01
  0.00000E+00   3.15203E+01  -2.88419E-02
  0.00000E+00   3.17608E+01   3.59775E-02
  0.00000E+00   3.19292E+01   6.49849E-02
  0.00000E+00   3.19867E+01   6.09636E-02
  0.00000E+00   3.21838E+01   1.60284E-02
  0.00000E+00   3.26097E+01  -1.54966E-02
  0.00000E+00   3.30216E+01  -1.28656E-02
  0.00000E+00   3.30003E+01  -3.09726E-02
  0.00000E+00   3.25665E+01  -5.58954E-02
  0.00000E+00   3.19228E+01  -8.76216E-02
  0.00000E+00   3.15429E+01  -5.39381E-02
  0.00000E+00   3.14508E+01   7.14509E-02
  0.00000E+00   3.14154E+01   1.85521E-01
  0.00000E+00   3.12931E+01   2.29642E-01
  0.00000E+00   3.11272E+01   2.70882E-01
  0.00000E+00   3.12454E+01   3.25879E-01
  0.00000E+00   3.14519E+01   3.90156E-01
  0.00000E+00   3.11320E+01   4.17745E-01
  0.00000E+00   3.04177E+01   3.77397E-01
  0.00000E+00   2.96163E+01   3.23403E-01
  0.00000E+00   2.91662E+01   2.98049E-01
  0.00000E+00   2.91649E+01   3.22315E-01
  0.00000E+00   2.95891E+01   3.90183E-01
  0.00000E+00   2.95621E+01   5.00543E-01
  0.00000E+00   2.92471E+01   6.17387E-01
  0.00000E+00   2.90771E+01   7.62180E-01
  0.00000E+00   2.90206E+01   9.00407E-01
  0.00000E+00   2.87742E+01   9.77195E-01
  0.00000E+00   2.85586E+01   1.00567E+00
  0.00000E+00   2.88720E+01   1.03839E+00
  0.00000E+00   2.97123E+01   1.13190E+00
  0.00000E+00   3.05283E+01   1.30801E+00
  0.00000E+00   3.07673E+01   1.45318E+00
  0.00000E+00   3.01986E+01   1.50767E+00
  0.00000E+00   2.94657E+01   1.51083E+00
  0.00000E+00   2.90892E+01   1.52838E+00
  0.00000E+00   2.90455E+01   1.57329E+00
  0.00000E+00   2.94373E+01   1.58345E+00
  0.00000E+00   2.98968E+01   1.58201E+00
  0.00000E+00   3.01735E+01   1.58130E+00
  0.00000E+00   3.06159E+01   1.61623E+00
  0.00000E+00   3.13564E+01   1.71518E+00
  0.00000E+00   3.17684E+01   1.79619E+00
  0.00000E+00   3.16837E+01   1.79744E+00
  0.00000E+00   3.16159E+01   1.70875E+00
  0.00000E+00   3.18483E+01   1.56238E+00
  0.00000E+00   3.23860E+01   1.39357E+00
  0.00000E+00   3.30837E+01   1.27736E+00
  0.00000E+00   3.34267E+01   1.25141E+00
  0.00000E+00   3.31719E+01   1.21976E+00
  0.00000E+00   3.29498E+01   1.11586E+00
  0.00000E+00   3.32729E+01   1.01140E+00
  0.00000E+00   3.40347E+01   9.38829E-01
  0.00000E+00   3.46951E+01   9.09209E-01
  0.00000E+00   3.49587E+01   8.56881E-01
  0.00000E+00   3.50222E+01   7.77828E-01
  0.00000E+00   3.54504E+01   6.88334E-01
  0.00000E+00   3.62941E+01   6.09848E-01
  0.00000E+00   3.70151E+01   5.27646E-01
  0.00000E+00   3.73363E+01   4.28300E-01
  0.00000E+00   3.75997E+01   3.32110E-01
  0.00000E+00   3.82602E+01   2.40793E-01
  0.00000E+00   3.92429E+01   1.40211E-01
  0.00000E+00   3.98021E+01   1.96036E-02
  0.00000E+00   3.97959E+01  -9.15339E-02
  0.00000E+00   3.95942E+01  -2.22283E-01
  0.00000E+00   3.97702E+01  -3.06528E-01
  0.00000E+00   4.04435E+01  -3.24039E-01
  0.00000E+00   4.07192E+01  -2.86082E-01
  0.00000E+00   3.99195E+01  -2.25165E-01
  0.00000E+00   3.89148E+01  -2.04859E-01
  0.00000E+00   3.82441E+01  -2.57305E-01
  0.00000E+00   3.76390E+01  -3.59911E-01
  0.00000E+00   3.70101E+01  -4.43858E-01
  0.00000E+00   3.65356E+01  -5.41045E-01
  0.00000E+00   3.60024E+01  -6.72618E-01
  0.00000E+00   3.56262E+01  -8.32938E-01
  0.00000E+00   3.53172E+01  -9.12281E-01
  0.00000E+00   3.48109E+01  -9.14785E-01
  0.00000E+00   3.45876E+01  -8.84474E-01
  0.00000E+00   3.45485E+01  -8.47027E-01
  0.00000E+00   3.47032E+01  -7.12784E-01
  0.00000E+00   3.48672E+01  -5.44826E-01
  0.00000E+00   3.48943E+01  -4.20456E-01
  0.00000E+00   3.49886E+01  -3.31906E-01
  0.00000E+00   3.50473E+01  -2.18145E-01
  0.00000E+00   3.50611E+01  -7.70501E-02
  0.00000E+00   3.50483E+01   2.87152E-02
  0.00000E+00   3.49990E+01   1.13662E-01
  0.00000E+00   3.52020E+01   1.77221E-01
  0.00000E+00   3.56295E+01   2.77108E-01
  0.00000E+00   3.63893E+01   3.71450E-01
  0.00000E+00   3.71750E+01   4.16876E-01
  0.00000E+00   3.77026E+01   4.53925E-01
  0.00000E+00   3.81383E+01   4.84012E-01
  0.00000E+00   3.87083E+01   5.41070E-01
  0.00000E+00   3.95859E+01   6.35109E-01
  0.00000E+00   4.07546E+01   7.63852E-01
  0.00000E+00   4.17226E+01   8.73412E-01
  0.00000E+00   4.21983E+01   9.18683E-01
  0.00000E+00   4.23968E+01   9.29196E-01
  0.00000E+00   4.26793E+01   9.66320E-01
  0.00000E+00   4.33457E+01   1.08142E+00
  0.00000E+00   4.43593E+01   1.31973E+00
  0.00000E+00   4.53753E+01   1.64099E+00
  0.00000E+00   4.61608E+01   1.96890E+00
  0.00000E+00   4.66922E+01   2.27892E+00
  0.00000E+00   4.73009E+01   2.54593E+00
  0.00000E+00   4.81074E+01   2.77638E+00
  0.00000E+00   4.86200E+01   2.95991E+00
  0.00000E+00   4.83022E+01   3.09824E+00
  0.00000E+00   4.77231E+01   3.18335E+00
  0.00000E+00   4.74767E+01   3.23837E+00
  0.00000E+00   4.76957E+01   3.33807E+00
  0.00000E+00   4.80465E+01   3.46317E+00
  0.00000E+00   4.76529E+01   3.45390E+00
  0.00000E+00   4.67223E+01   3.39894E+00
  0.00000E+00   4.57415E+01   3.40740E+00
  0.00000E+00   4.51695E+01   3.50926E+00
  0.00000E+00   4.50888E+01   3.52869E+00
  0.00000E+00   4.54025E+01   3.45404E+00
  0.00000E+00   4.59666E+01   3.43763E+00
  0.00000E+00   4.66937E+01   3.42366E+00
  0.00000E+00   4.73225E+01   3.43235E+00
  0.00000E+00   4.77611E+01   3.41812E+00
  0.00000E+00   4.78589E+01   3.36946E+00
  0.00000E+00   4.76346E+01   3.27869E+00
  0.00000E+00   4.74231E+01   3.16850E+00
  0.00000E+00   4.76081E+01   3.06097E+00
  0.00000E+00   4.83203E+01   2.99464E+00
  0.00000E+00   4.89901E+01   2.89481E+00
  0.00000E+00   4.90431E+01   2.86819E+00
  0.00000E+00   4.88474E+01   2.88694E+00
  0.00000E+00   4.87678E+01   2.93122E+00
  0.00000E+00   4.88836E+01   3.06965E+00
  0.00000E+00   4.91958E+01   3.25448E+00
  0.00000E+00   4.95901E+01   3.38788E+00
  0.00000E+00   4.99456E+01   3.45754E+00
  0.00000E+00   5.03410E+01   3.49484E+00
  0.00000E+00   5.07157E+01   3.47221E+00
  0.00000E+00   5.08303E+01   3.39319E+00
  0.00000E+00   5.02657E+01   3.27531E+00
  0.00000E+00   4.94880E+01   3.22250E+00
  0.00000E+00   4.92036E+01   3.20386E+00
  0.00000E+00   4.93122E+01   3.25987E+00
  0.00000E+00   4.95348E+01   3.37753E+00
  0.00000E+00   4.96004E+01   3.40939E+00
  0.00000E+00   4.94481E+01   3.35506E+00
  0.00000E+00   4.94153E+01   3.38927E+00
  0.00000E+00   4.95259E+01   3.44668E+00
  0.00000E+00   4.99101E+01   3.43387E+00
  0.00000E+00   5.05893E+01   3.33490E+00
  0.00000E+00   5.14617E+01   3.30102E+00
  0.00000E+00   5.25431E+01   3.40898E+00
  0.00000E+00   5.40076E+01   3.60187E+00
  0.00000E+00   5.55582E+01   3.79277E+00
  0.00000E+00   5.59948E+01   3.93456E+00
  0.00000E+00   5.55241E+01   4.05742E+00
  0.00000E+00   5.51910E+01   4.15060E+00
  0.00000E+00   5.55888E+01   4.22804E+00
  0.00000E+00   5.62072E+01   4.19319E+00
  0.00000E+00   5.63887E+01   3.98200E+00
  0.00000E+00   5.59961E+01   3.71283E+00
  0.00000E+00   5.57721E+01   3.51309E+00
  0.00000E+00   5.63949E+01   3.43020E+00
  0.00000E+00   5.78969E+01   3.43696E+00
  0.00000E+00   5.90151E+01   3.41643E+00
  0.00000E+00   5.88163E+01   3.35891E+00
  0.00000E+00   5.84970E+01   3.30545E+00
  0.00000E+00   5.87883E+01   3.26256E+00
  0.00000E+00   5.96751E+01   3.17773E+00
  0.00000E+00   6.00859E+01   2.92669E+00
  0.00000E+00   5.98138E+01   2.58492E+00
  0.00000E+00   5.91711E+01   2.22117E+00
  0.00000E+00   5.91332E+01   2.04802E+00
  0.00000E+00   5.96277E+01   1.93758E+00
  0.00000E+00   5.94627E+01   1.69755E+00
  0.00000E+00   5.83286E+01   1.36339E+00
  0.00000E+00   5.69340E+01   1.00137E+00
  0.00000E+00   5.60568E+01   6.52345E-01
  0.00000E+00   5.56805E+01   4.09846E-01
  0.00000E+00   5.56906E+01   1.57709E-01
  0.00000E+00   5.59383E+01  -9.30991E-02
  0.00000E+00   5.61408E+01  -2.98229E-01
  0.00000E+00   5.63112E+01  -4.16608E-01
  0.00000E+00   5.63770E+01  -5.72480E-01
  0.00000E+00   5.60966E+01  -8.02586E-01
  0.00000E+00   5.55418E+01  -9.88141E-01
  0.00000E+00   5.52399E+01  -1.19321E+00
  0.00000E+00   5.54885E+01  -1.38664E+00
  0.00000E+00   5.60852E+01  -1.53729E+00
  0.00000E+00   5.66623E+01  -1.71726E+00
  0.00000E+00   5.71750E+01  -1.91274E+00
  0.00000E+00   5.77404E+01  -2.10946E+00
  0.00000E+00   5.80737E+01  -2.32283E+00
  0.00000E+00   5.83770E+01  -2.56102E+00
  0.00000E+00   5.89313E+01  -2.71899E+00
  0.00000E+00   5.96815E+01  -2.84211E+00
  0.00000E+00   6.06990E+01  -2.89043E+00
  0.00000E+00   6.18352E+01  -2.85139E+00
  0.00000E+00   6.28201E+01  -2.79208E+00
  0.00000E+00   6.34239E+01  -2.71455E+00
  0.00000E+00   6.35632E+01  -2.61592E+00
  0.00000E+00   6.31519E+01  -2.50521E+00
  0.00000E+00   6.25891E+01  -2.42415E+00
  0.00000E+00   6.22796E+01  -2.36330E+00
  0.00000E+00   6.24961E+01  -2.40639E+00
  0.00000E+00   6.32055E+01  -2.51292E+00
  0.00000E+00   6.40650E+01  -2.63348E+00
  0.00000E+00   6.48101E+01  -2.71536E+00
  0.00000E+00   6.54060E+01  -2.72122E+00
  0.00000E+00   6.58847E+01  -2.66535E+00
  0.00000E+00   6.63845E+01  -2.61674E+00
  0.00000E+00   6.67540E+01  -2.60397E+00
  0.00000E+00   6.67867E+01  -2.50401E+00
  0.00000E+00   6.68024E+01  -2.34029E+00
  0.00000E+00   6.72506E+01  -2.20183E+00
  0.00000E+00   6.81024E+01  -2.14169E+00
  0.00000E+00   6.94185E+01  -2.17302E+00
  0.00000E+00   7.04113E+01  -2.18971E+00
  0.00000E+00   7.08243E+01  -2.09954E+00
  0.00000E+00   7.12432E+01  -2.11295E+00
  0.00000E+00   7.17639E+01  -2.23978E+00
  0.00000E+00   7.25885E+01  -2.44891E+00
  0.00000E+00   7.34570E+01  -2.69477E+00
  0.00000E+00   7.42208E+01  -2.99608E+00
  0.00000E+00   7.51553E+01  -3.28364E+00
  0.00000E+00   7.64170E+01  -3.49475E+00
  0.00000E+00   7.75745E+01  -3.60065E+00
  0.00000E+00   7.81148E+01  -3.58985E+00
  0.00000E+00   7.79020E+01  -3.44499E+00
  0.00000E+00   7.76718E+01  -3.25137E+00
  0.00000E+00   7.79730E+01  -3.07666E+00
  0.00000E+00   7.89934E+01  -2.88489E+00
  0.00000E+00   7.99644E+01  -2.57270E+00
  0.00000E+00   8.10198E+01  -2.12931E+00
  0.00000E+00   8.20681E+01  -1.73879E+00
  0.00000E+00   8.27696E+01  -1.39148E+00
  0.00000E+00   8.32846E+01  -1.05694E+00
  0.00000E+00   8.35591E+01  -7.23759E-01
  0.00000E+00   8.38784E+01  -3.63396E-01
  0.00000E+00   8.43102E+01  -1.31793E-02
  0.00000E+00   8.49753E+01   2.49571E-01
  0.00000E+00   8.56692E+01   4.43639E-01
  0.00000E+00   8.61268E+01   6.88664E-01
  0.00000E+00   8.62556E+01   7.50462E-01
  0.00000E+00   8.63748E+01   7.97601E-01
  0.00000E+00   8.69050E+01   8.66584E-01
  0.00000E+00   8.74776E+01   8.85635E-01
  0.00000E+00   8.73867E+01   8.77645E-01
  0.00000E+00   8.66674E+01   7.95573E-01
  0.00000E+00   8.55885E+01   6.04023E-01
  0.00000E+00   8.48841E+01   5.02179E-01
  0.00000E+00   8.45863E+01   4.12945E-01
  0.00000E+00   8.46485E+01   3.13408E-01
  0.00000E+00   8.49498E+01   2.84064E-01
  0.00000E+00   8.48537E+01   4.01744E-01
  0.00000E+00   8.41974E+01   5.29835E-01
  0.00000E+00   8.35428E+01   5.73190E-01
  0.00000E+00   8.32719E+01   5.43543E-01
  0.00000E+00   8.34039E+01   5.86281E-01
  0.00000E+00   8.39170E+01   6.48509E-01
  0.00000E+00   8.48710E+01   7.32073E-01
  0.00000E+00   8.58983E+01   8.43525E-01
  0.00000E+00   8.65798E+01   9.89797E-01
  0.00000E+00   8.68773E+01   1.06451E+00
  0.00000E+00   8.60402E+01   1.08703E+00
  0.00000E+00   8.50879E+01   1.09363E+00
  0.00000E+00   8.46337E+01   1.20236E+00
  0.00000E+00   8.51582E+01   1.43206E+00
  0.00000E+00   8.64760E+01   1.64633E+00
  0.00000E+00   8.76766E+01   1.80584E+00
  0.00000E+00   8.86272E+01   1.81255E+00
  0.00000E+00   8.90378E+01   1.81548E+00
  0.00000E+00   8.91912E+01   1.85578E+00
  0.00000E+00   8.94961E+01   2.01327E+00
  0.00000E+00   8.99530E+01   2.27429E+00
  0.00000E+00   8.94826E+01   2.45796E+00
  0.00000E+00   8.84335E+01   2.52544E+00
  0.00000E+00   8.75320E+01   2.51900E+00
  0.00000E+00   8.75461E+01   2.57558E+00
  0.00000E+00   8.80365E+01   2.69635E+00
  0.00000E+00   8.86629E+01   2.83660E+00
  0.00000E+00   8.86508E+01   2.81429E+00
  0.00000E+00   8.81316E+01   2.66946E+00
  0.00000E+00   8.77658E+01   2.54153E+00
  0.00000E+00   8.83531E+01   2.51505E+00
  0.00000E+00   8.96191E+01   2.47597E+00
  0.00000E+00   9.08083E+01   2.42545E+00
  0.00000E+00   9.11069E+01   2.41012E+00
  0.00000E+00   9.05603E+01   2.25546E+00
  0.00000E+00   9.02492E+01   2.06674E+00
  0.00000E+00   9.09166E+01   1.90800E+00
  0.00000E+00   9.20094E+01   1.84181E+00
  0.00000E+00   9.28210E+01   1.82279E+00
  0.00000E+00   9.31617E+01   1.84808E+00
  0.00000E+00   9.31018E+01   1.92046E+00
  0.00000E+00   9.35078E+01   2.09455E+00
  0.00000E+00   9.43376E+01   2.23418E+00
  0.00000E+00   9.46885E+01   2.20081E+00
  0.00000E+00   9.44519E+01   2.15405E+00
  0.00000E+00   9.40939E+01   1.99365E+00
  0.00000E+00   9.40527E+01   1.77196E+00
  0.00000E+00   9.42822E+01   1.49250E+00
  0.00000E+00   9.48694E+01   1.17313E+00
  0.00000E+00   9.54497E+01   9.23800E-01
  0.00000E+00   9.58848E+01   7.20191E-01
  0.00000E+00   9.62948E+01   5.53650E-01
  0.00000E+00   9.64081E+01   3.75860E-01
  0.00000E+00   9.63169E+01   1.46213E-01
  0.00000E+00   9.58372E+01  -6.05118E-02
  0.00000E+00   9.55678E+01  -1.67656E-01
  0.00000E+00   9.52682E+01  -1.48008E-01
  0.00000E+00   9.53015E+01  -1.43563E-01
  0.00000E+00   9.57734E+01  -1.42459E-01
  0.00000E+00   9.62722E+01  -1.58186E-01
  0.00000E+00   9.69089E+01  -2.15407E-01
  0.00000E+00   9.74582E+01  -1.95395E-01
  0.00000E+00   9.76882E+01  -7.98362E-02
  0.00000E+00   9.81036E+01   1.26395E-01
  0.00000E+00   9.85172E+01   3.19366E-01
  0.00000E+00   9.88403E+01   4.23558E-01
  0.00000E+00   9.94091E+01   5.04001E-01
  0.00000E+00   1.00354E+02   5.35151E-01
  0.00000E+00   1.01315E+02   5.88411E-01
  0.00000E+00   1.02166E+02   6.01560E-01
  0.00000E+00   1.02978E+02   5.38319E-01
  0.00000E+00   1.03936E+02   3.49646E-01
  0.00000E+00   1.04746E+02   9.86707E-02
  0.00000E+00   1.05229E+02  -2.25010E-02
  0.00000E+00   1.05147E+02   3.85260E-03
  0.00000E+00   1.04732E+02   1.07468E-01
  0.00000E+00   1.04918E+02   2.33335E-01
  0.00000E+00   1.05780E+02   3.62720E-01
  0.00000E+00   1.06885E+02   2.87013E-01
  0.00000E+00   1.08026E+02   9.69329E-02
  0.00000E+00   1.08409E+02  -1.20948E-01
  0.00000E+00   1.07710E+02  -3.11509E-01
  0.00000E+00   1.06174E+02  -7.23120E-01
  0.00000E+00   1.05032E+02  -1.23426E+00
  0.00000E+00   1.05456E+02  -1.57531E+00
  0.00000E+00   1.06728E+02  -1.76401E+00
  0.00000E+00   1.08127E+02  -1.95883E+00
  0.00000E+00   1.09032E+02  -2.13042E+00
  0.00000E+00   1.09189E+02  -2.25283E+00
  0.00000E+00   1.08799E+02  -2.29399E+00
  0.00000E+00   1.08707E+02  -2.14962E+00
  0.00000E+00   1.09581E+02  -1.85851E+00
  0.00000E+00   1.10854E+02  -1.44561E+00
  0.00000E+00   1.11827E+02  -1.19234E+00
  0.00000E+00   1.11686E+02  -9.29276E-01
  0.00000E+00   1.10689E+02  -6.45150E-01
  0.00000E+00   1.09989E+02  -3.91494E-01
  0.00000E+00   1.11013E+02  -2.35474E-01
  0.00000E+00   1.12922E+02  -2.07583E-01
  0.00000E+00   1.14299E+02  -1.02515E-01
  0.00000E+00   1.14254E+02  -7.91383E-02
  0.00000E+00   1.13451E+02  -9.78735E-02
  0.00000E+00   1.12373E+02  -1.43976E-01
  0.00000E+00   1.11795E+02  -1.00291E-01
  0.00000E+00   1.12349E+02   1.40270E-01
  0.00000E+00   1.13199E+02   5.22730E-01
  0.00000E+00   1.13120E+02   9.26031E-01
  0.00000E+00   1.11636E+02   1.20710E+00
  0.00000E+00   1.09455E+02   1.38434E+00
  0.00000E+00   1.07622E+02   1.50400E+00
  0.00000E+00   1.07455E+02   1.51429E+00
  0.00000E+00   1.09036E+02   1.40868E+00
  0.00000E+00   1.10892E+02   1.11277E+00
  0.00000E+00   1.11222E+02   7.76994E-01
  0.00000E+00   1.10449E+02   4.48310E-01
  0.00000E+00   1.09700E+02   1.56754E-01
  0.00000E+00   1.08686E+02  -2.18702E-01
  0.00000E+00   1.08431E+02  -4.20076E-01
  0.00000E+00   1.08785E+02  -4.26521E-01
  0.00000E+00   1.09301E+02  -4.84821E-01
  0.00000E+00   1.09316E+02  -4.04980E-01
  0.00000E+00   1.09008E+02  -1.08955E-01
  0.00000E+00   1.08495E+02   7.82165E-02
  0.00000E+00   1.08117E+02   1.48632E-01
  0.00000E+00   1.08649E+02   4.11866E-02
  0.00000E+00   1.09426E+02   5.47067E-02
  0.00000E+00   1.10113E+02  -2.36444E-02
  0.00000E+00   1.10120E+02  -2.03612E-01
  0.00000E+00   1.09966E+02  -2.48803E-01
  0.00000E+00   1.09380E+02  -2.61540E-01
  0.00000E+00   1.08920E+02  -3.47446E-01
  0.00000E+00   1.08821E+02  -5.33349E-01
  0.00000E+00   1.09270E+02  -6.76644E-01
  0.00000E+00   1.09938E+02  -7.74647E-01
  0.00000E+00   1.10434E+02  -7.41812E-01
  0.00000E+00   1.10852E+02  -8.03162E-01
  0.00000E+00   1.10732E+02  -7.60707E-01
  0.00000E+00   1.10331E+02  -7.30115E-01
  0.00000E+00   1.09690E+02  -9.23050E-01
  0.00000E+00   1.09524E+02  -1.05839E+00
  0.00000E+00   1.10247E+02  -1.22463E+00
  0.00000E+00   1.11260E+02  -1.42694E+00
  0.00000E+00   1.12335E+02  -1.66481E+00
  0.00000E+00   1.13256E+02  -1.74042E+00
  0.00000E+00   1.14076E+02  -1.65203E+00
  0.00000E+00   1.14448E+02  -1.46235E+00
  0.00000E+00   1.14524E+02  -1.23684E+00
  0.00000E+00   1.14049E+02  -9.88896E-01
  0.00000E+00   1.13985E+02  -7.54311E-01
  0.00000E+00   1.14503E+02  -5.44866E-01
  0.00000E+00   1.15776E+02  -5.21797E-01
  0.00000E+00   1.16443E+02  -6.01354E-01
  0.00000E+00   1.16607E+02  -7.96537E-01
  0.00000E+00   1.15663E+02  -9.14043E-01
  0.00000E+00   1.13631E+02  -7.50827E-01
  0.00000E+00   1.10897E+02  -4.49913E-01
  0.00000E+00   1.09319E+02  -1.89533E-01
  0.00000E+00   1.08916E+02  -9.40281E-02
  0.00000E+00   1.09418E+02  -2.24626E-02
  0.00000E+00   1.09898E+02   1.95818E-01
  0.00000E+00   1.09490E+02   5.17004E-01
  0.00000E+00   1.08740E+02   7.94331E-01
  0.00000E+00   1.07845E+02   1.05846E+00
  0.00000E+00   1.07219E+02   1.27417E+00
  0.00000E+00   1.07449E+02   1.47313E+00
  0.00000E+00   1.08507E+02   1.72152E+00
  0.00000E+00   1.10090E+02   2.00260E+00
  0.00000E+00   1.11233E+02   2.25953E+00
  0.00000E+00   1.12030E+02   2.55559E+00
  0.00000E+00   1.12221E+02   2.81238E+00
  0.00000E+00   1.11758E+02   2.97054E+00
  0.00000E+00   1.11647E+02   3.02860E+00
  0.00000E+00   1.11606E+02   3.04225E+00
