  0.00000E+00   1.01512E-05   1.17467E-05
  0.00000E+00   8.45586E-06   1.25546E-05
  0.00000E+00   6.47927E-06   8.12491E-06
  0.00000E+00   5.04858E-06   4.90889E-06
  0.00000E+00   4.38586E-06   3.03267E-06
  0.00000E+00   4.11940E-06   1.96492E-06
  0.00000E+00   3.95012E-06   1.33569E-06
  0.00000E+00   3.83288E-06   9.65377E-07
  0.00000E+00   3.76743E-06   7.46495E-07
  0.00000E+00   3.70942E-06   6.15059E-07
  0.00000E+00   3.64232E-06   5.34319E-07
  0.00000E+00   3.56236E-06   4.80666E-07
  0.00000E+00   3.47283E-06   4.42616E-07
  0.00000E+00   3.38474E-06   4.13651E-07
  0.00000E+00   3.29749E-06   3.89074E-07
  0.00000E+00   3.21702E-06   3.67856E-07
  0.00000E+00   3.14029E-06   3.48534E-07
  0.00000E+00   3.06606E-06   3.30724E-07
  0.00000E+00   2.99513E-06   3.14461E-07
  0.00000E+00   2.92284E-06   2.99671E-07
  0.00000E+00   2.85258E-06   2.86147E-07
  0.00000E+00   2.78436E-06   2.73840E-07
  0.00000E+00   2.71897E-06   2.62475E-07
  0.00000E+00   2.65659E-06   2.51905E-07
  0.00000E+00   2.59785E-06   2.42519E-07
  0.00000E+00   2.54108E-06   2.34252E-07
  0.00000E+00   2.48738E-06   2.26846E-07
  0.00000E+00   2.43661E-06   2.20262E-07
  0.00000E+00   2.38825E-06   2.14148E-07
  0.00000E+00   2.34346E-06   2.08317E-07
  0.00000E+00   2.30091E-06   2.02843E-07
  0.00000E+00   2.26082E-06   1.97611E-07
  0.00000E+00   2.22352E-06   1.92601E-07
  0.00000E+00   2.18818E-06   1.87884E-07
  0.00000E+00   2.15469E-06   1.83424E-07
  0.00000E+00   2.12336E-06   1.79202E-07
  0.00000E+00   2.09377E-06   1.75291E-07
  0.00000E+00   2.06563E-06   1.71639E-07
  0.00000E+00   2.03915E-06   1.68143E-07
  0.00000E+00   2.01439E-06   1.64759E-07
  0.00000E+00   1.99101E-06   1.61510E-07
  0.00000E+00   1.96910E-06   1.58364E-07
  0.00000E+00   1.94860E-06   1.55319E-07
  0.00000E+00   1.92920E-06   1.52424E-07
  0.00000E+00   1.91081E-06   1.49693E-07
  0.00000E+00   1.89351E-06   1.47098E-07
  0.00000E+00   1.87730E-06   1.44636E-07
  0.00000E+00   1.86206E-06   1.42308E-07
  0.00000E+00   1.84782E-06   1.40084E-07
  0.00000E+00   1.83455E-06   1.37958E-07
  0.00000E+00   1.82221E-06   1.35940E-07
  0.00000E+00   1.81085E-06   1.34013E-07
  0.00000E+00   1.80039E-06   1.32181E-07
  0.00000E+00   1.79082E-06   1.30448E-07
  0.00000E+00   1.78222E-06   1.28803E-07
  0.00000E+00   1.77448E-06   1.27277E-07
  0.00000E+00   1.76758E-06   1.25875E-07
  0.00000E+00   1.76148E-06   1.24586E-07
  0.00000E+00   1.75620E-06   1.23395E-07
  0.00000E+00   1.75174E-06   1.22287E-07
  0.00000E+00   1.74807E-06   1.21258E-07
  0.00000E+00   1.74515E-06   1.20305E-07
  0.00000E+00   1.74292E-06   1.19420E-07
  0.00000E+00   1.74136E-06   1.18596E-07
  0.00000E+00   1.74044E-06   1.17827E-07
  0.00000E+00   1.74013E-06   1.17114E-07
  0.00000E+00   1.74041E-06   1.16456E-07
  0.00000E+00   1.74125E-06   1.15848E-07
  0.00000E+00   1.74261E-06   1.15287E-07
  0.00000E+00   1.74447E-06   1.14768E-07
  0.00000E+00   1.74681E-06   1.14286E-07
  0.00000E+00   1.74964E-06   1.13837E-07
  0.00000E+00   1.75290E-06   1.13422E-07
  0.00000E+00   1.75659E-06   1.13039E-07
  0.00000E+00   1.76072E-06   1.12682E-07
  0.00000E+00   1.76526E-06   1.12357E-07
  0.00000E+00   1.77018E-06   1.12060E-07
  0.00000E+00   1.77550E-06   1.11792E-07
  0.00000E+00   1.78119E-06   1.11556E-07
  0.00000E+00   1.78723E-06   1.11349E-07
  0.00000E+00   1.79362E-06   1.11169E-07
  0.00000E+00   1.80035E-06   1.11016E-07
  0.00000E+00   1.80741E-06   1.10886E-07
  0.00000E+00   1.81481E-06   1.10779E-07
  0.00000E+00   1.82252E-06   1.10697E-07
  0.00000E+00   1.83054E-06   1.10641E-07
  0.00000E+00   1.83887E-06   1.10612E-07
  0.00000E+00   1.84750E-06   1.10609E-07
  0.00000E+00   1.85642E-06   1.10634E-07
  0.00000E+00   1.86563E-06   1.10683E-07
  0.00000E+00   1.87513E-06   1.10757E-07
  0.00000E+00   1.88492E-06   1.10856E-07
  0.00000E+00   1.89499E-06   1.10982E-07
  0.00000E+00   1.90536E-06   1.11136E-07
  0.00000E+00   1.91600E-06   1.11319E-07
  0.00000E+00   1.92692E-06   1.11532E-07
  0.00000E+00   1.93811E-06   1.11775E-07
  0.00000E+00   1.94959E-06   1.12047E-07
  0.00000E+00   1.96134E-06   1.12346E-07
  0.00000E+00   1.97338E-06   1.12671E-07
  0.00000E+00   1.98569E-06   1.13022E-07
  0.00000E+00   1.99829E-06   1.13401E-07
  0.00000E+00   2.01118E-06   1.13809E-07
  0.00000E+00   2.02435E-06   1.14244E-07
  0.00000E+00   2.03780E-06   1.14708E-07
  0.00000E+00   2.05154E-06   1.15198E-07
  0.00000E+00   2.06555E-06   1.15713E-07
  0.00000E+00   2.07985E-06   1.16250E-07
  0.00000E+00   2.09444E-06   1.16810E-07
  0.00000E+00   2.10932E-06   1.17394E-07
  0.00000E+00   2.12448E-06   1.18001E-07
  0.00000E+00   2.13993E-06   1.18631E-07
  0.00000E+00   2.15568E-06   1.19284E-07
  0.00000E+00   2.17171E-06   1.19957E-07
  0.00000E+00   2.18804E-06   1.20650E-07
  0.00000E+00   2.20467E-06   1.21360E-07
  0.00000E+00   2.22159E-06   1.22087E-07
  0.00000E+00   2.23881E-06   1.22831E-07
  0.00000E+00   2.25633E-06   1.23590E-07
  0.00000E+00   2.27415E-06   1.24365E-07
  0.00000E+00   2.29228E-06   1.25155E-07
  0.00000E+00   2.31072E-06   1.25960E-07
  0.00000E+00   2.32947E-06   1.26780E-07
  0.00000E+00   2.34853E-06   1.27614E-07
  0.00000E+00   2.36790E-06   1.28464E-07
  0.00000E+00   2.38760E-06   1.29329E-07
  0.00000E+00   2.40762E-06   1.30208E-07
  0.00000E+00   2.42797E-06   1.31102E-07
  0.00000E+00   2.44864E-06   1.32009E-07
  0.00000E+00   2.46966E-06   1.32930E-07
  0.00000E+00   2.49101E-06   1.33865E-07
  0.00000E+00   2.51271E-06   1.34813E-07
  0.00000E+00   2.53475E-06   1.35774E-07
  0.00000E+00   2.55715E-06   1.36750E-07
  0.00000E+00   2.57991E-06   1.37741E-07
  0.00000E+00   2.60302E-06   1.38746E-07
  0.00000E+00   2.62649E-06   1.39767E-07
  0.00000E+00   2.65032E-06   1.40803E-07
  0.00000E+00   2.67451E-06   1.41856E-07
  0.00000E+00   2.69907E-06   1.42925E-07
  0.00000E+00   2.72400E-06   1.44010E-07
  0.00000E+00   2.74931E-06   1.45113E-07
  0.00000E+00   2.77499E-06   1.46232E-07
  0.00000E+00   2.80105E-06   1.47369E-07
  0.00000E+00   2.82751E-06   1.48523E-07
  0.00000E+00   2.85436E-06   1.49695E-07
  0.00000E+00   2.88161E-06   1.50884E-07
  0.00000E+00   2.90926E-06   1.52092E-07
  0.00000E+00   2.93732E-06   1.53319E-07
  0.00000E+00   2.96581E-06   1.54564E-07
  0.00000E+00   2.99471E-06   1.55828E-07
  0.00000E+00   3.02403E-06   1.57111E-07
  0.00000E+00   3.05378E-06   1.58414E-07
  0.00000E+00   3.08396E-06   1.59736E-07
  0.00000E+00   3.11458E-06   1.61079E-07
  0.00000E+00   3.14564E-06   1.62440E-07
  0.00000E+00   3.17714E-06   1.63822E-07
  0.00000E+00   3.20908E-06   1.65224E-07
  0.00000E+00   3.24148E-06   1.66646E-07
  0.00000E+00   3.27433E-06   1.68087E-07
  0.00000E+00   3.30765E-06   1.69549E-07
  0.00000E+00   3.34143E-06   1.71031E-07
  0.00000E+00   3.37568E-06   1.72533E-07
  0.00000E+00   3.41041E-06   1.74056E-07
  0.00000E+00   3.44562E-06   1.75599E-07
  0.00000E+00   3.48132E-06   1.77164E-07
  0.00000E+00   3.51751E-06   1.78749E-07
  0.00000E+00   3.55420E-06   1.80356E-07
  0.00000E+00   3.59139E-06   1.81985E-07
  0.00000E+00   3.62909E-06   1.83636E-07
  0.00000E+00   3.66731E-06   1.85308E-07
  0.00000E+00   3.70605E-06   1.87003E-07
  0.00000E+00   3.74532E-06   1.88720E-07
  0.00000E+00   3.78512E-06   1.90460E-07
  0.00000E+00   3.82546E-06   1.92223E-07
  0.00000E+00   3.86635E-06   1.94010E-07
  0.00000E+00   3.90779E-06   1.95820E-07
  0.00000E+00   3.94980E-06   1.97655E-07
  0.00000E+00   3.99237E-06   1.99513E-07
  0.00000E+00   4.03552E-06   2.01397E-07
  0.00000E+00   4.07925E-06   2.03305E-07
  0.00000E+00   4.12358E-06   2.05238E-07
  0.00000E+00   4.16850E-06   2.07198E-07
  0.00000E+00   4.21404E-06   2.09183E-07
  0.00000E+00   4.26019E-06   2.11195E-07
  0.00000E+00   4.30697E-06   2.13234E-07
  0.00000E+00   4.35438E-06   2.15299E-07
  0.00000E+00   4.40244E-06   2.17391E-07
  0.00000E+00   4.45115E-06   2.19511E-07
  0.00000E+00   4.50052E-06   2.21658E-07
  0.00000E+00   4.55056E-06   2.23834E-07
  0.00000E+00   4.60129E-06   2.26037E-07
  0.00000E+00   4.65270E-06   2.28268E-07
  0.00000E+00   4.70482E-06   2.30528E-07
  0.00000E+00   4.75764E-06   2.32817E-07
  0.00000E+00   4.81118E-06   2.35134E-07
  0.00000E+00   4.86544E-06   2.37480E-07
  0.00000E+00   4.92044E-06   2.39856E-07
  0.00000E+00   4.97619E-06   2.42261E-07
  0.00000E+00   5.03269E-06   2.44696E-07
  0.00000E+00   5.08995E-06   2.47162E-07
  0.00000E+00   5.14798E-06   2.49658E-07
  0.00000E+00   5.20680E-06   2.52186E-07
  0.00000E+00   5.26640E-06   2.54745E-07
  0.00000E+00   5.32681E-06   2.57338E-07
  0.00000E+00   5.38802E-06   2.59963E-07
  0.00000E+00   5.45005E-06   2.62622E-07
  0.00000E+00   5.51290E-06   2.65316E-07
  0.00000E+00   5.57659E-06   2.68045E-07
  0.00000E+00   5.64112E-06   2.70810E-07
  0.00000E+00   5.70651E-06   2.73611E-07
  0.00000E+00   5.77277E-06   2.76451E-07
  0.00000E+00   5.83990E-06   2.79328E-07
  0.00000E+00   5.90791E-06   2.82244E-07
  0.00000E+00   5.97682E-06   2.85200E-07
  0.00000E+00   6.04665E-06   2.88197E-07
  0.00000E+00   6.11739E-06   2.91235E-07
  0.00000E+00   6.18906E-06   2.94314E-07
  0.00000E+00   6.26168E-06   2.97436E-07
  0.00000E+00   6.33526E-06   3.00600E-07
  0.00000E+00   6.40981E-06   3.03808E-07
  0.00000E+00   6.48536E-06   3.07059E-07
  0.00000E+00   6.56190E-06   3.10353E-07
  0.00000E+00   6.63947E-06   3.13692E-07
  0.00000E+00   6.71806E-06   3.17074E-07
  0.00000E+00   6.79771E-06   3.20499E-07
  0.00000E+00   6.87843E-06   3.23968E-07
  0.00000E+00   6.96024E-06   3.27480E-07
  0.00000E+00   7.04314E-06   3.31035E-07
  0.00000E+00   7.12717E-06   3.34633E-07
  0.00000E+00   7.21234E-06   3.38274E-07
  0.00000E+00   7.29866E-06   3.41957E-07
  0.00000E+00   7.38615E-06   3.45682E-07
  0.00000E+00   7.47483E-06   3.49450E-07
  0.00000E+00   7.56472E-06   3.53261E-07
  0.00000E+00   7.65583E-06   3.57114E-07
  0.00000E+00   7.74818E-06   3.61010E-07
  0.00000E+00   7.84179E-06   3.64949E-07
  0.00000E+00   7.93667E-06   3.68932E-07
  0.00000E+00   8.03284E-06   3.72960E-07
  0.00000E+00   8.13031E-06   3.77033E-07
  0.00000E+00   8.22910E-06   3.81153E-07
  0.00000E+00   8.32923E-06   3.85321E-07
  0.00000E+00   8.43070E-06   3.89538E-07
  0.00000E+00   8.53354E-06   3.93807E-07
  0.00000E+00   8.63776E-06   3.98128E-07
  0.00000E+00   8.74337E-06   4.02503E-07
  0.00000E+00   8.85040E-06   4.06935E-07
  0.00000E+00   8.95886E-06   4.11425E-07
  0.00000E+00   9.06877E-06   4.15976E-07
  0.00000E+00   9.18014E-06   4.20588E-07
  0.00000E+00   9.29300E-06   4.25265E-07
  0.00000E+00   9.40736E-06   4.30007E-07
  0.00000E+00   9.52324E-06   4.34816E-07
  0.00000E+00   9.64067E-06   4.39694E-07
  0.00000E+00   9.75967E-06   4.44641E-07
  0.00000E+00   9.88025E-06   4.49660E-07
  0.00000E+00   1.00024E-05   4.54751E-07
  0.00000E+00   1.01263E-05   4.59914E-07
  0.00000E+00   1.02517E-05   4.65151E-07
  0.00000E+00   1.03789E-05   4.70462E-07
  0.00000E+00   1.05078E-05   4.75846E-07
  0.00000E+00   1.06383E-05   4.81305E-07
  0.00000E+00   1.07707E-05   4.86838E-07
  0.00000E+00   1.09048E-05   4.92444E-07
  0.00000E+00   1.10407E-05   4.98125E-07
  0.00000E+00   1.11785E-05   5.03879E-07
  0.00000E+00   1.13181E-05   5.09706E-07
  0.00000E+00   1.14595E-05   5.15607E-07
  0.00000E+00   1.16029E-05   5.21580E-07
  0.00000E+00   1.17482E-05   5.27626E-07
  0.00000E+00   1.18955E-05   5.33745E-07
  0.00000E+00   1.20448E-05   5.39937E-07
  0.00000E+00   1.21961E-05   5.46203E-07
  0.00000E+00   1.23494E-05   5.52543E-07
  0.00000E+00   1.25048E-05   5.58957E-07
  0.00000E+00   1.26623E-05   5.65447E-07
  0.00000E+00   1.28219E-05   5.72014E-07
  0.00000E+00   1.29837E-05   5.78658E-07
  0.00000E+00   1.31477E-05   5.85382E-07
  0.00000E+00   1.33139E-05   5.92186E-07
  0.00000E+00   1.34824E-05   5.99073E-07
  0.00000E+00   1.36531E-05   6.06044E-07
  0.00000E+00   1.38261E-05   6.13101E-07
  0.00000E+00   1.40015E-05   6.20247E-07
  0.00000E+00   1.41792E-05   6.27482E-07
  0.00000E+00   1.43593E-05   6.34810E-07
  0.00000E+00   1.45419E-05   6.42232E-07
  0.00000E+00   1.47269E-05   6.49750E-07
  0.00000E+00   1.49145E-05   6.57366E-07
  0.00000E+00   1.51045E-05   6.65083E-07
  0.00000E+00   1.52972E-05   6.72901E-07
  0.00000E+00   1.54924E-05   6.80823E-07
  0.00000E+00   1.56903E-05   6.88851E-07
  0.00000E+00   1.58909E-05   6.96985E-07
  0.00000E+00   1.60941E-05   7.05228E-07
  0.00000E+00   1.63002E-05   7.13581E-07
  0.00000E+00   1.65090E-05   7.22046E-07
  0.00000E+00   1.67207E-05   7.30624E-07
  0.00000E+00   1.69352E-05   7.39315E-07
  0.00000E+00   1.71527E-05   7.48122E-07
  0.00000E+00   1.73731E-05   7.57045E-07
  0.00000E+00   1.75966E-05   7.66085E-07
  0.00000E+00   1.78231E-05   7.75245E-07
  0.00000E+00   1.80527E-05   7.84524E-07
  0.00000E+00   1.82854E-05   7.93925E-07
  0.00000E+00   1.85213E-05   8.03447E-07
  0.00000E+00   1.87604E-05   8.13094E-07
  0.00000E+00   1.90028E-05   8.22865E-07
  0.00000E+00   1.92485E-05   8.32762E-07
  0.00000E+00   1.94975E-05   8.42787E-07
  0.00000E+00   1.97500E-05   8.52941E-07
  0.00000E+00   2.00058E-05   8.63225E-07
  0.00000E+00   2.02652E-05   8.73642E-07
  0.00000E+00   2.05280E-05   8.84192E-07
  0.00000E+00   2.07945E-05   8.94877E-07
  0.00000E+00   2.10645E-05   9.05700E-07
  0.00000E+00   2.13382E-05   9.16662E-07
  0.00000E+00   2.16156E-05   9.27764E-07
  0.00000E+00   2.18968E-05   9.39010E-07
  0.00000E+00   2.21818E-05   9.50399E-07
  0.00000E+00   2.24707E-05   9.61936E-07
  0.00000E+00   2.27635E-05   9.73621E-07
  0.00000E+00   2.30602E-05   9.85457E-07
  0.00000E+00   2.33610E-05   9.97446E-07
  0.00000E+00   2.36659E-05   1.00959E-06
  0.00000E+00   2.39749E-05   1.02189E-06
  0.00000E+00   2.42882E-05   1.03435E-06
  0.00000E+00   2.46057E-05   1.04697E-06
  0.00000E+00   2.49276E-05   1.05976E-06
  0.00000E+00   2.52539E-05   1.07271E-06
  0.00000E+00   2.55846E-05   1.08583E-06
  0.00000E+00   2.59199E-05   1.09913E-06
  0.00000E+00   2.62598E-05   1.11259E-06
  0.00000E+00   2.66044E-05   1.12623E-06
  0.00000E+00   2.69537E-05   1.14005E-06
  0.00000E+00   2.73077E-05   1.15406E-06
  0.00000E+00   2.76667E-05   1.16824E-06
  0.00000E+00   2.80306E-05   1.18261E-06
  0.00000E+00   2.83995E-05   1.19717E-06
  0.00000E+00   2.87734E-05   1.21192E-06
  0.00000E+00   2.91525E-05   1.22687E-06
  0.00000E+00   2.95368E-05   1.24201E-06
  0.00000E+00   2.99264E-05   1.25734E-06
  0.00000E+00   3.03213E-05   1.27288E-06
  0.00000E+00   3.07216E-05   1.28863E-06
  0.00000E+00   3.11274E-05   1.30458E-06
  0.00000E+00   3.15388E-05   1.32074E-06
  0.00000E+00   3.19558E-05   1.33711E-06
  0.00000E+00   3.23785E-05   1.35370E-06
  0.00000E+00   3.28071E-05   1.37051E-06
  0.00000E+00   3.32415E-05   1.38753E-06
  0.00000E+00   3.36818E-05   1.40478E-06
  0.00000E+00   3.41282E-05   1.42225E-06
  0.00000E+00   3.45807E-05   1.43996E-06
  0.00000E+00   3.50395E-05   1.45789E-06
  0.00000E+00   3.55045E-05   1.47607E-06
  0.00000E+00   3.59759E-05   1.49448E-06
  0.00000E+00   3.64538E-05   1.51313E-06
  0.00000E+00   3.69383E-05   1.53202E-06
  0.00000E+00   3.74294E-05   1.55117E-06
  0.00000E+00   3.79273E-05   1.57056E-06
  0.00000E+00   3.84321E-05   1.59021E-06
  0.00000E+00   3.89438E-05   1.61012E-06
  0.00000E+00   3.94625E-05   1.63029E-06
  0.00000E+00   3.99884E-05   1.65073E-06
  0.00000E+00   4.05216E-05   1.67143E-06
  0.00000E+00   4.10621E-05   1.69241E-06
  0.00000E+00   4.16100E-05   1.71367E-06
  0.00000E+00   4.21655E-05   1.73520E-06
  0.00000E+00   4.27287E-05   1.75702E-06
  0.00000E+00   4.32996E-05   1.77913E-06
  0.00000E+00   4.38785E-05   1.80153E-06
  0.00000E+00   4.44653E-05   1.82422E-06
  0.00000E+00   4.50602E-05   1.84722E-06
  0.00000E+00   4.56633E-05   1.87052E-06
  0.00000E+00   4.62747E-05   1.89413E-06
  0.00000E+00   4.68946E-05   1.91804E-06
  0.00000E+00   4.75231E-05   1.94228E-06
  0.00000E+00   4.81602E-05   1.96683E-06
  0.00000E+00   4.88061E-05   1.99171E-06
  0.00000E+00   4.94610E-05   2.01692E-06
  0.00000E+00   5.01249E-05   2.04247E-06
  0.00000E+00   5.07981E-05   2.06835E-06
  0.00000E+00   5.14805E-05   2.09457E-06
  0.00000E+00   5.21724E-05   2.12114E-06
  0.00000E+00   5.28738E-05   2.14806E-06
  0.00000E+00   5.35850E-05   2.17534E-06
  0.00000E+00   5.43060E-05   2.20298E-06
  0.00000E+00   5.50370E-05   2.23098E-06
  0.00000E+00   5.57781E-05   2.25936E-06
  0.00000E+00   5.65296E-05   2.28811E-06
  0.00000E+00   5.72914E-05   2.31724E-06
  0.00000E+00   5.80638E-05   2.34676E-06
  0.00000E+00   5.88469E-05   2.37667E-06
  0.00000E+00   5.96409E-05   2.40698E-06
  0.00000E+00   6.04459E-05   2.43769E-06
  0.00000E+00   6.12621E-05   2.46881E-06
  0.00000E+00   6.20897E-05   2.50035E-06
  0.00000E+00   6.29287E-05   2.53230E-06
  0.00000E+00   6.37794E-05   2.56467E-06
  0.00000E+00   6.46420E-05   2.59748E-06
  0.00000E+00   6.55165E-05   2.63072E-06
  0.00000E+00   6.64032E-05   2.66441E-06
  0.00000E+00   6.73022E-05   2.69854E-06
  0.00000E+00   6.82138E-05   2.73313E-06
  0.00000E+00   6.91380E-05   2.76818E-06
  0.00000E+00   7.00751E-05   2.80370E-06
  0.00000E+00   7.10253E-05   2.83969E-06
  0.00000E+00   7.19886E-05   2.87616E-06
  0.00000E+00   7.29655E-05   2.91312E-06
  0.00000E+00   7.39559E-05   2.95057E-06
  0.00000E+00   7.49601E-05   2.98852E-06
  0.00000E+00   7.59783E-05   3.02697E-06
  0.00000E+00   7.70108E-05   3.06594E-06
  0.00000E+00   7.80576E-05   3.10544E-06
  0.00000E+00   7.91190E-05   3.14545E-06
  0.00000E+00   8.01952E-05   3.18601E-06
  0.00000E+00   8.12865E-05   3.22710E-06
  0.00000E+00   8.23929E-05   3.26875E-06
  0.00000E+00   8.35149E-05   3.31095E-06
  0.00000E+00   8.46524E-05   3.35372E-06
  0.00000E+00   8.58059E-05   3.39706E-06
  0.00000E+00   8.69754E-05   3.44098E-06
  0.00000E+00   8.81613E-05   3.48549E-06
  0.00000E+00   8.93638E-05   3.53059E-06
  0.00000E+00   9.05830E-05   3.57630E-06
  0.00000E+00   9.18193E-05   3.62262E-06
  0.00000E+00   9.30729E-05   3.66956E-06
  0.00000E+00   9.43440E-05   3.71713E-06
  0.00000E+00   9.56328E-05   3.76534E-06
  0.00000E+00   9.69397E-05   3.81419E-06
  0.00000E+00   9.82648E-05   3.86370E-06
  0.00000E+00   9.96085E-05   3.91388E-06
  0.00000E+00   1.00971E-04   3.96472E-06
  0.00000E+00   1.02352E-04   4.01625E-06
  0.00000E+00   1.03753E-04   4.06847E-06
  0.00000E+00   1.05174E-04   4.12139E-06
  0.00000E+00   1.06614E-04   4.17501E-06
  0.00000E+00   1.08075E-04   4.22936E-06
  0.00000E+00   1.09555E-04   4.28444E-06
  0.00000E+00   1.11057E-04   4.34026E-06
  0.00000E+00   1.12580E-04   4.39682E-06
  0.00000E+00   1.14124E-04   4.45415E-06
  0.00000E+00   1.15689E-04   4.51225E-06
  0.00000E+00   1.17277E-04   4.57112E-06
  0.00000E+00   1.18887E-04   4.63079E-06
  0.00000E+00   1.20519E-04   4.69127E-06
  0.00000E+00   1.22174E-04   4.75255E-06
  0.00000E+00   1.23853E-04   4.81466E-06
  0.00000E+00   1.25555E-04   4.87761E-06
  0.00000E+00   1.27280E-04   4.94141E-06
  0.00000E+00   1.29030E-04   5.00606E-06
  0.00000E+00   1.30805E-04   5.07159E-06
  0.00000E+00   1.32604E-04   5.13800E-06
  0.00000E+00   1.34429E-04   5.20531E-06
  0.00000E+00   1.36279E-04   5.27353E-06
  0.00000E+00   1.38155E-04   5.34266E-06
  0.00000E+00   1.40057E-04   5.41274E-06
  0.00000E+00   1.41986E-04   5.48375E-06
  0.00000E+00   1.43942E-04   5.55573E-06
  0.00000E+00   1.45926E-04   5.62868E-06
  0.00000E+00   1.47937E-04   5.70262E-06
  0.00000E+00   1.49977E-04   5.77755E-06
  0.00000E+00   1.52045E-04   5.85350E-06
  0.00000E+00   1.54142E-04   5.93048E-06
  0.00000E+00   1.56269E-04   6.00849E-06
  0.00000E+00   1.58425E-04   6.08757E-06
  0.00000E+00   1.60612E-04   6.16771E-06
  0.00000E+00   1.62829E-04   6.24893E-06
  0.00000E+00   1.65077E-04   6.33126E-06
  0.00000E+00   1.67358E-04   6.41470E-06
  0.00000E+00   1.69670E-04   6.49927E-06
  0.00000E+00   1.72014E-04   6.58498E-06
  0.00000E+00   1.74392E-04   6.67185E-06
  0.00000E+00   1.76803E-04   6.75990E-06
  0.00000E+00   1.79247E-04   6.84914E-06
  0.00000E+00   1.81727E-04   6.93959E-06
  0.00000E+00   1.84241E-04   7.03126E-06
  0.00000E+00   1.86790E-04   7.12418E-06
  0.00000E+00   1.89375E-04   7.21835E-06
  0.00000E+00   1.91997E-04   7.31381E-06
  0.00000E+00   1.94655E-04   7.41055E-06
  0.00000E+00   1.97351E-04   7.50861E-06
  0.00000E+00   2.00085E-04   7.60800E-06
  0.00000E+00   2.02857E-04   7.70874E-06
  0.00000E+00   2.05669E-04   7.81085E-06
  0.00000E+00   2.08520E-04   7.91434E-06
  0.00000E+00   2.11411E-04   8.01924E-06
  0.00000E+00   2.14342E-04   8.12556E-06
  0.00000E+00   2.17315E-04   8.23333E-06
  0.00000E+00   2.20330E-04   8.34257E-06
  0.00000E+00   2.23388E-04   8.45329E-06
  0.00000E+00   2.26488E-04   8.56552E-06
  0.00000E+00   2.29632E-04   8.67928E-06
  0.00000E+00   2.32821E-04   8.79458E-06
  0.00000E+00   2.36054E-04   8.91146E-06
  0.00000E+00   2.39333E-04   9.02993E-06
  0.00000E+00   2.42659E-04   9.15001E-06
  0.00000E+00   2.46031E-04   9.27173E-06
  0.00000E+00   2.49450E-04   9.39511E-06
  0.00000E+00   2.52918E-04   9.52017E-06
  0.00000E+00   2.56435E-04   9.64693E-06
  0.00000E+00   2.60002E-04   9.77542E-06
  0.00000E+00   2.63619E-04   9.90567E-06
  0.00000E+00   2.67286E-04   1.00377E-05
  0.00000E+00   2.71006E-04   1.01715E-05
  0.00000E+00   2.74778E-04   1.03072E-05
  0.00000E+00   2.78604E-04   1.04447E-05
  0.00000E+00   2.82483E-04   1.05840E-05
  0.00000E+00   2.86418E-04   1.07253E-05
  0.00000E+00   2.90407E-04   1.08685E-05
  0.00000E+00   2.94454E-04   1.10137E-05
  0.00000E+00   2.98557E-04   1.11608E-05
  0.00000E+00   3.02719E-04   1.13099E-05
  0.00000E+00   3.06939E-04   1.14611E-05
  0.00000E+00   3.11219E-04   1.16144E-05
  0.00000E+00   3.15560E-04   1.17697E-05
  0.00000E+00   3.19962E-04   1.19272E-05
  0.00000E+00   3.24426E-04   1.20868E-05
  0.00000E+00   3.28954E-04   1.22486E-05
  0.00000E+00   3.33546E-04   1.24126E-05
  0.00000E+00   3.38202E-04   1.25788E-05
  0.00000E+00   3.42925E-04   1.27473E-05
  0.00000E+00   3.47715E-04   1.29182E-05
  0.00000E+00   3.52572E-04   1.30913E-05
  0.00000E+00   3.57498E-04   1.32669E-05
  0.00000E+00   3.62494E-04   1.34448E-05
  0.00000E+00   3.67561E-04   1.36252E-05
  0.00000E+00   3.72700E-04   1.38080E-05
  0.00000E+00   3.77911E-04   1.39933E-05
  0.00000E+00   3.83196E-04   1.41812E-05
  0.00000E+00   3.88556E-04   1.43717E-05
  0.00000E+00   3.93992E-04   1.45647E-05
  0.00000E+00   3.99506E-04   1.47605E-05
  0.00000E+00   4.05097E-04   1.49589E-05
  0.00000E+00   4.10768E-04   1.51600E-05
  0.00000E+00   4.16519E-04   1.53638E-05
  0.00000E+00   4.22351E-04   1.55705E-05
  0.00000E+00   4.28266E-04   1.57800E-05
  0.00000E+00   4.34266E-04   1.59924E-05
  0.00000E+00   4.40350E-04   1.62076E-05
  0.00000E+00   4.46521E-04   1.64259E-05
  0.00000E+00   4.52779E-04   1.66471E-05
  0.00000E+00   4.59126E-04   1.68714E-05
  0.00000E+00   4.65563E-04   1.70987E-05
  0.00000E+00   4.72091E-04   1.73292E-05
  0.00000E+00   4.78712E-04   1.75628E-05
  0.00000E+00   4.85427E-04   1.77996E-05
  0.00000E+00   4.92238E-04   1.80397E-05
  0.00000E+00   4.99145E-04   1.82831E-05
  0.00000E+00   5.06150E-04   1.85298E-05
  0.00000E+00   5.13255E-04   1.87799E-05
  0.00000E+00   5.20460E-04   1.90334E-05
  0.00000E+00   5.27768E-04   1.92904E-05
  0.00000E+00   5.35180E-04   1.95509E-05
  0.00000E+00   5.42697E-04   1.98150E-05
  0.00000E+00   5.50320E-04   2.00828E-05
  0.00000E+00   5.58052E-04   2.03542E-05
  0.00000E+00   5.65894E-04   2.06294E-05
  0.00000E+00   5.73847E-04   2.09083E-05
  0.00000E+00   5.81913E-04   2.11911E-05
  0.00000E+00   5.90093E-04   2.14777E-05
  0.00000E+00   5.98390E-04   2.17683E-05
  0.00000E+00   6.06804E-04   2.20629E-05
  0.00000E+00   6.15338E-04   2.23615E-05
  0.00000E+00   6.23993E-04   2.26643E-05
  0.00000E+00   6.32771E-04   2.29712E-05
  0.00000E+00   6.41674E-04   2.32824E-05
  0.00000E+00   6.50703E-04   2.35978E-05
  0.00000E+00   6.59861E-04   2.39175E-05
  0.00000E+00   6.69148E-04   2.42417E-05
  0.00000E+00   6.78568E-04   2.45703E-05
  0.00000E+00   6.88121E-04   2.49035E-05
  0.00000E+00   6.97810E-04   2.52412E-05
  0.00000E+00   7.07637E-04   2.55836E-05
  0.00000E+00   7.17603E-04   2.59308E-05
  0.00000E+00   7.27711E-04   2.62827E-05
  0.00000E+00   7.37963E-04   2.66394E-05
  0.00000E+00   7.48360E-04   2.70011E-05
  0.00000E+00   7.58905E-04   2.73677E-05
  0.00000E+00   7.69600E-04   2.77394E-05
  0.00000E+00   7.80447E-04   2.81163E-05
  0.00000E+00   7.91448E-04   2.84983E-05
  0.00000E+00   8.02605E-04   2.88856E-05
  0.00000E+00   8.13921E-04   2.92783E-05
  0.00000E+00   8.25398E-04   2.96763E-05
  0.00000E+00   8.37038E-04   3.00799E-05
  0.00000E+00   8.48843E-04   3.04890E-05
  0.00000E+00   8.60816E-04   3.09038E-05
  0.00000E+00   8.72959E-04   3.13243E-05
  0.00000E+00   8.85274E-04   3.17506E-05
  0.00000E+00   8.97765E-04   3.21829E-05
  0.00000E+00   9.10433E-04   3.26210E-05
  0.00000E+00   9.23281E-04   3.30653E-05
  0.00000E+00   9.36311E-04   3.35157E-05
  0.00000E+00   9.49527E-04   3.39723E-05
  0.00000E+00   9.62930E-04   3.44352E-05
  0.00000E+00   9.76524E-04   3.49045E-05
  0.00000E+00   9.90311E-04   3.53803E-05
  0.00000E+00   1.00429E-03   3.58627E-05
  0.00000E+00   1.01847E-03   3.63518E-05
  0.00000E+00   1.03286E-03   3.68477E-05
  0.00000E+00   1.04744E-03   3.73504E-05
  0.00000E+00   1.06224E-03   3.78600E-05
  0.00000E+00   1.07724E-03   3.83768E-05
  0.00000E+00   1.09246E-03   3.89006E-05
  0.00000E+00   1.10789E-03   3.94318E-05
  0.00000E+00   1.12354E-03   3.99703E-05
  0.00000E+00   1.13941E-03   4.05162E-05
  0.00000E+00   1.15551E-03   4.10697E-05
  0.00000E+00   1.17184E-03   4.16309E-05
  0.00000E+00   1.18840E-03   4.21999E-05
  0.00000E+00   1.20519E-03   4.27768E-05
  0.00000E+00   1.22222E-03   4.33616E-05
  0.00000E+00   1.23949E-03   4.39546E-05
  0.00000E+00   1.25701E-03   4.45558E-05
  0.00000E+00   1.27477E-03   4.51653E-05
  0.00000E+00   1.29278E-03   4.57833E-05
  0.00000E+00   1.31105E-03   4.64098E-05
  0.00000E+00   1.32958E-03   4.70451E-05
  0.00000E+00   1.34837E-03   4.76892E-05
  0.00000E+00   1.36743E-03   4.83422E-05
  0.00000E+00   1.38675E-03   4.90043E-05
  0.00000E+00   1.40635E-03   4.96756E-05
  0.00000E+00   1.42622E-03   5.03562E-05
  0.00000E+00   1.44638E-03   5.10462E-05
  0.00000E+00   1.46681E-03   5.17459E-05
  0.00000E+00   1.48754E-03   5.24553E-05
  0.00000E+00   1.50856E-03   5.31746E-05
  0.00000E+00   1.52987E-03   5.39038E-05
  0.00000E+00   1.55149E-03   5.46433E-05
  0.00000E+00   1.57340E-03   5.53930E-05
  0.00000E+00   1.59563E-03   5.61531E-05
  0.00000E+00   1.61817E-03   5.69238E-05
  0.00000E+00   1.64102E-03   5.77053E-05
  0.00000E+00   1.66420E-03   5.84977E-05
  0.00000E+00   1.68770E-03   5.93011E-05
  0.00000E+00   1.71153E-03   6.01157E-05
  0.00000E+00   1.73570E-03   6.09416E-05
  0.00000E+00   1.76020E-03   6.17791E-05
  0.00000E+00   1.78505E-03   6.26282E-05
  0.00000E+00   1.81025E-03   6.34892E-05
  0.00000E+00   1.83579E-03   6.43622E-05
  0.00000E+00   1.86170E-03   6.52474E-05
  0.00000E+00   1.88796E-03   6.61450E-05
  0.00000E+00   1.91460E-03   6.70551E-05
  0.00000E+00   1.94160E-03   6.79778E-05
  0.00000E+00   1.96898E-03   6.89135E-05
  0.00000E+00   1.99675E-03   6.98622E-05
  0.00000E+00   2.02490E-03   7.08242E-05
  0.00000E+00   2.05344E-03   7.17996E-05
  0.00000E+00   2.08237E-03   7.27886E-05
  0.00000E+00   2.11171E-03   7.37914E-05
  0.00000E+00   2.14146E-03   7.48083E-05
  0.00000E+00   2.17161E-03   7.58393E-05
  0.00000E+00   2.20219E-03   7.68847E-05
  0.00000E+00   2.23318E-03   7.79447E-05
  0.00000E+00   2.26461E-03   7.90195E-05
  0.00000E+00   2.29646E-03   8.01093E-05
  0.00000E+00   2.32875E-03   8.12142E-05
  0.00000E+00   2.36149E-03   8.23346E-05
  0.00000E+00   2.39467E-03   8.34705E-05
  0.00000E+00   2.42831E-03   8.46223E-05
  0.00000E+00   2.46241E-03   8.57902E-05
  0.00000E+00   2.49697E-03   8.69742E-05
  0.00000E+00   2.53200E-03   8.81747E-05
  0.00000E+00   2.56750E-03   8.93920E-05
  0.00000E+00   2.60348E-03   9.06261E-05
  0.00000E+00   2.63995E-03   9.18773E-05
  0.00000E+00   2.67691E-03   9.31459E-05
  0.00000E+00   2.71436E-03   9.44321E-05
  0.00000E+00   2.75231E-03   9.57361E-05
  0.00000E+00   2.79077E-03   9.70581E-05
  0.00000E+00   2.82973E-03   9.83984E-05
  0.00000E+00   2.86922E-03   9.97572E-05
  0.00000E+00   2.90922E-03   1.01135E-04
  0.00000E+00   2.94975E-03   1.02531E-04
  0.00000E+00   2.99080E-03   1.03947E-04
  0.00000E+00   3.03240E-03   1.05382E-04
  0.00000E+00   3.07453E-03   1.06837E-04
  0.00000E+00   3.11721E-03   1.08312E-04
  0.00000E+00   3.16043E-03   1.09807E-04
  0.00000E+00   3.20421E-03   1.11323E-04
  0.00000E+00   3.24855E-03   1.12859E-04
  0.00000E+00   3.29345E-03   1.14417E-04
  0.00000E+00   3.33893E-03   1.15995E-04
  0.00000E+00   3.38497E-03   1.17596E-04
  0.00000E+00   3.43159E-03   1.19218E-04
  0.00000E+00   3.47879E-03   1.20862E-04
  0.00000E+00   3.52658E-03   1.22528E-04
  0.00000E+00   3.57495E-03   1.24217E-04
  0.00000E+00   3.62392E-03   1.25929E-04
  0.00000E+00   3.67349E-03   1.27664E-04
  0.00000E+00   3.72366E-03   1.29422E-04
  0.00000E+00   3.77444E-03   1.31204E-04
  0.00000E+00   3.82583E-03   1.33010E-04
  0.00000E+00   3.87783E-03   1.34840E-04
  0.00000E+00   3.93045E-03   1.36695E-04
  0.00000E+00   3.98368E-03   1.38575E-04
  0.00000E+00   4.03754E-03   1.40480E-04
  0.00000E+00   4.09203E-03   1.42411E-04
  0.00000E+00   4.14715E-03   1.44367E-04
  0.00000E+00   4.20290E-03   1.46349E-04
  0.00000E+00   4.25928E-03   1.48358E-04
  0.00000E+00   4.31631E-03   1.50393E-04
  0.00000E+00   4.37397E-03   1.52455E-04
  0.00000E+00   4.43228E-03   1.54545E-04
  0.00000E+00   4.49123E-03   1.56662E-04
  0.00000E+00   4.55083E-03   1.58807E-04
  0.00000E+00   4.61107E-03   1.60980E-04
  0.00000E+00   4.67197E-03   1.63182E-04
  0.00000E+00   4.73351E-03   1.65413E-04
  0.00000E+00   4.79572E-03   1.67673E-04
  0.00000E+00   4.85857E-03   1.69962E-04
  0.00000E+00   4.92208E-03   1.72282E-04
  0.00000E+00   4.98625E-03   1.74631E-04
  0.00000E+00   5.05108E-03   1.77011E-04
  0.00000E+00   5.11656E-03   1.79422E-04
  0.00000E+00   5.18271E-03   1.81865E-04
  0.00000E+00   5.24952E-03   1.84338E-04
  0.00000E+00   5.31699E-03   1.86844E-04
  0.00000E+00   5.38514E-03   1.89382E-04
  0.00000E+00   5.45394E-03   1.91952E-04
  0.00000E+00   5.52342E-03   1.94556E-04
  0.00000E+00   5.59358E-03   1.97192E-04
  0.00000E+00   5.66441E-03   1.99863E-04
  0.00000E+00   5.73592E-03   2.02567E-04
  0.00000E+00   5.80811E-03   2.05306E-04
  0.00000E+00   5.88099E-03   2.08080E-04
  0.00000E+00   5.95456E-03   2.10889E-04
  0.00000E+00   6.02884E-03   2.13734E-04
  0.00000E+00   6.10382E-03   2.16614E-04
  0.00000E+00   6.17951E-03   2.19531E-04
  0.00000E+00   6.25592E-03   2.22485E-04
  0.00000E+00   6.33306E-03   2.25476E-04
  0.00000E+00   6.41094E-03   2.28504E-04
  0.00000E+00   6.48957E-03   2.31571E-04
  0.00000E+00   6.56897E-03   2.34676E-04
  0.00000E+00   6.64913E-03   2.37820E-04
  0.00000E+00   6.73009E-03   2.41003E-04
  0.00000E+00   6.81185E-03   2.44225E-04
  0.00000E+00   6.89442E-03   2.47488E-04
  0.00000E+00   6.97783E-03   2.50792E-04
  0.00000E+00   7.06210E-03   2.54137E-04
  0.00000E+00   7.14723E-03   2.57523E-04
  0.00000E+00   7.23326E-03   2.60951E-04
  0.00000E+00   7.32020E-03   2.64422E-04
  0.00000E+00   7.40807E-03   2.67936E-04
  0.00000E+00   7.49690E-03   2.71493E-04
  0.00000E+00   7.58671E-03   2.75095E-04
  0.00000E+00   7.67752E-03   2.78740E-04
  0.00000E+00   7.76937E-03   2.82431E-04
  0.00000E+00   7.86227E-03   2.86168E-04
  0.00000E+00   7.95625E-03   2.89950E-04
  0.00000E+00   8.05135E-03   2.93779E-04
  0.00000E+00   8.14758E-03   2.97656E-04
  0.00000E+00   8.24498E-03   3.01580E-04
  0.00000E+00   8.34358E-03   3.05552E-04
  0.00000E+00   8.44340E-03   3.09574E-04
  0.00000E+00   8.54447E-03   3.13644E-04
  0.00000E+00   8.64683E-03   3.17765E-04
  0.00000E+00   8.75051E-03   3.21937E-04
  0.00000E+00   8.85553E-03   3.26160E-04
  0.00000E+00   8.96192E-03   3.30435E-04
  0.00000E+00   9.06972E-03   3.34762E-04
  0.00000E+00   9.17896E-03   3.39143E-04
  0.00000E+00   9.28967E-03   3.43578E-04
  0.00000E+00   9.40187E-03   3.48067E-04
  0.00000E+00   9.51561E-03   3.52611E-04
  0.00000E+00   9.63090E-03   3.57211E-04
  0.00000E+00   9.74778E-03   3.61868E-04
  0.00000E+00   9.86628E-03   3.66582E-04
  0.00000E+00   9.98643E-03   3.71353E-04
  0.00000E+00   1.01083E-02   3.76184E-04
  0.00000E+00   1.02318E-02   3.81073E-04
  0.00000E+00   1.03571E-02   3.86023E-04
  0.00000E+00   1.04841E-02   3.91033E-04
  0.00000E+00   1.06130E-02   3.96104E-04
  0.00000E+00   1.07436E-02   4.01238E-04
  0.00000E+00   1.08762E-02   4.06434E-04
  0.00000E+00   1.10106E-02   4.11694E-04
  0.00000E+00   1.11470E-02   4.17018E-04
  0.00000E+00   1.12853E-02   4.22407E-04
  0.00000E+00   1.14255E-02   4.27862E-04
  0.00000E+00   1.15678E-02   4.33383E-04
  0.00000E+00   1.17122E-02   4.38971E-04
  0.00000E+00   1.18586E-02   4.44627E-04
  0.00000E+00   1.20071E-02   4.50352E-04
  0.00000E+00   1.21578E-02   4.56146E-04
  0.00000E+00   1.23106E-02   4.62010E-04
  0.00000E+00   1.24656E-02   4.67945E-04
  0.00000E+00   1.26229E-02   4.73952E-04
  0.00000E+00   1.27825E-02   4.80031E-04
  0.00000E+00   1.29444E-02   4.86183E-04
  0.00000E+00   1.31086E-02   4.92409E-04
  0.00000E+00   1.32752E-02   4.98710E-04
  0.00000E+00   1.34442E-02   5.05086E-04
  0.00000E+00   1.36156E-02   5.11539E-04
  0.00000E+00   1.37895E-02   5.18069E-04
