  0.00000E+00   6.46313E-03  -1.56044E-04
  0.00000E+00   9.37148E-03  -3.15582E-04
  0.00000E+00   1.38796E-02  -4.40027E-04
  0.00000E+00   1.85231E-02  -5.43569E-04
  0.00000E+00   2.35134E-02  -6.54764E-04
  0.00000E+00   2.97137E-02  -7.58952E-04
  0.00000E+00   3.78367E-02  -8.59402E-04
  0.00000E+00   4.86515E-02  -9.57771E-04
  0.00000E+00   6.30915E-02  -1.06620E-03
  0.00000E+00   8.23097E-02  -1.19854E-03
  0.00000E+00   1.07715E-01  -1.36236E-03
  0.00000E+00   1.41001E-01  -1.55857E-03
  0.00000E+00   1.84172E-01  -1.77269E-03
  0.00000E+00   2.39624E-01  -1.97932E-03
  0.00000E+00   3.10182E-01  -2.11575E-03
  0.00000E+00   3.99127E-01  -2.10176E-03
  0.00000E+00   5.10275E-01  -1.83514E-03
  0.00000E+00   6.48024E-01  -1.19846E-03
  0.00000E+00   8.17355E-01  -7.38097E-05
  0.00000E+00   1.02396E+00   1.63726E-03
  0.00000E+00   1.27427E+00   4.01044E-03
  0.00000E+00   1.57552E+00   7.04150E-03
  0.00000E+00   1.93580E+00   1.06610E-02
  0.00000E+00   2.36374E+00   1.46656E-02
  0.00000E+00   2.86862E+00   1.86938E-02
  0.00000E+00   3.45993E+00   2.22177E-02
  0.00000E+00   4.14647E+00   2.44382E-02
  0.00000E+00   4.93701E+00   2.43397E-02
  0.00000E+00   5.84031E+00   2.05284E-02
  0.00000E+00   6.86438E+00   1.16469E-02
  0.00000E+00   8.01483E+00  -2.37094E-03
  0.00000E+00   9.29480E+00  -2.19568E-02
  0.00000E+00   1.07042E+01  -4.79536E-02
  0.00000E+00   1.22361E+01  -8.07939E-02
  0.00000E+00   1.38689E+01  -1.17519E-01
  0.00000E+00   1.55616E+01  -1.45871E-01
  0.00000E+00   1.72822E+01  -1.57617E-01
  0.00000E+00   1.90223E+01  -1.56436E-01
  0.00000E+00   2.07789E+01  -1.52403E-01
  0.00000E+00   2.25192E+01  -1.41153E-01
  0.00000E+00   2.42597E+01  -1.44027E-01
  0.00000E+00   2.60228E+01  -1.80770E-01
  0.00000E+00   2.77691E+01  -1.77010E-01
  0.00000E+00   2.95647E+01  -1.54432E-01
  0.00000E+00   3.14581E+01  -1.65181E-01
  0.00000E+00   3.34044E+01  -9.48708E-02
  0.00000E+00   3.51135E+01   3.28054E-02
  0.00000E+00   3.64186E+01   1.69995E-01
  0.00000E+00   3.77346E+01   3.67315E-01
  0.00000E+00   3.95372E+01   6.12402E-01
  0.00000E+00   4.18533E+01   9.64943E-01
  0.00000E+00   4.37564E+01   1.35687E+00
  0.00000E+00   4.46930E+01   1.34950E+00
  0.00000E+00   4.50427E+01   1.14638E+00
  0.00000E+00   4.50956E+01   6.08683E-01
  0.00000E+00   4.45194E+01   1.91104E-01
  0.00000E+00   4.34273E+01  -1.74513E-03
  0.00000E+00   4.13028E+01  -6.96040E-02
  0.00000E+00   3.89972E+01  -3.71312E-01
  0.00000E+00   3.80284E+01  -5.17601E-01
  0.00000E+00   3.84407E+01  -6.54217E-01
  0.00000E+00   4.00169E+01  -7.74174E-01
  0.00000E+00   4.14036E+01  -8.51517E-01
  0.00000E+00   4.27399E+01  -8.88316E-01
  0.00000E+00   4.44506E+01  -1.03563E+00
  0.00000E+00   4.65970E+01  -1.26790E+00
  0.00000E+00   4.86524E+01  -1.49581E+00
  0.00000E+00   5.03071E+01  -1.62891E+00
  0.00000E+00   5.07943E+01  -1.67619E+00
  0.00000E+00   4.98993E+01  -1.42792E+00
  0.00000E+00   4.77843E+01  -1.14679E+00
  0.00000E+00   4.61838E+01  -9.13767E-01
  0.00000E+00   4.55333E+01  -8.34169E-01
  0.00000E+00   4.61954E+01  -9.04956E-01
  0.00000E+00   4.79417E+01  -9.86702E-01
  0.00000E+00   4.93239E+01  -1.17393E+00
  0.00000E+00   4.97902E+01  -1.29931E+00
  0.00000E+00   4.93647E+01  -1.26704E+00
  0.00000E+00   4.89379E+01  -1.11247E+00
  0.00000E+00   4.86492E+01  -8.67050E-01
  0.00000E+00   4.80657E+01  -7.69543E-01
  0.00000E+00   4.80235E+01  -6.22615E-01
  0.00000E+00   4.85579E+01  -5.12013E-01
  0.00000E+00   4.93757E+01  -5.01322E-01
  0.00000E+00   5.03353E+01  -3.38770E-01
  0.00000E+00   5.09315E+01  -3.20104E-01
  0.00000E+00   5.14167E+01  -2.50681E-01
  0.00000E+00   5.20693E+01  -1.78168E-01
  0.00000E+00   5.35008E+01  -1.46498E-01
  0.00000E+00   5.59020E+01  -1.55917E-01
  0.00000E+00   5.81073E+01  -1.34065E-01
  0.00000E+00   5.93218E+01  -5.81045E-02
  0.00000E+00   6.02953E+01  -4.09617E-02
  0.00000E+00   6.15040E+01  -5.91972E-02
  0.00000E+00   6.23070E+01  -1.70962E-01
  0.00000E+00   6.27013E+01  -3.62196E-01
  0.00000E+00   6.30167E+01  -5.83485E-01
  0.00000E+00   6.43630E+01  -7.75538E-01
  0.00000E+00   6.67526E+01  -7.36726E-01
  0.00000E+00   6.78892E+01  -6.27267E-01
  0.00000E+00   6.55983E+01  -4.78609E-01
  0.00000E+00   6.19757E+01  -2.10491E-01
  0.00000E+00   6.00070E+01  -2.12499E-02
  0.00000E+00   6.02196E+01  -6.48050E-02
  0.00000E+00   6.18776E+01  -4.85265E-02
  0.00000E+00   6.34830E+01   1.83224E-01
  0.00000E+00   6.34347E+01   6.08106E-01
  0.00000E+00   6.24234E+01   8.37876E-01
  0.00000E+00   6.21078E+01   9.09272E-01
  0.00000E+00   6.29393E+01   9.66990E-01
  0.00000E+00   6.39503E+01   8.56674E-01
  0.00000E+00   6.44459E+01   7.05039E-01
  0.00000E+00   6.44363E+01   6.39917E-01
  0.00000E+00   6.42262E+01   5.91471E-01
  0.00000E+00   6.42116E+01   5.33460E-01
  0.00000E+00   6.51888E+01   5.54669E-01
  0.00000E+00   6.61134E+01   5.66261E-01
  0.00000E+00   6.67381E+01   3.57592E-01
  0.00000E+00   6.69391E+01   1.27765E-01
  0.00000E+00   6.66822E+01  -4.91591E-02
  0.00000E+00   6.68529E+01  -1.85840E-01
  0.00000E+00   6.78060E+01  -1.63135E-01
  0.00000E+00   6.94400E+01  -8.27038E-02
  0.00000E+00   7.19314E+01   1.82698E-03
  0.00000E+00   7.38089E+01   7.83682E-02
  0.00000E+00   7.42127E+01   1.88432E-01
  0.00000E+00   7.30218E+01   2.07748E-01
  0.00000E+00   7.10884E+01   2.13315E-01
  0.00000E+00   6.97876E+01   2.73497E-01
  0.00000E+00   6.90730E+01   2.62356E-01
  0.00000E+00   6.89200E+01   2.35951E-01
  0.00000E+00   7.00878E+01  -6.16887E-02
  0.00000E+00   7.22539E+01  -2.59001E-01
  0.00000E+00   7.42572E+01  -2.93900E-01
  0.00000E+00   7.47709E+01  -2.27461E-01
  0.00000E+00   7.30863E+01  -1.85013E-01
  0.00000E+00   7.11520E+01  -2.29033E-01
  0.00000E+00   7.12328E+01  -1.61962E-01
  0.00000E+00   7.33701E+01  -1.21431E-01
  0.00000E+00   7.55865E+01  -5.89272E-02
  0.00000E+00   7.62081E+01   1.12305E-02
  0.00000E+00   7.51545E+01   1.39763E-01
  0.00000E+00   7.37987E+01   1.95912E-01
  0.00000E+00   7.29246E+01   2.87553E-01
  0.00000E+00   7.32796E+01   2.94239E-01
  0.00000E+00   7.44395E+01   2.41976E-01
  0.00000E+00   7.48870E+01   1.47612E-01
  0.00000E+00   7.41830E+01   1.28287E-02
  0.00000E+00   7.24969E+01   9.26613E-02
  0.00000E+00   7.15416E+01   1.82827E-01
  0.00000E+00   7.16878E+01   1.29057E-01
  0.00000E+00   7.28519E+01   2.39259E-01
  0.00000E+00   7.50787E+01   2.18789E-01
  0.00000E+00   7.80348E+01   2.60432E-01
  0.00000E+00   7.96404E+01   2.06151E-01
  0.00000E+00   7.90556E+01   1.83358E-01
  0.00000E+00   7.71574E+01   1.63033E-01
  0.00000E+00   7.59474E+01   2.10525E-01
  0.00000E+00   7.63782E+01   3.50818E-01
  0.00000E+00   7.83743E+01   5.00811E-01
  0.00000E+00   8.15219E+01   7.04100E-01
  0.00000E+00   8.44811E+01   7.33196E-01
  0.00000E+00   8.64652E+01   7.62672E-01
  0.00000E+00   8.80736E+01   6.87657E-01
  0.00000E+00   8.96872E+01   6.15369E-01
  0.00000E+00   9.04011E+01   6.15925E-01
  0.00000E+00   9.05053E+01   6.71993E-01
  0.00000E+00   9.03480E+01   6.37563E-01
  0.00000E+00   8.96255E+01   6.73927E-01
  0.00000E+00   8.84064E+01   7.06433E-01
  0.00000E+00   8.77565E+01   7.42417E-01
  0.00000E+00   8.84970E+01   8.05009E-01
  0.00000E+00   9.04019E+01   8.26564E-01
  0.00000E+00   9.29882E+01   8.01740E-01
  0.00000E+00   9.50374E+01   7.97857E-01
  0.00000E+00   9.60469E+01   7.12749E-01
  0.00000E+00   9.62927E+01   4.82710E-01
  0.00000E+00   9.63310E+01   2.08604E-01
  0.00000E+00   9.61282E+01  -8.08782E-02
  0.00000E+00   9.62902E+01  -3.97420E-01
  0.00000E+00   9.59241E+01  -6.54694E-01
  0.00000E+00   9.52562E+01  -9.73705E-01
  0.00000E+00   9.47900E+01  -1.19085E+00
  0.00000E+00   9.51919E+01  -1.50558E+00
  0.00000E+00   9.67134E+01  -1.71118E+00
  0.00000E+00   9.84813E+01  -2.01240E+00
  0.00000E+00   9.98712E+01  -2.11195E+00
  0.00000E+00   1.00927E+02  -2.24523E+00
  0.00000E+00   1.00425E+02  -2.32871E+00
  0.00000E+00   9.82445E+01  -2.15244E+00
  0.00000E+00   9.54809E+01  -1.94368E+00
  0.00000E+00   9.25584E+01  -1.79574E+00
  0.00000E+00   8.97178E+01  -1.73036E+00
  0.00000E+00   8.80442E+01  -1.78962E+00
  0.00000E+00   8.88608E+01  -1.82756E+00
  0.00000E+00   9.23413E+01  -2.02765E+00
  0.00000E+00   9.67898E+01  -1.92192E+00
  0.00000E+00   1.00565E+02  -1.81862E+00
  0.00000E+00   1.02154E+02  -1.70469E+00
  0.00000E+00   1.00987E+02  -1.74583E+00
  0.00000E+00   9.85592E+01  -1.84698E+00
  0.00000E+00   9.73813E+01  -1.90382E+00
  0.00000E+00   9.76791E+01  -1.82584E+00
  0.00000E+00   9.90748E+01  -1.83276E+00
  0.00000E+00   9.98756E+01  -1.99765E+00
  0.00000E+00   9.96584E+01  -2.14103E+00
  0.00000E+00   9.92539E+01  -2.06148E+00
  0.00000E+00   9.91667E+01  -2.00290E+00
  0.00000E+00   9.97590E+01  -2.06011E+00
  0.00000E+00   1.01375E+02  -2.06985E+00
  0.00000E+00   1.03021E+02  -2.05182E+00
  0.00000E+00   1.04420E+02  -2.01120E+00
  0.00000E+00   1.06341E+02  -1.83165E+00
  0.00000E+00   1.09099E+02  -1.59955E+00
  0.00000E+00   1.10594E+02  -1.35560E+00
  0.00000E+00   1.10324E+02  -9.35926E-01
  0.00000E+00   1.08999E+02  -5.90902E-01
  0.00000E+00   1.08451E+02  -2.61251E-01
  0.00000E+00   1.09191E+02   1.41801E-03
  0.00000E+00   1.08876E+02   3.75403E-01
  0.00000E+00   1.07480E+02   6.21457E-01
  0.00000E+00   1.06003E+02   7.60560E-01
  0.00000E+00   1.05353E+02   7.05036E-01
  0.00000E+00   1.04409E+02   6.90284E-01
  0.00000E+00   1.02665E+02   8.99516E-01
  0.00000E+00   9.87304E+01   1.18623E+00
  0.00000E+00   9.43989E+01   1.46604E+00
  0.00000E+00   9.18452E+01   1.81431E+00
  0.00000E+00   9.13439E+01   2.15840E+00
  0.00000E+00   9.21779E+01   2.60458E+00
  0.00000E+00   9.19401E+01   2.70718E+00
  0.00000E+00   8.92214E+01   2.82598E+00
  0.00000E+00   8.50028E+01   2.83814E+00
  0.00000E+00   8.04383E+01   2.84706E+00
  0.00000E+00   7.77459E+01   2.51954E+00
  0.00000E+00   7.68636E+01   2.38283E+00
  0.00000E+00   7.71115E+01   2.39087E+00
  0.00000E+00   7.79170E+01   2.25490E+00
  0.00000E+00   7.82550E+01   2.22815E+00
  0.00000E+00   7.73721E+01   2.08266E+00
  0.00000E+00   7.59736E+01   2.00807E+00
  0.00000E+00   7.46791E+01   2.02073E+00
  0.00000E+00   7.40615E+01   1.90255E+00
  0.00000E+00   7.40760E+01   1.97597E+00
  0.00000E+00   7.38022E+01   2.09317E+00
  0.00000E+00   7.35090E+01   2.19429E+00
  0.00000E+00   7.37213E+01   2.15483E+00
  0.00000E+00   7.34844E+01   1.94285E+00
  0.00000E+00   7.18057E+01   1.69875E+00
  0.00000E+00   6.92064E+01   1.54698E+00
  0.00000E+00   6.66382E+01   1.44406E+00
  0.00000E+00   6.44696E+01   1.45294E+00
  0.00000E+00   6.29876E+01   1.38689E+00
  0.00000E+00   6.24594E+01   1.25473E+00
  0.00000E+00   6.35037E+01   1.22623E+00
  0.00000E+00   6.53427E+01   1.06336E+00
  0.00000E+00   6.75717E+01   9.11467E-01
  0.00000E+00   6.91156E+01   6.21942E-01
  0.00000E+00   6.91414E+01   6.27737E-01
  0.00000E+00   6.85467E+01   6.37967E-01
  0.00000E+00   6.82440E+01   6.33489E-01
  0.00000E+00   6.88441E+01   5.70866E-01
  0.00000E+00   6.97743E+01   5.37743E-01
  0.00000E+00   7.04012E+01   4.21010E-01
  0.00000E+00   7.04361E+01   3.44398E-01
  0.00000E+00   7.03503E+01   2.58214E-01
  0.00000E+00   7.06044E+01   3.09353E-01
  0.00000E+00   7.10181E+01   3.93808E-01
  0.00000E+00   7.16116E+01   4.67424E-01
  0.00000E+00   7.16311E+01   4.95942E-01
  0.00000E+00   7.09296E+01   3.89131E-01
  0.00000E+00   6.99396E+01   3.04498E-01
  0.00000E+00   6.89202E+01   2.51761E-01
  0.00000E+00   6.84184E+01   1.33816E-01
  0.00000E+00   6.90620E+01   3.29514E-02
  0.00000E+00   7.06015E+01  -1.60404E-01
  0.00000E+00   7.28710E+01  -2.14583E-01
  0.00000E+00   7.54032E+01  -3.73874E-01
  0.00000E+00   7.76792E+01  -5.26017E-01
  0.00000E+00   7.96837E+01  -5.86743E-01
  0.00000E+00   8.09636E+01  -7.45872E-01
  0.00000E+00   8.19927E+01  -9.70370E-01
  0.00000E+00   8.34477E+01  -1.18158E+00
  0.00000E+00   8.54513E+01  -1.28264E+00
  0.00000E+00   8.76482E+01  -1.51804E+00
  0.00000E+00   8.99884E+01  -1.77676E+00
  0.00000E+00   9.19392E+01  -2.01856E+00
  0.00000E+00   9.35261E+01  -2.28225E+00
  0.00000E+00   9.49621E+01  -2.23058E+00
  0.00000E+00   9.63920E+01  -2.17791E+00
  0.00000E+00   9.71510E+01  -2.20522E+00
  0.00000E+00   9.77271E+01  -2.25180E+00
  0.00000E+00   9.85554E+01  -2.13289E+00
  0.00000E+00   9.97264E+01  -2.02303E+00
  0.00000E+00   1.01085E+02  -1.92219E+00
  0.00000E+00   1.03342E+02  -1.91871E+00
  0.00000E+00   1.06221E+02  -1.94243E+00
  0.00000E+00   1.09510E+02  -2.04511E+00
  0.00000E+00   1.13098E+02  -1.88962E+00
  0.00000E+00   1.15089E+02  -1.99431E+00
  0.00000E+00   1.14656E+02  -2.23084E+00
  0.00000E+00   1.13502E+02  -2.57918E+00
  0.00000E+00   1.13655E+02  -2.76769E+00
  0.00000E+00   1.14429E+02  -2.82439E+00
  0.00000E+00   1.14041E+02  -2.56734E+00
  0.00000E+00   1.13086E+02  -2.24978E+00
  0.00000E+00   1.12866E+02  -1.74114E+00
  0.00000E+00   1.13957E+02  -1.47787E+00
  0.00000E+00   1.15549E+02  -1.50992E+00
  0.00000E+00   1.17700E+02  -1.57458E+00
  0.00000E+00   1.17822E+02  -1.74469E+00
  0.00000E+00   1.15647E+02  -1.84556E+00
  0.00000E+00   1.11194E+02  -1.78908E+00
  0.00000E+00   1.04977E+02  -1.82809E+00
  0.00000E+00   9.97668E+01  -2.07156E+00
  0.00000E+00   9.62560E+01  -2.01362E+00
  0.00000E+00   9.36158E+01  -2.13240E+00
  0.00000E+00   9.16161E+01  -2.23434E+00
  0.00000E+00   9.04227E+01  -2.05165E+00
  0.00000E+00   8.97212E+01  -1.98788E+00
  0.00000E+00   8.90470E+01  -1.91134E+00
  0.00000E+00   8.82351E+01  -1.80818E+00
  0.00000E+00   8.84354E+01  -1.77553E+00
  0.00000E+00   8.94686E+01  -1.88430E+00
  0.00000E+00   9.01041E+01  -2.05824E+00
  0.00000E+00   9.02478E+01  -2.17763E+00
  0.00000E+00   9.00205E+01  -2.51056E+00
  0.00000E+00   8.96036E+01  -2.64518E+00
  0.00000E+00   9.05508E+01  -2.76645E+00
  0.00000E+00   9.16279E+01  -2.58859E+00
  0.00000E+00   9.22660E+01  -2.15380E+00
  0.00000E+00   9.28827E+01  -1.95698E+00
  0.00000E+00   9.36818E+01  -1.82799E+00
  0.00000E+00   9.52185E+01  -1.76443E+00
  0.00000E+00   9.72585E+01  -1.70980E+00
  0.00000E+00   9.99044E+01  -1.46569E+00
  0.00000E+00   1.03196E+02  -1.21111E+00
  0.00000E+00   1.06955E+02  -9.40270E-01
  0.00000E+00   1.10725E+02  -6.79529E-01
  0.00000E+00   1.14559E+02  -5.62029E-01
  0.00000E+00   1.17683E+02  -5.36486E-01
  0.00000E+00   1.20895E+02  -6.05274E-01
  0.00000E+00   1.24066E+02  -6.30864E-01
  0.00000E+00   1.27442E+02  -7.20594E-01
  0.00000E+00   1.31002E+02  -8.70782E-01
  0.00000E+00   1.34885E+02  -8.05301E-01
  0.00000E+00   1.39115E+02  -8.78119E-01
  0.00000E+00   1.42890E+02  -1.04360E+00
  0.00000E+00   1.47128E+02  -1.21870E+00
  0.00000E+00   1.51201E+02  -1.23940E+00
  0.00000E+00   1.54467E+02  -1.47464E+00
  0.00000E+00   1.56030E+02  -1.77011E+00
  0.00000E+00   1.55153E+02  -2.04747E+00
  0.00000E+00   1.53641E+02  -2.33980E+00
  0.00000E+00   1.53068E+02  -2.38983E+00
  0.00000E+00   1.54516E+02  -2.66679E+00
  0.00000E+00   1.57722E+02  -2.57527E+00
  0.00000E+00   1.57829E+02  -2.13750E+00
  0.00000E+00   1.51345E+02  -1.61172E+00
  0.00000E+00   1.41427E+02  -1.02668E+00
  0.00000E+00   1.32398E+02  -6.53209E-01
  0.00000E+00   1.25095E+02  -4.58541E-01
  0.00000E+00   1.19320E+02   1.11585E-01
  0.00000E+00   1.14812E+02   3.12314E-01
  0.00000E+00   1.12278E+02   8.73643E-01
  0.00000E+00   1.10545E+02   7.83341E-01
  0.00000E+00   1.07722E+02   9.28511E-01
  0.00000E+00   1.05441E+02   8.60058E-01
  0.00000E+00   1.01653E+02   9.15942E-01
  0.00000E+00   9.77152E+01   7.70917E-01
  0.00000E+00   9.40336E+01   8.59971E-01
  0.00000E+00   9.03415E+01   1.01925E+00
  0.00000E+00   8.99329E+01   8.62552E-01
  0.00000E+00   9.04139E+01   8.98360E-01
  0.00000E+00   9.11619E+01   9.05805E-01
  0.00000E+00   9.01041E+01   7.37274E-01
  0.00000E+00   8.85774E+01   7.93759E-01
  0.00000E+00   8.84624E+01   7.62681E-01
  0.00000E+00   8.90269E+01   6.34274E-01
  0.00000E+00   8.97098E+01   5.03788E-01
  0.00000E+00   9.05814E+01   2.89937E-01
  0.00000E+00   9.09424E+01   1.79464E-01
  0.00000E+00   9.05051E+01  -1.52108E-01
  0.00000E+00   9.06224E+01  -2.11887E-01
  0.00000E+00   9.09802E+01  -1.97456E-01
  0.00000E+00   9.24633E+01  -4.25274E-01
  0.00000E+00   9.41512E+01  -6.49118E-01
  0.00000E+00   9.53073E+01  -8.69710E-01
  0.00000E+00   9.68243E+01  -9.47176E-01
  0.00000E+00   9.82100E+01  -1.06552E+00
  0.00000E+00   1.00024E+02  -1.12383E+00
  0.00000E+00   1.02094E+02  -1.29994E+00
  0.00000E+00   1.04849E+02  -1.22085E+00
  0.00000E+00   1.08619E+02  -1.17919E+00
  0.00000E+00   1.12717E+02  -8.54160E-01
  0.00000E+00   1.15713E+02  -6.09095E-01
  0.00000E+00   1.17404E+02  -4.51846E-01
  0.00000E+00   1.18078E+02  -2.35118E-01
  0.00000E+00   1.19506E+02  -1.05541E-01
  0.00000E+00   1.21916E+02   1.29554E-01
  0.00000E+00   1.24433E+02   4.24232E-01
  0.00000E+00   1.26373E+02   6.51627E-01
  0.00000E+00   1.28099E+02   9.13933E-01
  0.00000E+00   1.30299E+02   1.18292E+00
  0.00000E+00   1.34002E+02   1.48076E+00
  0.00000E+00   1.38052E+02   1.86998E+00
  0.00000E+00   1.39793E+02   2.48936E+00
  0.00000E+00   1.40199E+02   3.12868E+00
  0.00000E+00   1.41153E+02   3.67999E+00
  0.00000E+00   1.41953E+02   4.24935E+00
  0.00000E+00   1.41476E+02   4.51288E+00
  0.00000E+00   1.40828E+02   4.65095E+00
  0.00000E+00   1.40024E+02   4.89172E+00
  0.00000E+00   1.39366E+02   5.05950E+00
  0.00000E+00   1.39052E+02   5.18506E+00
  0.00000E+00   1.39146E+02   5.39125E+00
  0.00000E+00   1.39708E+02   5.51732E+00
  0.00000E+00   1.40480E+02   5.30233E+00
  0.00000E+00   1.40889E+02   5.21704E+00
  0.00000E+00   1.40043E+02   5.01443E+00
  0.00000E+00   1.38815E+02   4.59018E+00
  0.00000E+00   1.37137E+02   4.38510E+00
  0.00000E+00   1.36119E+02   4.03756E+00
  0.00000E+00   1.37265E+02   3.85851E+00
  0.00000E+00   1.37880E+02   3.82973E+00
  0.00000E+00   1.38927E+02   3.75984E+00
  0.00000E+00   1.39667E+02   3.78244E+00
  0.00000E+00   1.39756E+02   3.60111E+00
  0.00000E+00   1.38700E+02   3.33202E+00
  0.00000E+00   1.37133E+02   3.09997E+00
  0.00000E+00   1.35729E+02   2.87118E+00
  0.00000E+00   1.35046E+02   2.75953E+00
  0.00000E+00   1.35542E+02   2.56978E+00
  0.00000E+00   1.37441E+02   2.35746E+00
  0.00000E+00   1.38767E+02   2.28289E+00
  0.00000E+00   1.39252E+02   2.33554E+00
  0.00000E+00   1.39135E+02   2.25718E+00
  0.00000E+00   1.39174E+02   2.33616E+00
  0.00000E+00   1.37420E+02   2.27704E+00
  0.00000E+00   1.34887E+02   2.17558E+00
  0.00000E+00   1.33067E+02   2.20713E+00
  0.00000E+00   1.32842E+02   2.27337E+00
  0.00000E+00   1.34405E+02   2.44947E+00
  0.00000E+00   1.35966E+02   2.44793E+00
  0.00000E+00   1.38126E+02   2.50144E+00
  0.00000E+00   1.40296E+02   2.36178E+00
  0.00000E+00   1.41569E+02   2.52198E+00
  0.00000E+00   1.42985E+02   2.49982E+00
  0.00000E+00   1.44493E+02   2.53288E+00
  0.00000E+00   1.45837E+02   2.70625E+00
  0.00000E+00   1.46434E+02   2.62836E+00
  0.00000E+00   1.46598E+02   2.55676E+00
  0.00000E+00   1.47525E+02   2.40299E+00
  0.00000E+00   1.48395E+02   2.35004E+00
  0.00000E+00   1.49149E+02   2.15874E+00
  0.00000E+00   1.49718E+02   1.93448E+00
  0.00000E+00   1.49306E+02   1.71730E+00
  0.00000E+00   1.48198E+02   1.64151E+00
  0.00000E+00   1.46056E+02   1.48343E+00
  0.00000E+00   1.44275E+02   1.20054E+00
  0.00000E+00   1.45002E+02   8.36823E-01
  0.00000E+00   1.47760E+02   3.26151E-01
  0.00000E+00   1.49998E+02   3.75952E-02
  0.00000E+00   1.50547E+02  -1.70040E-01
  0.00000E+00   1.50874E+02  -5.40039E-01
  0.00000E+00   1.51531E+02  -7.42307E-01
  0.00000E+00   1.51808E+02  -9.63785E-01
  0.00000E+00   1.52097E+02  -1.22649E+00
  0.00000E+00   1.52097E+02  -1.55958E+00
  0.00000E+00   1.52380E+02  -1.82553E+00
  0.00000E+00   1.52090E+02  -1.99511E+00
  0.00000E+00   1.51609E+02  -2.37992E+00
  0.00000E+00   1.50570E+02  -2.37824E+00
  0.00000E+00   1.49954E+02  -2.50984E+00
  0.00000E+00   1.49059E+02  -2.63906E+00
  0.00000E+00   1.48428E+02  -2.92176E+00
  0.00000E+00   1.47203E+02  -3.23190E+00
  0.00000E+00   1.45241E+02  -3.32038E+00
  0.00000E+00   1.45168E+02  -3.77959E+00
  0.00000E+00   1.44853E+02  -4.14580E+00
  0.00000E+00   1.44076E+02  -4.23659E+00
  0.00000E+00   1.44210E+02  -4.94001E+00
  0.00000E+00   1.43660E+02  -5.17744E+00
  0.00000E+00   1.43257E+02  -5.06585E+00
  0.00000E+00   1.42802E+02  -4.76954E+00
  0.00000E+00   1.42985E+02  -4.45591E+00
  0.00000E+00   1.42673E+02  -3.98119E+00
  0.00000E+00   1.42213E+02  -3.54197E+00
  0.00000E+00   1.40539E+02  -3.33029E+00
  0.00000E+00   1.38270E+02  -3.26443E+00
  0.00000E+00   1.35428E+02  -3.06762E+00
  0.00000E+00   1.32257E+02  -3.33267E+00
  0.00000E+00   1.30014E+02  -2.96893E+00
  0.00000E+00   1.29651E+02  -2.79087E+00
  0.00000E+00   1.29761E+02  -2.54408E+00
  0.00000E+00   1.29942E+02  -2.40355E+00
  0.00000E+00   1.29883E+02  -2.73600E+00
  0.00000E+00   1.28280E+02  -3.12715E+00
  0.00000E+00   1.25667E+02  -3.32925E+00
  0.00000E+00   1.24430E+02  -3.65015E+00
  0.00000E+00   1.24907E+02  -3.85527E+00
  0.00000E+00   1.25079E+02  -3.93854E+00
  0.00000E+00   1.24619E+02  -3.94861E+00
  0.00000E+00   1.23441E+02  -4.06355E+00
  0.00000E+00   1.21587E+02  -4.24547E+00
  0.00000E+00   1.19393E+02  -4.33169E+00
  0.00000E+00   1.16467E+02  -4.58762E+00
  0.00000E+00   1.13473E+02  -4.93875E+00
  0.00000E+00   1.11372E+02  -5.17970E+00
  0.00000E+00   1.10090E+02  -5.52092E+00
  0.00000E+00   1.08652E+02  -5.81342E+00
  0.00000E+00   1.07235E+02  -5.82857E+00
  0.00000E+00   1.06043E+02  -5.79531E+00
  0.00000E+00   1.03915E+02  -5.50980E+00
  0.00000E+00   1.01446E+02  -5.23376E+00
  0.00000E+00   9.96713E+01  -5.05321E+00
  0.00000E+00   9.81510E+01  -5.20680E+00
  0.00000E+00   9.67856E+01  -5.25714E+00
  0.00000E+00   9.53699E+01  -5.26376E+00
  0.00000E+00   9.39462E+01  -5.25281E+00
  0.00000E+00   9.20019E+01  -5.31952E+00
  0.00000E+00   9.05666E+01  -5.40411E+00
  0.00000E+00   8.96865E+01  -5.59686E+00
  0.00000E+00   8.88532E+01  -5.71437E+00
  0.00000E+00   8.79895E+01  -5.63690E+00
  0.00000E+00   8.73196E+01  -5.54647E+00
  0.00000E+00   8.65684E+01  -5.75631E+00
  0.00000E+00   8.59413E+01  -5.93799E+00
  0.00000E+00   8.50439E+01  -6.12300E+00
  0.00000E+00   8.35599E+01  -6.06908E+00
  0.00000E+00   8.19030E+01  -6.16438E+00
  0.00000E+00   8.05599E+01  -6.33797E+00
  0.00000E+00   7.93207E+01  -6.19695E+00
  0.00000E+00   7.76456E+01  -6.02333E+00
  0.00000E+00   7.57245E+01  -5.72927E+00
  0.00000E+00   7.39199E+01  -5.22860E+00
  0.00000E+00   7.21279E+01  -4.79863E+00
  0.00000E+00   7.01868E+01  -4.58906E+00
  0.00000E+00   6.82651E+01  -4.19730E+00
  0.00000E+00   6.67657E+01  -3.72194E+00
  0.00000E+00   6.60114E+01  -3.35523E+00
  0.00000E+00   6.54432E+01  -3.01752E+00
  0.00000E+00   6.48063E+01  -2.62510E+00
  0.00000E+00   6.36768E+01  -2.42504E+00
  0.00000E+00   6.27987E+01  -2.41294E+00
  0.00000E+00   6.26297E+01  -2.22016E+00
  0.00000E+00   6.29045E+01  -2.17673E+00
  0.00000E+00   6.33515E+01  -1.95839E+00
  0.00000E+00   6.38221E+01  -1.70448E+00
  0.00000E+00   6.38509E+01  -1.59488E+00
  0.00000E+00   6.35429E+01  -1.57156E+00
  0.00000E+00   6.38830E+01  -1.67229E+00
  0.00000E+00   6.49629E+01  -1.80920E+00
  0.00000E+00   6.55525E+01  -1.66835E+00
  0.00000E+00   6.53330E+01  -1.42072E+00
  0.00000E+00   6.52658E+01  -1.30524E+00
  0.00000E+00   6.57103E+01  -1.05557E+00
  0.00000E+00   6.64599E+01  -8.71548E-01
  0.00000E+00   6.68729E+01  -6.92033E-01
  0.00000E+00   6.69359E+01  -6.43361E-01
  0.00000E+00   6.69743E+01  -5.92802E-01
  0.00000E+00   6.74255E+01  -5.65435E-01
  0.00000E+00   6.77803E+01  -5.72277E-01
  0.00000E+00   6.80430E+01  -5.45190E-01
  0.00000E+00   6.85065E+01  -1.80732E-01
  0.00000E+00   6.96914E+01   1.73727E-01
  0.00000E+00   7.06026E+01   3.79664E-01
  0.00000E+00   7.08401E+01   2.92408E-01
  0.00000E+00   7.01101E+01   2.85912E-01
  0.00000E+00   6.95743E+01   2.39051E-01
  0.00000E+00   6.94907E+01   5.56203E-01
  0.00000E+00   6.97327E+01   7.79591E-01
  0.00000E+00   6.93038E+01   8.36605E-01
  0.00000E+00   6.89569E+01   8.83705E-01
  0.00000E+00   6.88092E+01   1.00707E+00
  0.00000E+00   6.82193E+01   1.10006E+00
  0.00000E+00   6.69967E+01   1.12405E+00
  0.00000E+00   6.56601E+01   1.21823E+00
  0.00000E+00   6.49438E+01   1.12976E+00
  0.00000E+00   6.47705E+01   9.44086E-01
  0.00000E+00   6.48128E+01   9.23706E-01
  0.00000E+00   6.46301E+01   1.13950E+00
  0.00000E+00   6.40372E+01   1.30581E+00
  0.00000E+00   6.30927E+01   1.25480E+00
  0.00000E+00   6.24931E+01   1.11750E+00
  0.00000E+00   6.20904E+01   9.05265E-01
  0.00000E+00   6.20914E+01   5.66760E-01
  0.00000E+00   6.20890E+01   1.95116E-01
  0.00000E+00   6.17206E+01   4.04844E-02
  0.00000E+00   6.15272E+01   1.11755E-01
  0.00000E+00   6.16036E+01   1.21488E-01
  0.00000E+00   6.19041E+01   6.11385E-02
  0.00000E+00   6.17716E+01  -1.29047E-01
  0.00000E+00   6.20076E+01  -2.49474E-01
  0.00000E+00   6.31053E+01  -2.46939E-01
  0.00000E+00   6.41959E+01  -7.59321E-02
  0.00000E+00   6.45226E+01  -3.27617E-03
  0.00000E+00   6.46475E+01  -2.81414E-02
  0.00000E+00   6.47827E+01  -6.21484E-02
  0.00000E+00   6.52120E+01  -7.34226E-02
  0.00000E+00   6.58189E+01  -9.82547E-02
  0.00000E+00   6.65947E+01  -1.11383E-01
  0.00000E+00   6.75310E+01  -2.28432E-01
  0.00000E+00   6.94827E+01  -2.83348E-01
  0.00000E+00   7.18520E+01  -3.40280E-01
  0.00000E+00   7.35606E+01  -2.55275E-01
  0.00000E+00   7.44704E+01  -1.97186E-02
  0.00000E+00   7.55063E+01   1.14374E-01
  0.00000E+00   7.70157E+01   1.15548E-01
  0.00000E+00   7.81545E+01   1.02287E-01
  0.00000E+00   7.83643E+01   1.10524E-01
  0.00000E+00   7.87904E+01   5.55880E-02
  0.00000E+00   7.97222E+01   2.33770E-02
  0.00000E+00   8.08935E+01   2.06158E-01
  0.00000E+00   8.23967E+01   5.44862E-01
  0.00000E+00   8.40982E+01   5.56303E-01
  0.00000E+00   8.61485E+01   4.91356E-01
  0.00000E+00   8.87785E+01   4.21351E-01
  0.00000E+00   9.13493E+01   4.01771E-01
  0.00000E+00   9.27301E+01   3.82352E-01
  0.00000E+00   9.21524E+01   3.77873E-01
  0.00000E+00   9.04471E+01   2.22144E-01
  0.00000E+00   8.91867E+01   8.35574E-02
  0.00000E+00   8.98344E+01  -2.49136E-02
  0.00000E+00   9.18632E+01  -2.14581E-01
  0.00000E+00   9.37117E+01  -3.72302E-01
  0.00000E+00   9.41180E+01  -5.43834E-01
  0.00000E+00   9.37860E+01  -6.89502E-01
  0.00000E+00   9.30730E+01  -6.84982E-01
  0.00000E+00   9.25820E+01  -8.15639E-01
  0.00000E+00   9.31604E+01  -1.25048E+00
  0.00000E+00   9.45760E+01  -1.56638E+00
  0.00000E+00   9.70194E+01  -1.71789E+00
  0.00000E+00   9.78622E+01  -1.59125E+00
  0.00000E+00   9.65263E+01  -1.52978E+00
  0.00000E+00   9.38056E+01  -1.27021E+00
  0.00000E+00   9.04646E+01  -9.16871E-01
  0.00000E+00   8.83418E+01  -5.71998E-01
  0.00000E+00   8.88352E+01  -3.01142E-01
  0.00000E+00   9.13168E+01  -6.41119E-02
  0.00000E+00   9.40744E+01   2.89387E-02
  0.00000E+00   9.60014E+01   2.06485E-01
  0.00000E+00   9.57075E+01   4.00926E-01
  0.00000E+00   9.34771E+01   7.01054E-01
  0.00000E+00   9.04108E+01   8.39012E-01
  0.00000E+00   8.78324E+01   7.37336E-01
  0.00000E+00   8.70633E+01   5.88279E-01
  0.00000E+00   8.86549E+01   3.51241E-01
  0.00000E+00   9.03029E+01   7.03523E-02
  0.00000E+00   9.02145E+01  -1.15728E-01
  0.00000E+00   8.85352E+01  -1.57381E-01
  0.00000E+00   8.68039E+01  -3.48109E-01
  0.00000E+00   8.64979E+01  -4.38782E-01
  0.00000E+00   8.75928E+01  -6.37349E-01
  0.00000E+00   8.99728E+01  -7.27087E-01
  0.00000E+00   9.37386E+01  -8.69955E-01
  0.00000E+00   9.82008E+01  -1.18497E+00
  0.00000E+00   1.02266E+02  -1.35819E+00
  0.00000E+00   1.04425E+02  -1.57482E+00
  0.00000E+00   1.05600E+02  -1.71989E+00
  0.00000E+00   1.06693E+02  -1.89274E+00
  0.00000E+00   1.08267E+02  -2.12162E+00
  0.00000E+00   1.09311E+02  -2.31121E+00
  0.00000E+00   1.10058E+02  -2.47542E+00
  0.00000E+00   1.10932E+02  -2.40336E+00
  0.00000E+00   1.12969E+02  -2.08553E+00
  0.00000E+00   1.17216E+02  -1.81235E+00
  0.00000E+00   1.23541E+02  -1.79602E+00
  0.00000E+00   1.29259E+02  -1.93933E+00
  0.00000E+00   1.33969E+02  -2.19265E+00
  0.00000E+00   1.37470E+02  -2.30605E+00
  0.00000E+00   1.40012E+02  -2.23921E+00
  0.00000E+00   1.42158E+02  -2.16316E+00
  0.00000E+00   1.44792E+02  -2.05236E+00
  0.00000E+00   1.46648E+02  -1.98882E+00
  0.00000E+00   1.47630E+02  -1.96186E+00
  0.00000E+00   1.46891E+02  -2.06168E+00
  0.00000E+00   1.45998E+02  -2.19322E+00
  0.00000E+00   1.45022E+02  -2.36662E+00
  0.00000E+00   1.43600E+02  -2.45470E+00
  0.00000E+00   1.42402E+02  -2.26740E+00
  0.00000E+00   1.40442E+02  -1.54636E+00
  0.00000E+00   1.36613E+02  -1.20800E+00
  0.00000E+00   1.32112E+02  -1.14227E+00
  0.00000E+00   1.29203E+02  -1.15997E+00
  0.00000E+00   1.25620E+02  -1.16572E+00
  0.00000E+00   1.21294E+02  -1.12713E+00
  0.00000E+00   1.19183E+02  -1.09147E+00
  0.00000E+00   1.17419E+02  -1.45571E+00
  0.00000E+00   1.16511E+02  -1.53204E+00
  0.00000E+00   1.14523E+02  -1.63413E+00
  0.00000E+00   1.10632E+02  -1.77404E+00
  0.00000E+00   1.07263E+02  -1.49323E+00
  0.00000E+00   1.04756E+02  -1.19512E+00
  0.00000E+00   1.02652E+02  -1.38942E+00
  0.00000E+00   1.01669E+02  -1.43964E+00
  0.00000E+00   1.01835E+02  -1.46007E+00
  0.00000E+00   1.01246E+02  -1.54408E+00
  0.00000E+00   1.01081E+02  -1.84675E+00
  0.00000E+00   1.01164E+02  -2.02491E+00
  0.00000E+00   1.01459E+02  -2.07453E+00
  0.00000E+00   1.01423E+02  -2.01965E+00
  0.00000E+00   1.01144E+02  -2.03828E+00
  0.00000E+00   1.01416E+02  -2.45542E+00
  0.00000E+00   1.02694E+02  -2.52489E+00
  0.00000E+00   1.04537E+02  -2.46232E+00
  0.00000E+00   1.05027E+02  -2.41002E+00
  0.00000E+00   1.05023E+02  -2.09221E+00
  0.00000E+00   1.06051E+02  -2.05126E+00
  0.00000E+00   1.07952E+02  -1.98180E+00
  0.00000E+00   1.08685E+02  -1.96474E+00
  0.00000E+00   1.08864E+02  -1.86998E+00
  0.00000E+00   1.08907E+02  -1.84269E+00
  0.00000E+00   1.09516E+02  -1.93584E+00
  0.00000E+00   1.10304E+02  -1.87369E+00
  0.00000E+00   1.11255E+02  -1.75065E+00
  0.00000E+00   1.11974E+02  -1.57249E+00
  0.00000E+00   1.12621E+02  -1.45166E+00
  0.00000E+00   1.13411E+02  -1.35678E+00
  0.00000E+00   1.14453E+02  -1.24635E+00
  0.00000E+00   1.15242E+02  -9.11995E-01
  0.00000E+00   1.16345E+02  -8.64719E-01
  0.00000E+00   1.17789E+02  -9.21997E-01
  0.00000E+00   1.19095E+02  -9.61921E-01
  0.00000E+00   1.20327E+02  -1.07102E+00
  0.00000E+00   1.21443E+02  -9.42361E-01
  0.00000E+00   1.22696E+02  -1.12152E+00
  0.00000E+00   1.24059E+02  -1.20342E+00
  0.00000E+00   1.26945E+02  -1.44827E+00
  0.00000E+00   1.30606E+02  -1.81663E+00
  0.00000E+00   1.33699E+02  -2.18657E+00
  0.00000E+00   1.36551E+02  -2.33115E+00
  0.00000E+00   1.39268E+02  -2.48534E+00
  0.00000E+00   1.41021E+02  -2.59083E+00
  0.00000E+00   1.41105E+02  -2.67542E+00
  0.00000E+00   1.40543E+02  -2.64792E+00
  0.00000E+00   1.40028E+02  -2.79802E+00
  0.00000E+00   1.39709E+02  -2.89505E+00
  0.00000E+00   1.39531E+02  -2.88101E+00
  0.00000E+00   1.39668E+02  -2.94380E+00
  0.00000E+00   1.39468E+02  -3.02176E+00
  0.00000E+00   1.37483E+02  -2.81576E+00
  0.00000E+00   1.36242E+02  -2.78297E+00
  0.00000E+00   1.35287E+02  -2.42751E+00
  0.00000E+00   1.33461E+02  -2.17538E+00
  0.00000E+00   1.30617E+02  -1.78819E+00
  0.00000E+00   1.26381E+02  -1.82642E+00
  0.00000E+00   1.21960E+02  -1.94465E+00
  0.00000E+00   1.19097E+02  -2.12931E+00
  0.00000E+00   1.17207E+02  -2.31177E+00
  0.00000E+00   1.17763E+02  -2.23627E+00
  0.00000E+00   1.19351E+02  -2.05538E+00
  0.00000E+00   1.18303E+02  -1.80211E+00
  0.00000E+00   1.15544E+02  -1.47438E+00
  0.00000E+00   1.11403E+02  -9.59094E-01
  0.00000E+00   1.06201E+02  -3.75424E-01
  0.00000E+00   1.02046E+02  -5.51951E-03
  0.00000E+00   9.88483E+01   3.00635E-01
  0.00000E+00   9.73765E+01   2.71988E-01
  0.00000E+00   9.67211E+01   5.75104E-01
  0.00000E+00   9.50153E+01   7.32965E-01
  0.00000E+00   9.31965E+01   6.43799E-01
  0.00000E+00   9.19136E+01   3.62835E-01
  0.00000E+00   8.99400E+01   7.19932E-02
  0.00000E+00   8.81303E+01  -2.27751E-02
  0.00000E+00   8.79567E+01  -1.57181E-01
  0.00000E+00   8.96892E+01  -1.16720E-01
  0.00000E+00   9.10555E+01   5.83776E-03
  0.00000E+00   9.20971E+01   9.62971E-02
  0.00000E+00   9.30184E+01   2.72687E-01
  0.00000E+00   9.33356E+01   5.77865E-01
  0.00000E+00   9.37835E+01   7.70848E-01
  0.00000E+00   9.38216E+01   7.79182E-01
  0.00000E+00   9.37561E+01   7.72484E-01
  0.00000E+00   9.39525E+01   7.25272E-01
  0.00000E+00   9.58660E+01   7.78761E-01
  0.00000E+00   9.78588E+01   7.73903E-01
  0.00000E+00   9.88809E+01   8.47253E-01
  0.00000E+00   9.93165E+01   1.02298E+00
  0.00000E+00   1.00396E+02   8.33955E-01
  0.00000E+00   1.02370E+02   6.19434E-01
  0.00000E+00   1.02991E+02   2.97889E-01
  0.00000E+00   1.02182E+02  -1.23134E-01
  0.00000E+00   1.01290E+02  -3.95574E-01
  0.00000E+00   1.00651E+02  -5.55165E-01
  0.00000E+00   1.00365E+02  -6.05679E-01
  0.00000E+00   1.00527E+02  -5.87764E-01
  0.00000E+00   1.01060E+02  -5.33921E-01
  0.00000E+00   1.01903E+02  -5.76840E-01
  0.00000E+00   1.03150E+02  -4.09244E-01
  0.00000E+00   1.03973E+02  -1.64703E-01
  0.00000E+00   1.02902E+02   1.68977E-01
  0.00000E+00   1.01909E+02   5.38991E-01
  0.00000E+00   1.01878E+02   9.90418E-01
  0.00000E+00   1.02507E+02   1.20347E+00
  0.00000E+00   1.03581E+02   1.23214E+00
  0.00000E+00   1.04578E+02   1.06366E+00
  0.00000E+00   1.04990E+02   1.24460E+00
  0.00000E+00   1.04967E+02   1.40873E+00
  0.00000E+00   1.04895E+02   1.38612E+00
