  0.00000E+00   1.12716E-03   5.86896E-05
  0.00000E+00   7.72264E-04  -1.22426E-05
  0.00000E+00   4.42062E-04  -2.66078E-05
  0.00000E+00   3.19140E-04   1.28729E-05
  0.00000E+00   3.05421E-04  -3.59939E-05
  0.00000E+00   2.47839E-04  -3.02906E-05
  0.00000E+00   2.75297E-04  -3.29778E-05
  0.00000E+00   3.70225E-04  -2.64717E-05
  0.00000E+00   4.20981E-04  -1.41403E-05
  0.00000E+00   4.48510E-04  -3.77097E-06
  0.00000E+00   4.64739E-04  -4.60545E-07
  0.00000E+00   4.91484E-04  -4.67695E-07
  0.00000E+00   5.37251E-04  -5.66713E-06
  0.00000E+00   5.82075E-04  -6.34147E-06
  0.00000E+00   6.31127E-04  -1.20056E-06
  0.00000E+00   6.67659E-04   4.17521E-06
  0.00000E+00   7.08097E-04   5.87262E-06
  0.00000E+00   7.58043E-04   4.89712E-06
  0.00000E+00   8.14610E-04   3.05085E-06
  0.00000E+00   8.74408E-04   1.96079E-06
  0.00000E+00   9.36715E-04   1.23387E-06
  0.00000E+00   1.00505E-03   1.37727E-06
  0.00000E+00   1.08020E-03   2.84030E-06
  0.00000E+00   1.16124E-03   4.52351E-06
  0.00000E+00   1.24990E-03   5.42824E-06
  0.00000E+00   1.34489E-03   5.70187E-06
  0.00000E+00   1.44454E-03   5.99865E-06
  0.00000E+00   1.54847E-03   6.82318E-06
  0.00000E+00   1.65968E-03   7.90401E-06
  0.00000E+00   1.78192E-03   9.13864E-06
  0.00000E+00   1.91489E-03   1.06194E-05
  0.00000E+00   2.05792E-03   1.22388E-05
  0.00000E+00   2.21199E-03   1.39763E-05
  0.00000E+00   2.38004E-03   1.58251E-05
  0.00000E+00   2.56480E-03   1.79481E-05
  0.00000E+00   2.76614E-03   2.05433E-05
  0.00000E+00   2.98337E-03   2.35316E-05
  0.00000E+00   3.21786E-03   2.67174E-05
  0.00000E+00   3.47199E-03   3.01055E-05
  0.00000E+00   3.74771E-03   3.38603E-05
  0.00000E+00   4.04631E-03   3.80561E-05
  0.00000E+00   4.36952E-03   4.26491E-05
  0.00000E+00   4.71970E-03   4.75523E-05
  0.00000E+00   5.09963E-03   5.26568E-05
  0.00000E+00   5.51223E-03   5.80409E-05
  0.00000E+00   5.95978E-03   6.38990E-05
  0.00000E+00   6.44434E-03   7.02797E-05
  0.00000E+00   6.96898E-03   7.70568E-05
  0.00000E+00   7.53785E-03   8.41329E-05
  0.00000E+00   8.15544E-03   9.15908E-05
  0.00000E+00   8.82614E-03   9.96265E-05
  0.00000E+00   9.55431E-03   1.08421E-04
  0.00000E+00   1.03448E-02   1.18148E-04
  0.00000E+00   1.12029E-02   1.28983E-04
  0.00000E+00   1.21344E-02   1.41061E-04
  0.00000E+00   1.31458E-02   1.54494E-04
  0.00000E+00   1.42443E-02   1.69408E-04
  0.00000E+00   1.54379E-02   1.85904E-04
  0.00000E+00   1.67349E-02   2.04014E-04
  0.00000E+00   1.81441E-02   2.23734E-04
  0.00000E+00   1.96752E-02   2.45097E-04
  0.00000E+00   2.13389E-02   2.68231E-04
  0.00000E+00   2.31464E-02   2.93317E-04
  0.00000E+00   2.51102E-02   3.20559E-04
  0.00000E+00   2.72437E-02   3.50147E-04
  0.00000E+00   2.95617E-02   3.82258E-04
  0.00000E+00   3.20805E-02   4.17064E-04
  0.00000E+00   3.48178E-02   4.54766E-04
  0.00000E+00   3.77930E-02   4.95590E-04
  0.00000E+00   4.10273E-02   5.39800E-04
  0.00000E+00   4.45434E-02   5.87705E-04
  0.00000E+00   4.83658E-02   6.39670E-04
  0.00000E+00   5.25210E-02   6.96124E-04
  0.00000E+00   5.70378E-02   7.57519E-04
  0.00000E+00   6.19474E-02   8.24314E-04
  0.00000E+00   6.72836E-02   8.96987E-04
  0.00000E+00   7.30831E-02   9.76057E-04
  0.00000E+00   7.93857E-02   1.06212E-03
  0.00000E+00   8.62345E-02   1.15586E-03
  0.00000E+00   9.36763E-02   1.25810E-03
  0.00000E+00   1.01762E-01   1.36977E-03
  0.00000E+00   1.10545E-01   1.49191E-03
  0.00000E+00   1.20087E-01   1.62568E-03
  0.00000E+00   1.30449E-01   1.77236E-03
  0.00000E+00   1.41703E-01   1.93332E-03
  0.00000E+00   1.53920E-01   2.11002E-03
  0.00000E+00   1.67182E-01   2.30400E-03
  0.00000E+00   1.81572E-01   2.51681E-03
  0.00000E+00   1.97181E-01   2.75007E-03
  0.00000E+00   2.14107E-01   3.00535E-03
  0.00000E+00   2.32453E-01   3.28419E-03
  0.00000E+00   2.52328E-01   3.58805E-03
  0.00000E+00   2.73848E-01   3.91832E-03
  0.00000E+00   2.97135E-01   4.27625E-03
  0.00000E+00   3.22318E-01   4.66306E-03
  0.00000E+00   3.49533E-01   5.07995E-03
  0.00000E+00   3.78922E-01   5.52830E-03
  0.00000E+00   4.10634E-01   6.00977E-03
  0.00000E+00   4.44825E-01   6.52659E-03
  0.00000E+00   4.81660E-01   7.08185E-03
  0.00000E+00   5.21315E-01   7.67968E-03
  0.00000E+00   5.63976E-01   8.32550E-03
  0.00000E+00   6.09842E-01   9.02596E-03
  0.00000E+00   6.59129E-01   9.78890E-03
  0.00000E+00   7.12069E-01   1.06229E-02
  0.00000E+00   7.68914E-01   1.15369E-02
  0.00000E+00   8.29937E-01   1.25397E-02
  0.00000E+00   8.95433E-01   1.36393E-02
  0.00000E+00   9.65717E-01   1.48430E-02
  0.00000E+00   1.04112E+00   1.61570E-02
  0.00000E+00   1.12201E+00   1.75866E-02
  0.00000E+00   1.20874E+00   1.91355E-02
  0.00000E+00   1.30169E+00   2.08057E-02
  0.00000E+00   1.40126E+00   2.25962E-02
  0.00000E+00   1.50783E+00   2.45022E-02
  0.00000E+00   1.62179E+00   2.65133E-02
  0.00000E+00   1.74349E+00   2.86125E-02
  0.00000E+00   1.87328E+00   3.07746E-02
  0.00000E+00   2.01147E+00   3.29663E-02
  0.00000E+00   2.15830E+00   3.51480E-02
  0.00000E+00   2.31400E+00   3.72778E-02
  0.00000E+00   2.47872E+00   3.93166E-02
  0.00000E+00   2.65262E+00   4.12342E-02
  0.00000E+00   2.83582E+00   4.30122E-02
  0.00000E+00   3.02845E+00   4.46410E-02
  0.00000E+00   3.23069E+00   4.61130E-02
  0.00000E+00   3.44274E+00   4.74133E-02
  0.00000E+00   3.66483E+00   4.85122E-02
  0.00000E+00   3.89720E+00   4.93830E-02
  0.00000E+00   4.14010E+00   5.00329E-02
  0.00000E+00   4.39382E+00   5.04999E-02
  0.00000E+00   4.65874E+00   5.08128E-02
  0.00000E+00   4.93536E+00   5.09546E-02
  0.00000E+00   5.22430E+00   5.08605E-02
  0.00000E+00   5.52618E+00   5.04576E-02
  0.00000E+00   5.84155E+00   4.97406E-02
  0.00000E+00   6.17069E+00   4.88481E-02
  0.00000E+00   6.51360E+00   4.80721E-02
  0.00000E+00   6.86995E+00   4.77220E-02
  0.00000E+00   7.23910E+00   4.79414E-02
  0.00000E+00   7.62013E+00   4.86887E-02
  0.00000E+00   8.01189E+00   4.98482E-02
  0.00000E+00   8.41325E+00   5.13314E-02
  0.00000E+00   8.82337E+00   5.29921E-02
  0.00000E+00   9.24178E+00   5.44218E-02
  0.00000E+00   9.66828E+00   5.50084E-02
  0.00000E+00   1.01025E+01   5.43315E-02
  0.00000E+00   1.05434E+01   5.24970E-02
  0.00000E+00   1.09898E+01   4.97350E-02
  0.00000E+00   1.14398E+01   4.61865E-02
  0.00000E+00   1.18910E+01   4.19949E-02
  0.00000E+00   1.23401E+01   3.74991E-02
  0.00000E+00   1.27823E+01   3.34470E-02
  0.00000E+00   1.32117E+01   3.02581E-02
  0.00000E+00   1.36217E+01   2.75986E-02
  0.00000E+00   1.40043E+01   2.54437E-02
  0.00000E+00   1.43497E+01   2.31445E-02
  0.00000E+00   1.46473E+01   2.04784E-02
  0.00000E+00   1.48898E+01   1.81071E-02
  0.00000E+00   1.50759E+01   1.66163E-02
  0.00000E+00   1.52078E+01   1.71932E-02
  0.00000E+00   1.52901E+01   2.13189E-02
  0.00000E+00   1.53300E+01   3.12532E-02
  0.00000E+00   1.53405E+01   4.63556E-02
  0.00000E+00   1.53372E+01   6.44988E-02
  0.00000E+00   1.53289E+01   8.31273E-02
  0.00000E+00   1.53153E+01   1.00940E-01
  0.00000E+00   1.52899E+01   1.20306E-01
  0.00000E+00   1.52465E+01   1.40709E-01
  0.00000E+00   1.51855E+01   1.58111E-01
  0.00000E+00   1.51116E+01   1.70701E-01
  0.00000E+00   1.50280E+01   1.78215E-01
  0.00000E+00   1.49353E+01   1.82206E-01
  0.00000E+00   1.48367E+01   1.86805E-01
  0.00000E+00   1.47369E+01   1.89935E-01
  0.00000E+00   1.46390E+01   1.85256E-01
  0.00000E+00   1.45452E+01   1.68821E-01
  0.00000E+00   1.44536E+01   1.42591E-01
  0.00000E+00   1.43540E+01   1.08524E-01
  0.00000E+00   1.42354E+01   6.72561E-02
  0.00000E+00   1.40926E+01   2.40672E-02
  0.00000E+00   1.39213E+01  -1.70771E-02
  0.00000E+00   1.37196E+01  -5.63477E-02
  0.00000E+00   1.34915E+01  -8.85386E-02
  0.00000E+00   1.32509E+01  -1.09273E-01
  0.00000E+00   1.30186E+01  -1.19181E-01
  0.00000E+00   1.28127E+01  -1.22803E-01
  0.00000E+00   1.26386E+01  -1.24007E-01
  0.00000E+00   1.24904E+01  -1.24207E-01
  0.00000E+00   1.23611E+01  -1.25069E-01
  0.00000E+00   1.22482E+01  -1.31028E-01
  0.00000E+00   1.21543E+01  -1.43205E-01
  0.00000E+00   1.20853E+01  -1.57680E-01
  0.00000E+00   1.20438E+01  -1.69276E-01
  0.00000E+00   1.20258E+01  -1.74031E-01
  0.00000E+00   1.20211E+01  -1.72083E-01
  0.00000E+00   1.20197E+01  -1.65367E-01
  0.00000E+00   1.20174E+01  -1.55811E-01
  0.00000E+00   1.20176E+01  -1.42571E-01
  0.00000E+00   1.20294E+01  -1.21787E-01
  0.00000E+00   1.20590E+01  -9.10474E-02
  0.00000E+00   1.21069E+01  -5.39171E-02
  0.00000E+00   1.21700E+01  -1.83590E-02
  0.00000E+00   1.22450E+01   1.15871E-02
  0.00000E+00   1.23297E+01   3.63282E-02
  0.00000E+00   1.24255E+01   5.59225E-02
  0.00000E+00   1.25319E+01   7.08362E-02
  0.00000E+00   1.26451E+01   8.03796E-02
  0.00000E+00   1.27577E+01   8.41710E-02
  0.00000E+00   1.28614E+01   8.62337E-02
  0.00000E+00   1.29501E+01   9.02282E-02
  0.00000E+00   1.30213E+01   9.56326E-02
  0.00000E+00   1.30778E+01   9.92840E-02
  0.00000E+00   1.31299E+01   9.96572E-02
  0.00000E+00   1.31925E+01   9.68562E-02
  0.00000E+00   1.32762E+01   9.22073E-02
  0.00000E+00   1.33840E+01   8.72229E-02
  0.00000E+00   1.35122E+01   8.23479E-02
  0.00000E+00   1.36535E+01   7.70630E-02
  0.00000E+00   1.37962E+01   7.32028E-02
  0.00000E+00   1.39283E+01   7.57763E-02
  0.00000E+00   1.40428E+01   8.66937E-02
  0.00000E+00   1.41386E+01   1.03283E-01
  0.00000E+00   1.42223E+01   1.21606E-01
  0.00000E+00   1.43020E+01   1.42174E-01
  0.00000E+00   1.43787E+01   1.65067E-01
  0.00000E+00   1.44491E+01   1.86265E-01
  0.00000E+00   1.45111E+01   2.02521E-01
  0.00000E+00   1.45664E+01   2.13863E-01
  0.00000E+00   1.46203E+01   2.23401E-01
  0.00000E+00   1.46793E+01   2.35006E-01
  0.00000E+00   1.47496E+01   2.47212E-01
  0.00000E+00   1.48350E+01   2.59420E-01
  0.00000E+00   1.49391E+01   2.73515E-01
  0.00000E+00   1.50666E+01   2.90017E-01
  0.00000E+00   1.52224E+01   3.06309E-01
  0.00000E+00   1.54100E+01   3.20875E-01
  0.00000E+00   1.56298E+01   3.35236E-01
  0.00000E+00   1.58758E+01   3.47535E-01
  0.00000E+00   1.61401E+01   3.56693E-01
  0.00000E+00   1.64176E+01   3.64041E-01
  0.00000E+00   1.67070E+01   3.67590E-01
  0.00000E+00   1.70094E+01   3.64022E-01
  0.00000E+00   1.73241E+01   3.54183E-01
  0.00000E+00   1.76483E+01   3.41832E-01
  0.00000E+00   1.79779E+01   3.28338E-01
  0.00000E+00   1.83021E+01   3.09528E-01
  0.00000E+00   1.86072E+01   2.84649E-01
  0.00000E+00   1.88906E+01   2.54927E-01
  0.00000E+00   1.91638E+01   2.20043E-01
  0.00000E+00   1.94431E+01   1.82343E-01
  0.00000E+00   1.97421E+01   1.45269E-01
  0.00000E+00   2.00664E+01   1.15720E-01
  0.00000E+00   2.04076E+01   9.86872E-02
  0.00000E+00   2.07475E+01   9.38150E-02
  0.00000E+00   2.10709E+01   9.64975E-02
  0.00000E+00   2.13680E+01   9.91849E-02
  0.00000E+00   2.16291E+01   9.67044E-02
  0.00000E+00   2.18450E+01   8.82774E-02
  0.00000E+00   2.20186E+01   7.26531E-02
  0.00000E+00   2.21661E+01   5.07894E-02
  0.00000E+00   2.23039E+01   3.14440E-02
  0.00000E+00   2.24462E+01   1.61087E-02
  0.00000E+00   2.25978E+01   3.95445E-03
  0.00000E+00   2.27453E+01   1.58568E-03
  0.00000E+00   2.28612E+01   1.05687E-02
  0.00000E+00   2.29238E+01   2.75878E-02
  0.00000E+00   2.29384E+01   5.06207E-02
  0.00000E+00   2.29264E+01   7.70178E-02
  0.00000E+00   2.28972E+01   1.01321E-01
  0.00000E+00   2.28507E+01   1.22119E-01
  0.00000E+00   2.27979E+01   1.35377E-01
  0.00000E+00   2.27564E+01   1.31018E-01
  0.00000E+00   2.27278E+01   1.11343E-01
  0.00000E+00   2.26995E+01   8.58841E-02
  0.00000E+00   2.26619E+01   5.34249E-02
  0.00000E+00   2.26159E+01   1.35321E-02
  0.00000E+00   2.25734E+01  -2.63745E-02
  0.00000E+00   2.25333E+01  -5.90999E-02
  0.00000E+00   2.24755E+01  -8.54635E-02
  0.00000E+00   2.23827E+01  -1.06391E-01
  0.00000E+00   2.22571E+01  -1.29421E-01
  0.00000E+00   2.21257E+01  -1.62090E-01
  0.00000E+00   2.20309E+01  -1.98163E-01
  0.00000E+00   2.20062E+01  -2.31498E-01
  0.00000E+00   2.20584E+01  -2.60721E-01
  0.00000E+00   2.21700E+01  -2.88713E-01
  0.00000E+00   2.23069E+01  -3.13208E-01
  0.00000E+00   2.24111E+01  -3.37794E-01
  0.00000E+00   2.24364E+01  -3.64121E-01
  0.00000E+00   2.23806E+01  -3.81140E-01
  0.00000E+00   2.22798E+01  -3.89579E-01
  0.00000E+00   2.21721E+01  -3.94399E-01
  0.00000E+00   2.20885E+01  -4.04047E-01
  0.00000E+00   2.20394E+01  -4.25858E-01
  0.00000E+00   2.20159E+01  -4.51173E-01
  0.00000E+00   2.20134E+01  -4.71213E-01
  0.00000E+00   2.20453E+01  -4.91533E-01
  0.00000E+00   2.21135E+01  -5.12850E-01
  0.00000E+00   2.22189E+01  -5.30058E-01
  0.00000E+00   2.23770E+01  -5.39278E-01
  0.00000E+00   2.25893E+01  -5.35503E-01
  0.00000E+00   2.28285E+01  -5.20314E-01
  0.00000E+00   2.30460E+01  -5.13283E-01
  0.00000E+00   2.32111E+01  -5.32880E-01
  0.00000E+00   2.33339E+01  -5.72064E-01
  0.00000E+00   2.34497E+01  -6.13505E-01
  0.00000E+00   2.35950E+01  -6.42134E-01
  0.00000E+00   2.37889E+01  -6.54700E-01
  0.00000E+00   2.40169E+01  -6.59614E-01
  0.00000E+00   2.42607E+01  -6.67770E-01
  0.00000E+00   2.45212E+01  -6.74359E-01
  0.00000E+00   2.48000E+01  -6.71126E-01
  0.00000E+00   2.50890E+01  -6.51564E-01
  0.00000E+00   2.53595E+01  -6.20901E-01
  0.00000E+00   2.55738E+01  -5.87474E-01
  0.00000E+00   2.57042E+01  -5.55244E-01
  0.00000E+00   2.57597E+01  -5.25734E-01
  0.00000E+00   2.57807E+01  -5.00454E-01
  0.00000E+00   2.58031E+01  -4.72027E-01
  0.00000E+00   2.58512E+01  -4.47365E-01
  0.00000E+00   2.59408E+01  -4.41584E-01
  0.00000E+00   2.60650E+01  -4.58127E-01
  0.00000E+00   2.61958E+01  -4.98419E-01
  0.00000E+00   2.63107E+01  -5.59147E-01
  0.00000E+00   2.64019E+01  -6.20315E-01
  0.00000E+00   2.64778E+01  -6.73998E-01
  0.00000E+00   2.65414E+01  -7.27482E-01
  0.00000E+00   2.65859E+01  -7.76109E-01
  0.00000E+00   2.66115E+01  -8.18330E-01
  0.00000E+00   2.66207E+01  -8.54839E-01
  0.00000E+00   2.66087E+01  -8.81741E-01
  0.00000E+00   2.65701E+01  -8.94610E-01
  0.00000E+00   2.64969E+01  -8.92220E-01
  0.00000E+00   2.63764E+01  -8.68175E-01
  0.00000E+00   2.62027E+01  -8.22539E-01
  0.00000E+00   2.59824E+01  -7.61543E-01
  0.00000E+00   2.57137E+01  -6.96798E-01
  0.00000E+00   2.53892E+01  -6.38252E-01
  0.00000E+00   2.50155E+01  -5.86293E-01
  0.00000E+00   2.46075E+01  -5.27132E-01
  0.00000E+00   2.41590E+01  -4.54214E-01
  0.00000E+00   2.36543E+01  -3.74884E-01
  0.00000E+00   2.31047E+01  -3.08924E-01
  0.00000E+00   2.25439E+01  -2.65937E-01
  0.00000E+00   2.20059E+01  -2.38195E-01
  0.00000E+00   2.15234E+01  -2.19295E-01
  0.00000E+00   2.11044E+01  -2.18262E-01
  0.00000E+00   2.07442E+01  -2.36592E-01
  0.00000E+00   2.04276E+01  -2.79124E-01
  0.00000E+00   2.01186E+01  -3.39667E-01
  0.00000E+00   1.98111E+01  -4.03135E-01
  0.00000E+00   1.95329E+01  -4.52594E-01
  0.00000E+00   1.93077E+01  -4.83508E-01
  0.00000E+00   1.91502E+01  -4.95000E-01
  0.00000E+00   1.90536E+01  -4.88990E-01
  0.00000E+00   1.89957E+01  -4.63643E-01
  0.00000E+00   1.89744E+01  -4.29187E-01
  0.00000E+00   1.90101E+01  -3.95657E-01
  0.00000E+00   1.91092E+01  -3.53795E-01
  0.00000E+00   1.92373E+01  -3.02317E-01
  0.00000E+00   1.93509E+01  -2.59181E-01
  0.00000E+00   1.94281E+01  -2.34693E-01
  0.00000E+00   1.94674E+01  -2.19103E-01
  0.00000E+00   1.94734E+01  -1.98556E-01
  0.00000E+00   1.94646E+01  -1.78377E-01
  0.00000E+00   1.94614E+01  -1.60819E-01
  0.00000E+00   1.94800E+01  -1.34743E-01
  0.00000E+00   1.95283E+01  -9.10987E-02
  0.00000E+00   1.95846E+01  -3.70356E-02
  0.00000E+00   1.96271E+01   1.06030E-02
  0.00000E+00   1.96606E+01   3.50084E-02
  0.00000E+00   1.96945E+01   2.97902E-02
  0.00000E+00   1.97206E+01   8.78508E-03
  0.00000E+00   1.97331E+01  -1.35273E-02
  0.00000E+00   1.97533E+01  -3.60979E-02
  0.00000E+00   1.98089E+01  -6.64716E-02
  0.00000E+00   1.99097E+01  -1.01985E-01
  0.00000E+00   2.00538E+01  -1.42333E-01
  0.00000E+00   2.02460E+01  -1.87147E-01
  0.00000E+00   2.04871E+01  -2.35557E-01
  0.00000E+00   2.07628E+01  -2.89981E-01
  0.00000E+00   2.10666E+01  -3.55886E-01
  0.00000E+00   2.13809E+01  -4.35818E-01
  0.00000E+00   2.16548E+01  -5.19789E-01
  0.00000E+00   2.18278E+01  -5.89424E-01
  0.00000E+00   2.18755E+01  -6.24944E-01
  0.00000E+00   2.18061E+01  -6.18409E-01
  0.00000E+00   2.16610E+01  -5.75059E-01
  0.00000E+00   2.15122E+01  -5.11764E-01
  0.00000E+00   2.14146E+01  -4.47314E-01
  0.00000E+00   2.13916E+01  -3.91164E-01
  0.00000E+00   2.14415E+01  -3.39849E-01
  0.00000E+00   2.15499E+01  -2.84711E-01
  0.00000E+00   2.16991E+01  -2.23900E-01
  0.00000E+00   2.18790E+01  -1.69212E-01
  0.00000E+00   2.20885E+01  -1.27632E-01
  0.00000E+00   2.23308E+01  -8.88511E-02
  0.00000E+00   2.26014E+01  -4.28754E-02
  0.00000E+00   2.28902E+01   1.17319E-02
  0.00000E+00   2.31966E+01   6.86556E-02
  0.00000E+00   2.35249E+01   1.24487E-01
  0.00000E+00   2.38723E+01   1.70799E-01
  0.00000E+00   2.42163E+01   1.99158E-01
  0.00000E+00   2.45282E+01   2.08090E-01
  0.00000E+00   2.48032E+01   2.04433E-01
  0.00000E+00   2.50601E+01   1.90239E-01
  0.00000E+00   2.53215E+01   1.63727E-01
  0.00000E+00   2.56137E+01   1.18427E-01
  0.00000E+00   2.59664E+01   5.24720E-02
  0.00000E+00   2.63910E+01  -1.93070E-02
  0.00000E+00   2.68543E+01  -8.07269E-02
  0.00000E+00   2.73131E+01  -1.21144E-01
  0.00000E+00   2.77492E+01  -1.39921E-01
  0.00000E+00   2.81539E+01  -1.49878E-01
  0.00000E+00   2.85227E+01  -1.70014E-01
  0.00000E+00   2.88694E+01  -2.04014E-01
  0.00000E+00   2.92175E+01  -2.37542E-01
  0.00000E+00   2.95846E+01  -2.61265E-01
  0.00000E+00   2.99730E+01  -2.74761E-01
  0.00000E+00   3.03543E+01  -2.79785E-01
  0.00000E+00   3.06813E+01  -2.85998E-01
  0.00000E+00   3.09031E+01  -3.13002E-01
  0.00000E+00   3.09965E+01  -3.72163E-01
  0.00000E+00   3.09883E+01  -4.70190E-01
  0.00000E+00   3.09403E+01  -5.89660E-01
  0.00000E+00   3.09145E+01  -6.97384E-01
  0.00000E+00   3.09189E+01  -7.78990E-01
  0.00000E+00   3.09246E+01  -8.24914E-01
  0.00000E+00   3.09050E+01  -8.32060E-01
  0.00000E+00   3.08700E+01  -7.99238E-01
  0.00000E+00   3.08536E+01  -7.43562E-01
  0.00000E+00   3.08664E+01  -6.75086E-01
  0.00000E+00   3.09070E+01  -6.08479E-01
  0.00000E+00   3.09925E+01  -5.52023E-01
  0.00000E+00   3.11401E+01  -5.02232E-01
  0.00000E+00   3.13500E+01  -4.56211E-01
  0.00000E+00   3.16092E+01  -4.02781E-01
  0.00000E+00   3.18963E+01  -3.44494E-01
  0.00000E+00   3.21568E+01  -3.02561E-01
  0.00000E+00   3.23184E+01  -2.83950E-01
  0.00000E+00   3.23302E+01  -2.84757E-01
  0.00000E+00   3.21769E+01  -2.94400E-01
  0.00000E+00   3.18528E+01  -3.06676E-01
  0.00000E+00   3.14172E+01  -3.26658E-01
  0.00000E+00   3.09544E+01  -3.65771E-01
  0.00000E+00   3.05373E+01  -4.27740E-01
  0.00000E+00   3.02032E+01  -4.83514E-01
  0.00000E+00   2.99622E+01  -5.14673E-01
  0.00000E+00   2.98131E+01  -5.36225E-01
  0.00000E+00   2.97306E+01  -5.58752E-01
  0.00000E+00   2.96997E+01  -5.76843E-01
  0.00000E+00   2.97153E+01  -6.11852E-01
  0.00000E+00   2.97537E+01  -6.61149E-01
  0.00000E+00   2.97792E+01  -6.98765E-01
  0.00000E+00   2.97722E+01  -7.20181E-01
  0.00000E+00   2.97669E+01  -7.27912E-01
  0.00000E+00   2.97884E+01  -7.19085E-01
  0.00000E+00   2.98376E+01  -6.95429E-01
  0.00000E+00   2.99121E+01  -6.61581E-01
  0.00000E+00   3.00265E+01  -6.37428E-01
  0.00000E+00   3.01770E+01  -6.38853E-01
  0.00000E+00   3.03334E+01  -6.57116E-01
  0.00000E+00   3.04709E+01  -6.77634E-01
  0.00000E+00   3.05621E+01  -6.93355E-01
  0.00000E+00   3.05863E+01  -6.97013E-01
  0.00000E+00   3.05476E+01  -7.01736E-01
  0.00000E+00   3.04723E+01  -7.13594E-01
  0.00000E+00   3.04138E+01  -7.18442E-01
  0.00000E+00   3.03973E+01  -7.05417E-01
  0.00000E+00   3.04182E+01  -6.79441E-01
  0.00000E+00   3.04734E+01  -6.46988E-01
  0.00000E+00   3.05501E+01  -6.07140E-01
  0.00000E+00   3.06127E+01  -5.47076E-01
  0.00000E+00   3.06306E+01  -4.54610E-01
  0.00000E+00   3.05977E+01  -3.25330E-01
  0.00000E+00   3.05018E+01  -1.85738E-01
  0.00000E+00   3.03651E+01  -5.88553E-02
  0.00000E+00   3.02487E+01   6.08755E-02
  0.00000E+00   3.01694E+01   1.66103E-01
  0.00000E+00   3.00784E+01   2.46346E-01
  0.00000E+00   2.99265E+01   2.96577E-01
  0.00000E+00   2.97208E+01   3.33201E-01
  0.00000E+00   2.94859E+01   3.65928E-01
  0.00000E+00   2.92220E+01   4.00088E-01
  0.00000E+00   2.89429E+01   4.34670E-01
  0.00000E+00   2.86940E+01   4.63372E-01
  0.00000E+00   2.84998E+01   4.85003E-01
  0.00000E+00   2.83709E+01   4.95786E-01
  0.00000E+00   2.83009E+01   4.96176E-01
  0.00000E+00   2.82622E+01   4.97721E-01
  0.00000E+00   2.82376E+01   5.06888E-01
  0.00000E+00   2.82321E+01   5.29271E-01
  0.00000E+00   2.82641E+01   5.82092E-01
  0.00000E+00   2.83415E+01   6.85185E-01
  0.00000E+00   2.84498E+01   8.24702E-01
  0.00000E+00   2.85568E+01   9.69827E-01
  0.00000E+00   2.86242E+01   1.09713E+00
  0.00000E+00   2.86368E+01   1.18889E+00
  0.00000E+00   2.86103E+01   1.23021E+00
  0.00000E+00   2.85861E+01   1.21998E+00
  0.00000E+00   2.85885E+01   1.16672E+00
  0.00000E+00   2.85907E+01   1.09604E+00
  0.00000E+00   2.85778E+01   1.02329E+00
  0.00000E+00   2.85785E+01   9.49206E-01
  0.00000E+00   2.86264E+01   8.85526E-01
  0.00000E+00   2.87042E+01   8.52049E-01
  0.00000E+00   2.87687E+01   8.44186E-01
  0.00000E+00   2.88020E+01   8.36862E-01
  0.00000E+00   2.88130E+01   8.29587E-01
  0.00000E+00   2.88447E+01   8.40958E-01
  0.00000E+00   2.89315E+01   8.83538E-01
  0.00000E+00   2.90621E+01   9.48358E-01
  0.00000E+00   2.92142E+01   1.00544E+00
  0.00000E+00   2.93788E+01   1.03707E+00
  0.00000E+00   2.95645E+01   1.04567E+00
  0.00000E+00   2.97634E+01   1.01707E+00
  0.00000E+00   2.99677E+01   9.41573E-01
  0.00000E+00   3.01597E+01   8.17520E-01
  0.00000E+00   3.02863E+01   6.76866E-01
  0.00000E+00   3.02914E+01   5.27684E-01
  0.00000E+00   3.01744E+01   3.56523E-01
  0.00000E+00   2.99513E+01   1.68027E-01
  0.00000E+00   2.96335E+01  -3.11047E-02
  0.00000E+00   2.92653E+01  -2.23688E-01
  0.00000E+00   2.88854E+01  -3.88959E-01
  0.00000E+00   2.85008E+01  -5.32849E-01
  0.00000E+00   2.81407E+01  -6.58156E-01
  0.00000E+00   2.78726E+01  -7.50421E-01
  0.00000E+00   2.77561E+01  -8.07343E-01
  0.00000E+00   2.78115E+01  -8.34544E-01
  0.00000E+00   2.80017E+01  -8.47506E-01
  0.00000E+00   2.82427E+01  -8.57071E-01
  0.00000E+00   2.84322E+01  -8.66106E-01
  0.00000E+00   2.84963E+01  -8.62198E-01
  0.00000E+00   2.84589E+01  -8.38118E-01
  0.00000E+00   2.83926E+01  -7.93537E-01
  0.00000E+00   2.83649E+01  -7.34151E-01
  0.00000E+00   2.83850E+01  -6.63381E-01
  0.00000E+00   2.84251E+01  -5.77343E-01
  0.00000E+00   2.84467E+01  -4.75941E-01
  0.00000E+00   2.83923E+01  -3.74834E-01
  0.00000E+00   2.82294E+01  -2.89129E-01
  0.00000E+00   2.80012E+01  -2.34331E-01
  0.00000E+00   2.77857E+01  -2.07753E-01
  0.00000E+00   2.76268E+01  -1.80238E-01
  0.00000E+00   2.75345E+01  -1.28826E-01
  0.00000E+00   2.75169E+01  -7.14991E-02
  0.00000E+00   2.75683E+01  -2.99535E-02
  0.00000E+00   2.76846E+01  -2.92905E-03
  0.00000E+00   2.78347E+01   1.54769E-02
  0.00000E+00   2.79277E+01   1.95480E-02
  0.00000E+00   2.78957E+01   1.87518E-02
  0.00000E+00   2.77093E+01   2.84581E-02
  0.00000E+00   2.74068E+01   5.23212E-02
  0.00000E+00   2.70734E+01   9.42986E-02
  0.00000E+00   2.67807E+01   1.61663E-01
  0.00000E+00   2.65652E+01   2.46134E-01
  0.00000E+00   2.64259E+01   3.45381E-01
  0.00000E+00   2.63424E+01   4.48956E-01
  0.00000E+00   2.62817E+01   5.38928E-01
  0.00000E+00   2.62406E+01   6.06176E-01
  0.00000E+00   2.62537E+01   6.59261E-01
  0.00000E+00   2.63436E+01   7.06478E-01
  0.00000E+00   2.65080E+01   7.43624E-01
  0.00000E+00   2.67311E+01   7.72721E-01
  0.00000E+00   2.69796E+01   8.00977E-01
  0.00000E+00   2.72154E+01   8.35834E-01
  0.00000E+00   2.74142E+01   8.61196E-01
  0.00000E+00   2.75674E+01   8.76851E-01
  0.00000E+00   2.76798E+01   8.86457E-01
  0.00000E+00   2.77642E+01   8.87543E-01
  0.00000E+00   2.78234E+01   8.70132E-01
  0.00000E+00   2.78463E+01   8.24746E-01
  0.00000E+00   2.78318E+01   7.69523E-01
  0.00000E+00   2.77996E+01   7.22525E-01
  0.00000E+00   2.77695E+01   6.88545E-01
  0.00000E+00   2.77493E+01   6.56306E-01
  0.00000E+00   2.77381E+01   6.11033E-01
  0.00000E+00   2.77427E+01   5.55557E-01
  0.00000E+00   2.77607E+01   4.90537E-01
  0.00000E+00   2.77999E+01   4.20740E-01
  0.00000E+00   2.78879E+01   3.69258E-01
  0.00000E+00   2.80303E+01   3.30735E-01
  0.00000E+00   2.82211E+01   2.87969E-01
  0.00000E+00   2.84464E+01   2.37778E-01
  0.00000E+00   2.86914E+01   1.80410E-01
  0.00000E+00   2.89492E+01   1.25100E-01
  0.00000E+00   2.92124E+01   8.15458E-02
  0.00000E+00   2.94706E+01   5.24033E-02
  0.00000E+00   2.97076E+01   3.39632E-02
  0.00000E+00   2.98966E+01   1.64194E-02
  0.00000E+00   3.00114E+01  -9.00130E-05
  0.00000E+00   3.00387E+01  -9.84630E-03
  0.00000E+00   2.99882E+01  -1.80550E-02
  0.00000E+00   2.98894E+01  -3.49063E-02
  0.00000E+00   2.97715E+01  -5.89316E-02
  0.00000E+00   2.96471E+01  -8.83112E-02
  0.00000E+00   2.95154E+01  -1.18057E-01
  0.00000E+00   2.93789E+01  -1.38898E-01
  0.00000E+00   2.92391E+01  -1.57185E-01
  0.00000E+00   2.90953E+01  -1.72010E-01
  0.00000E+00   2.89466E+01  -1.78587E-01
  0.00000E+00   2.88165E+01  -1.78888E-01
  0.00000E+00   2.87062E+01  -1.67707E-01
  0.00000E+00   2.85865E+01  -1.24665E-01
  0.00000E+00   2.84301E+01  -3.46277E-02
  0.00000E+00   2.82276E+01   9.56067E-02
  0.00000E+00   2.79768E+01   2.49549E-01
  0.00000E+00   2.77201E+01   3.96708E-01
  0.00000E+00   2.75186E+01   5.10458E-01
  0.00000E+00   2.74319E+01   5.84803E-01
  0.00000E+00   2.74689E+01   6.34240E-01
  0.00000E+00   2.75995E+01   6.75967E-01
  0.00000E+00   2.77938E+01   7.10861E-01
  0.00000E+00   2.80158E+01   7.48579E-01
  0.00000E+00   2.82351E+01   8.03544E-01
  0.00000E+00   2.84358E+01   8.60201E-01
  0.00000E+00   2.86131E+01   9.07599E-01
  0.00000E+00   2.87683E+01   9.27310E-01
  0.00000E+00   2.89086E+01   9.22635E-01
  0.00000E+00   2.90456E+01   9.18001E-01
  0.00000E+00   2.91750E+01   9.19606E-01
  0.00000E+00   2.92708E+01   9.10237E-01
  0.00000E+00   2.93048E+01   8.82289E-01
  0.00000E+00   2.92643E+01   8.38005E-01
  0.00000E+00   2.91484E+01   7.72364E-01
  0.00000E+00   2.89548E+01   6.84997E-01
  0.00000E+00   2.87200E+01   5.97388E-01
  0.00000E+00   2.85115E+01   5.22977E-01
  0.00000E+00   2.83989E+01   4.62791E-01
  0.00000E+00   2.84067E+01   4.17031E-01
  0.00000E+00   2.85009E+01   3.80527E-01
  0.00000E+00   2.86075E+01   3.36913E-01
  0.00000E+00   2.86923E+01   2.85433E-01
  0.00000E+00   2.87877E+01   2.35570E-01
  0.00000E+00   2.89239E+01   1.94560E-01
  0.00000E+00   2.91026E+01   1.63891E-01
  0.00000E+00   2.93251E+01   1.45495E-01
  0.00000E+00   2.95841E+01   1.28551E-01
  0.00000E+00   2.98522E+01   1.02937E-01
  0.00000E+00   3.01286E+01   7.43580E-02
  0.00000E+00   3.04330E+01   5.20443E-02
  0.00000E+00   3.07841E+01   4.21348E-02
  0.00000E+00   3.11952E+01   3.89226E-02
  0.00000E+00   3.16746E+01   5.55139E-02
  0.00000E+00   3.22092E+01   1.03985E-01
  0.00000E+00   3.27434E+01   1.86873E-01
  0.00000E+00   3.31992E+01   2.95297E-01
  0.00000E+00   3.35309E+01   4.12552E-01
  0.00000E+00   3.37216E+01   5.39312E-01
  0.00000E+00   3.37818E+01   6.88524E-01
  0.00000E+00   3.37482E+01   8.59973E-01
  0.00000E+00   3.36817E+01   1.02521E+00
  0.00000E+00   3.36333E+01   1.14901E+00
  0.00000E+00   3.35988E+01   1.22336E+00
  0.00000E+00   3.35453E+01   1.24560E+00
  0.00000E+00   3.34753E+01   1.21794E+00
  0.00000E+00   3.34165E+01   1.15927E+00
  0.00000E+00   3.33760E+01   1.08021E+00
  0.00000E+00   3.33484E+01   9.94397E-01
  0.00000E+00   3.33602E+01   9.16848E-01
  0.00000E+00   3.34334E+01   8.73754E-01
  0.00000E+00   3.35797E+01   8.68836E-01
  0.00000E+00   3.38031E+01   8.86024E-01
  0.00000E+00   3.41038E+01   9.06774E-01
  0.00000E+00   3.44563E+01   9.29407E-01
  0.00000E+00   3.48104E+01   9.46516E-01
  0.00000E+00   3.51324E+01   9.32978E-01
  0.00000E+00   3.54132E+01   8.89299E-01
  0.00000E+00   3.56423E+01   8.38894E-01
  0.00000E+00   3.58069E+01   7.76203E-01
  0.00000E+00   3.59132E+01   6.89124E-01
  0.00000E+00   3.59440E+01   5.97558E-01
  0.00000E+00   3.58403E+01   5.14137E-01
  0.00000E+00   3.55589E+01   4.48186E-01
  0.00000E+00   3.51026E+01   4.17851E-01
  0.00000E+00   3.45523E+01   4.01890E-01
  0.00000E+00   3.39970E+01   3.85504E-01
  0.00000E+00   3.34592E+01   3.60689E-01
  0.00000E+00   3.29455E+01   3.28927E-01
  0.00000E+00   3.24762E+01   2.87113E-01
  0.00000E+00   3.20757E+01   2.20899E-01
  0.00000E+00   3.17814E+01   1.33313E-01
  0.00000E+00   3.16345E+01   5.27911E-02
  0.00000E+00   3.16278E+01   2.34457E-03
  0.00000E+00   3.16907E+01  -2.15566E-02
  0.00000E+00   3.17382E+01  -4.97156E-02
  0.00000E+00   3.17339E+01  -8.09777E-02
  0.00000E+00   3.17060E+01  -1.01437E-01
  0.00000E+00   3.17070E+01  -1.02459E-01
  0.00000E+00   3.17728E+01  -9.68375E-02
  0.00000E+00   3.19034E+01  -1.12965E-01
  0.00000E+00   3.20645E+01  -1.68855E-01
  0.00000E+00   3.21950E+01  -2.66264E-01
  0.00000E+00   3.22545E+01  -3.76666E-01
  0.00000E+00   3.22311E+01  -4.55660E-01
  0.00000E+00   3.21962E+01  -4.84367E-01
  0.00000E+00   3.22304E+01  -4.86403E-01
  0.00000E+00   3.23483E+01  -4.92645E-01
  0.00000E+00   3.25393E+01  -5.21626E-01
  0.00000E+00   3.27705E+01  -5.61135E-01
  0.00000E+00   3.29874E+01  -5.85753E-01
  0.00000E+00   3.30902E+01  -5.96455E-01
  0.00000E+00   3.30034E+01  -6.04945E-01
  0.00000E+00   3.26892E+01  -6.35785E-01
  0.00000E+00   3.21228E+01  -7.01150E-01
  0.00000E+00   3.13503E+01  -7.74539E-01
  0.00000E+00   3.04967E+01  -8.36464E-01
  0.00000E+00   2.96862E+01  -8.83231E-01
  0.00000E+00   2.90108E+01  -9.12766E-01
  0.00000E+00   2.85210E+01  -9.10660E-01
  0.00000E+00   2.82461E+01  -8.57842E-01
  0.00000E+00   2.81983E+01  -7.88736E-01
  0.00000E+00   2.83500E+01  -7.21470E-01
  0.00000E+00   2.86428E+01  -6.63346E-01
  0.00000E+00   2.89906E+01  -6.17946E-01
  0.00000E+00   2.93134E+01  -5.90975E-01
  0.00000E+00   2.95434E+01  -5.72108E-01
  0.00000E+00   2.96160E+01  -5.51399E-01
  0.00000E+00   2.95029E+01  -5.25597E-01
  0.00000E+00   2.92448E+01  -4.92566E-01
  0.00000E+00   2.89158E+01  -4.51152E-01
  0.00000E+00   2.85696E+01  -4.11813E-01
  0.00000E+00   2.82465E+01  -3.62756E-01
  0.00000E+00   2.79768E+01  -3.00709E-01
  0.00000E+00   2.77702E+01  -2.16192E-01
  0.00000E+00   2.76392E+01  -1.25666E-01
  0.00000E+00   2.75756E+01  -6.88359E-02
  0.00000E+00   2.75663E+01  -4.49248E-02
  0.00000E+00   2.76047E+01  -4.19842E-02
  0.00000E+00   2.76638E+01  -4.23238E-02
  0.00000E+00   2.77162E+01  -4.33231E-02
  0.00000E+00   2.77632E+01  -4.95552E-02
  0.00000E+00   2.78147E+01  -5.05694E-02
  0.00000E+00   2.78359E+01  -5.02170E-02
  0.00000E+00   2.77424E+01  -5.20626E-02
  0.00000E+00   2.74635E+01  -3.72804E-02
  0.00000E+00   2.70214E+01   5.17154E-03
  0.00000E+00   2.64925E+01   5.98681E-02
  0.00000E+00   2.59533E+01   1.08477E-01
  0.00000E+00   2.54729E+01   1.35240E-01
  0.00000E+00   2.51122E+01   1.42087E-01
  0.00000E+00   2.48924E+01   1.28292E-01
  0.00000E+00   2.47964E+01   9.54108E-02
  0.00000E+00   2.47760E+01   5.23864E-02
  0.00000E+00   2.47911E+01   1.10422E-02
  0.00000E+00   2.48522E+01  -1.89006E-02
  0.00000E+00   2.49779E+01  -4.38374E-02
  0.00000E+00   2.51604E+01  -6.80211E-02
  0.00000E+00   2.53822E+01  -9.47724E-02
  0.00000E+00   2.56368E+01  -1.25836E-01
  0.00000E+00   2.59181E+01  -1.70627E-01
  0.00000E+00   2.62277E+01  -2.23187E-01
  0.00000E+00   2.65523E+01  -2.68964E-01
  0.00000E+00   2.68791E+01  -2.94729E-01
  0.00000E+00   2.71851E+01  -3.04577E-01
  0.00000E+00   2.74434E+01  -2.97393E-01
  0.00000E+00   2.76718E+01  -2.73388E-01
  0.00000E+00   2.78926E+01  -2.41484E-01
  0.00000E+00   2.81047E+01  -2.25960E-01
  0.00000E+00   2.82955E+01  -2.49293E-01
  0.00000E+00   2.84611E+01  -3.08308E-01
  0.00000E+00   2.85976E+01  -3.91390E-01
  0.00000E+00   2.86991E+01  -5.01657E-01
  0.00000E+00   2.87706E+01  -6.14118E-01
  0.00000E+00   2.88056E+01  -6.91292E-01
  0.00000E+00   2.87876E+01  -7.15762E-01
  0.00000E+00   2.87122E+01  -7.08705E-01
  0.00000E+00   2.85940E+01  -7.06378E-01
  0.00000E+00   2.84752E+01  -7.15778E-01
  0.00000E+00   2.83732E+01  -7.22161E-01
  0.00000E+00   2.83079E+01  -7.14423E-01
  0.00000E+00   2.83028E+01  -6.98779E-01
  0.00000E+00   2.83567E+01  -6.80648E-01
  0.00000E+00   2.84455E+01  -6.56779E-01
  0.00000E+00   2.85397E+01  -6.24333E-01
  0.00000E+00   2.86208E+01  -5.88853E-01
  0.00000E+00   2.86836E+01  -5.56036E-01
  0.00000E+00   2.87169E+01  -5.23331E-01
  0.00000E+00   2.87154E+01  -4.80222E-01
  0.00000E+00   2.86722E+01  -4.17804E-01
  0.00000E+00   2.85914E+01  -3.52509E-01
  0.00000E+00   2.84888E+01  -2.95340E-01
  0.00000E+00   2.83868E+01  -2.41092E-01
  0.00000E+00   2.82979E+01  -1.83370E-01
  0.00000E+00   2.82313E+01  -1.27235E-01
  0.00000E+00   2.81893E+01  -7.88517E-02
  0.00000E+00   2.81618E+01  -4.51326E-02
  0.00000E+00   2.81419E+01  -2.85111E-02
  0.00000E+00   2.81436E+01  -1.31131E-02
  0.00000E+00   2.81914E+01   2.34881E-02
  0.00000E+00   2.82916E+01   7.64341E-02
  0.00000E+00   2.84404E+01   1.30213E-01
  0.00000E+00   2.86277E+01   1.80478E-01
  0.00000E+00   2.88484E+01   2.12475E-01
  0.00000E+00   2.91143E+01   2.17656E-01
  0.00000E+00   2.94279E+01   2.13351E-01
  0.00000E+00   2.97765E+01   2.14614E-01
  0.00000E+00   3.01318E+01   2.20818E-01
