  0.00000E+00   1.72081E-03  -6.02462E-05
  0.00000E+00   3.46036E-03  -1.04978E-04
  0.00000E+00   6.63289E-03  -1.54578E-04
  0.00000E+00   9.61221E-03  -2.08484E-04
  0.00000E+00   1.27704E-02  -2.68043E-04
  0.00000E+00   1.66805E-02  -3.15780E-04
  0.00000E+00   2.17718E-02  -3.46708E-04
  0.00000E+00   2.85001E-02  -3.58052E-04
  0.00000E+00   3.74061E-02  -3.49087E-04
  0.00000E+00   4.91545E-02  -3.16267E-04
  0.00000E+00   6.45445E-02  -2.48450E-04
  0.00000E+00   8.45291E-02  -1.23934E-04
  0.00000E+00   1.10194E-01   9.67086E-05
  0.00000E+00   1.42798E-01   4.63034E-04
  0.00000E+00   1.83771E-01   1.03214E-03
  0.00000E+00   2.34608E-01   1.85843E-03
  0.00000E+00   2.96999E-01   2.96986E-03
  0.00000E+00   3.72643E-01   4.36290E-03
  0.00000E+00   4.63226E-01   5.98351E-03
  0.00000E+00   5.70342E-01   7.71080E-03
  0.00000E+00   6.95197E-01   9.35187E-03
  0.00000E+00   8.38730E-01   1.06317E-02
  0.00000E+00   1.00143E+00   1.11932E-02
  0.00000E+00   1.18321E+00   1.06407E-02
  0.00000E+00   1.38390E+00   8.57932E-03
  0.00000E+00   1.60308E+00   4.70048E-03
  0.00000E+00   1.84052E+00  -1.19306E-03
  0.00000E+00   2.09649E+00  -9.15651E-03
  0.00000E+00   2.37181E+00  -1.91177E-02
  0.00000E+00   2.66814E+00  -3.09770E-02
  0.00000E+00   2.98784E+00  -4.47821E-02
  0.00000E+00   3.33377E+00  -6.08644E-02
  0.00000E+00   3.70894E+00  -7.97648E-02
  0.00000E+00   4.11658E+00  -1.01966E-01
  0.00000E+00   4.55943E+00  -1.27238E-01
  0.00000E+00   5.03928E+00  -1.54356E-01
  0.00000E+00   5.55531E+00  -1.81410E-01
  0.00000E+00   6.10237E+00  -2.05916E-01
  0.00000E+00   6.67311E+00  -2.23842E-01
  0.00000E+00   7.26772E+00  -2.28180E-01
  0.00000E+00   7.91054E+00  -2.11513E-01
  0.00000E+00   8.64816E+00  -1.69968E-01
  0.00000E+00   9.50787E+00  -1.04860E-01
  0.00000E+00   1.04766E+01  -1.71740E-02
  0.00000E+00   1.15587E+01   9.43524E-02
  0.00000E+00   1.27799E+01   2.02243E-01
  0.00000E+00   1.41589E+01   2.87574E-01
  0.00000E+00   1.56802E+01   3.49477E-01
  0.00000E+00   1.73537E+01   4.01552E-01
  0.00000E+00   1.92142E+01   4.67018E-01
  0.00000E+00   2.12847E+01   5.31721E-01
  0.00000E+00   2.35650E+01   5.54799E-01
  0.00000E+00   2.59219E+01   5.59667E-01
  0.00000E+00   2.81585E+01   5.46152E-01
  0.00000E+00   3.01592E+01   5.06143E-01
  0.00000E+00   3.17550E+01   4.05279E-01
  0.00000E+00   3.30533E+01   2.86402E-01
  0.00000E+00   3.41802E+01   1.44446E-01
  0.00000E+00   3.49746E+01  -2.84850E-02
  0.00000E+00   3.55255E+01  -2.33073E-01
  0.00000E+00   3.59321E+01  -5.01987E-01
  0.00000E+00   3.63033E+01  -7.25717E-01
  0.00000E+00   3.66498E+01  -8.69080E-01
  0.00000E+00   3.64564E+01  -1.01316E+00
  0.00000E+00   3.58253E+01  -1.15214E+00
  0.00000E+00   3.56682E+01  -1.03627E+00
  0.00000E+00   3.63418E+01  -8.23068E-01
  0.00000E+00   3.78722E+01  -5.93603E-01
  0.00000E+00   3.96970E+01  -3.87898E-01
  0.00000E+00   4.16683E+01  -2.71191E-01
  0.00000E+00   4.32945E+01  -2.01000E-01
  0.00000E+00   4.45318E+01  -1.06578E-01
  0.00000E+00   4.51638E+01   7.39317E-02
  0.00000E+00   4.49475E+01   3.88270E-01
  0.00000E+00   4.42590E+01   7.41089E-01
  0.00000E+00   4.35312E+01   9.14966E-01
  0.00000E+00   4.33875E+01   8.72809E-01
  0.00000E+00   4.36320E+01   6.49672E-01
  0.00000E+00   4.45183E+01   4.72361E-01
  0.00000E+00   4.60873E+01   3.57130E-01
  0.00000E+00   4.79020E+01   2.37312E-01
  0.00000E+00   4.99736E+01   2.56269E-01
  0.00000E+00   5.23075E+01   1.70951E-01
  0.00000E+00   5.49988E+01  -5.27741E-02
  0.00000E+00   5.79566E+01  -3.94401E-01
  0.00000E+00   6.03354E+01  -8.39240E-01
  0.00000E+00   6.16304E+01  -1.25607E+00
  0.00000E+00   6.16189E+01  -1.51970E+00
  0.00000E+00   6.10127E+01  -1.65760E+00
  0.00000E+00   6.00389E+01  -1.49956E+00
  0.00000E+00   5.89503E+01  -1.20446E+00
  0.00000E+00   5.80526E+01  -9.59009E-01
  0.00000E+00   5.77670E+01  -8.91999E-01
  0.00000E+00   5.80589E+01  -8.75180E-01
  0.00000E+00   5.79664E+01  -7.94562E-01
  0.00000E+00   5.73115E+01  -6.65250E-01
  0.00000E+00   5.74226E+01  -4.90510E-01
  0.00000E+00   5.83521E+01  -5.00838E-01
  0.00000E+00   5.90071E+01  -4.90090E-01
  0.00000E+00   5.89978E+01  -4.34223E-01
  0.00000E+00   5.85805E+01  -2.58760E-01
  0.00000E+00   5.89671E+01   1.04597E-01
  0.00000E+00   6.04374E+01   4.39302E-01
  0.00000E+00   6.23551E+01   6.03523E-01
  0.00000E+00   6.36977E+01   6.58404E-01
  0.00000E+00   6.36632E+01   7.95142E-01
  0.00000E+00   6.16457E+01   9.55389E-01
  0.00000E+00   5.92764E+01   9.77754E-01
  0.00000E+00   5.78502E+01   9.27636E-01
  0.00000E+00   5.71163E+01   9.51473E-01
  0.00000E+00   5.65748E+01   1.02393E+00
  0.00000E+00   5.56002E+01   9.60454E-01
  0.00000E+00   5.44567E+01   8.11931E-01
  0.00000E+00   5.37896E+01   6.12418E-01
  0.00000E+00   5.37729E+01   5.06028E-01
  0.00000E+00   5.45808E+01   5.29014E-01
  0.00000E+00   5.57772E+01   6.82330E-01
  0.00000E+00   5.70554E+01   6.18261E-01
  0.00000E+00   5.80290E+01   3.33725E-01
  0.00000E+00   5.92473E+01   9.62391E-02
  0.00000E+00   6.03636E+01  -1.68523E-02
  0.00000E+00   6.12654E+01   7.98447E-02
  0.00000E+00   6.22207E+01   1.28191E-01
  0.00000E+00   6.31813E+01   1.79924E-01
  0.00000E+00   6.44244E+01   3.83950E-01
  0.00000E+00   6.55162E+01   7.55110E-01
  0.00000E+00   6.59551E+01   1.00288E+00
  0.00000E+00   6.59259E+01   1.17036E+00
  0.00000E+00   6.53448E+01   1.07646E+00
  0.00000E+00   6.41424E+01   7.99474E-01
  0.00000E+00   6.32986E+01   5.24439E-01
  0.00000E+00   6.34308E+01   3.15921E-01
  0.00000E+00   6.46384E+01   1.49451E-01
  0.00000E+00   6.63449E+01  -4.39343E-02
  0.00000E+00   6.81979E+01  -2.77378E-01
  0.00000E+00   6.94654E+01  -4.70621E-01
  0.00000E+00   6.94752E+01  -6.21651E-01
  0.00000E+00   6.83923E+01  -7.69293E-01
  0.00000E+00   6.68432E+01  -9.34702E-01
  0.00000E+00   6.51568E+01  -8.04739E-01
  0.00000E+00   6.36789E+01  -6.33176E-01
  0.00000E+00   6.30031E+01  -5.23771E-01
  0.00000E+00   6.33714E+01  -5.43962E-01
  0.00000E+00   6.44255E+01  -9.41686E-01
  0.00000E+00   6.53963E+01  -1.47012E+00
  0.00000E+00   6.54071E+01  -1.82740E+00
  0.00000E+00   6.49884E+01  -2.00827E+00
  0.00000E+00   6.49414E+01  -2.03935E+00
  0.00000E+00   6.55404E+01  -2.18145E+00
  0.00000E+00   6.74331E+01  -2.41489E+00
  0.00000E+00   7.01226E+01  -2.67575E+00
  0.00000E+00   7.21811E+01  -2.84466E+00
  0.00000E+00   7.15682E+01  -2.86127E+00
  0.00000E+00   6.85873E+01  -2.56451E+00
  0.00000E+00   6.60978E+01  -1.94465E+00
  0.00000E+00   6.52820E+01  -1.38709E+00
  0.00000E+00   6.63295E+01  -8.87250E-01
  0.00000E+00   6.83968E+01  -5.91570E-01
  0.00000E+00   7.01646E+01  -5.26381E-01
  0.00000E+00   7.14309E+01  -7.50100E-01
  0.00000E+00   7.19080E+01  -9.62420E-01
  0.00000E+00   7.21429E+01  -9.17215E-01
  0.00000E+00   7.29014E+01  -7.73044E-01
  0.00000E+00   7.40984E+01  -5.96659E-01
  0.00000E+00   7.54921E+01  -3.78483E-01
  0.00000E+00   7.63948E+01  -2.94572E-01
  0.00000E+00   7.66645E+01  -3.34835E-01
  0.00000E+00   7.67165E+01  -5.37113E-01
  0.00000E+00   7.67688E+01  -7.73335E-01
  0.00000E+00   7.78532E+01  -9.10592E-01
  0.00000E+00   8.07830E+01  -1.07699E+00
  0.00000E+00   8.51251E+01  -1.24930E+00
  0.00000E+00   8.96330E+01  -1.68148E+00
  0.00000E+00   9.33123E+01  -2.12571E+00
  0.00000E+00   9.56141E+01  -2.49589E+00
  0.00000E+00   9.69196E+01  -2.74197E+00
  0.00000E+00   9.86538E+01  -2.92051E+00
  0.00000E+00   1.00065E+02  -2.86018E+00
  0.00000E+00   9.96892E+01  -2.48173E+00
  0.00000E+00   9.77920E+01  -1.87058E+00
  0.00000E+00   9.49965E+01  -1.41253E+00
  0.00000E+00   9.37875E+01  -1.00515E+00
  0.00000E+00   9.42653E+01  -6.50346E-01
  0.00000E+00   9.46145E+01  -2.93692E-01
  0.00000E+00   9.27519E+01  -1.12511E-01
  0.00000E+00   8.92754E+01  -1.56771E-01
  0.00000E+00   8.51695E+01  -1.14636E-01
  0.00000E+00   8.04917E+01   5.04335E-02
  0.00000E+00   7.46407E+01   3.20371E-01
  0.00000E+00   7.02049E+01   4.81764E-01
  0.00000E+00   6.93163E+01   1.09255E-01
  0.00000E+00   6.99490E+01  -3.42883E-01
  0.00000E+00   7.05477E+01  -5.74677E-01
  0.00000E+00   7.09593E+01  -4.22578E-01
  0.00000E+00   7.13071E+01  -3.22072E-01
  0.00000E+00   7.16324E+01  -1.51243E-01
  0.00000E+00   7.13283E+01  -6.70992E-02
  0.00000E+00   6.97218E+01  -6.56362E-02
  0.00000E+00   6.79693E+01   8.72712E-02
  0.00000E+00   6.67586E+01  -1.44596E-01
  0.00000E+00   6.64777E+01  -3.44885E-01
  0.00000E+00   6.72023E+01  -4.40526E-01
  0.00000E+00   6.87080E+01  -3.88831E-01
  0.00000E+00   7.06156E+01  -3.52496E-01
  0.00000E+00   7.25191E+01  -3.34106E-01
  0.00000E+00   7.45771E+01  -1.44459E-01
  0.00000E+00   7.65618E+01  -3.17908E-02
  0.00000E+00   7.76582E+01  -1.86313E-01
  0.00000E+00   7.77943E+01  -3.31882E-01
  0.00000E+00   7.74194E+01  -3.80381E-01
  0.00000E+00   7.67447E+01  -4.82012E-01
  0.00000E+00   7.59214E+01  -5.14529E-01
  0.00000E+00   7.49468E+01  -4.29064E-01
  0.00000E+00   7.49073E+01  -4.09939E-01
  0.00000E+00   7.61799E+01  -3.61145E-01
  0.00000E+00   7.72289E+01  -3.79349E-01
  0.00000E+00   7.73223E+01  -5.79023E-01
  0.00000E+00   7.72304E+01  -9.25317E-01
  0.00000E+00   7.75910E+01  -1.35002E+00
  0.00000E+00   7.86305E+01  -1.72076E+00
  0.00000E+00   8.03761E+01  -2.16643E+00
  0.00000E+00   8.28212E+01  -2.90697E+00
  0.00000E+00   8.55613E+01  -3.64341E+00
  0.00000E+00   8.74588E+01  -3.99964E+00
  0.00000E+00   8.83426E+01  -4.20522E+00
  0.00000E+00   8.96761E+01  -4.46062E+00
  0.00000E+00   9.12447E+01  -4.59897E+00
  0.00000E+00   9.19540E+01  -4.48527E+00
  0.00000E+00   9.21497E+01  -4.28571E+00
  0.00000E+00   9.21085E+01  -4.05425E+00
  0.00000E+00   9.18911E+01  -3.76154E+00
  0.00000E+00   9.14320E+01  -3.26143E+00
  0.00000E+00   9.02611E+01  -2.73618E+00
  0.00000E+00   8.96759E+01  -2.16153E+00
  0.00000E+00   9.12344E+01  -1.72309E+00
  0.00000E+00   9.45060E+01  -1.40863E+00
  0.00000E+00   9.79109E+01  -1.16422E+00
  0.00000E+00   1.00083E+02  -8.68790E-01
  0.00000E+00   1.00423E+02  -6.27431E-01
  0.00000E+00   9.83980E+01  -5.34040E-01
  0.00000E+00   9.59507E+01  -3.57348E-01
  0.00000E+00   9.55622E+01  -4.24906E-02
  0.00000E+00   9.69780E+01   5.56471E-01
  0.00000E+00   1.00056E+02   1.04360E+00
  0.00000E+00   1.02955E+02   1.39631E+00
  0.00000E+00   1.04015E+02   1.74337E+00
  0.00000E+00   1.02683E+02   2.18362E+00
  0.00000E+00   1.00095E+02   2.40541E+00
  0.00000E+00   9.83560E+01   2.35377E+00
  0.00000E+00   9.84013E+01   2.46591E+00
  0.00000E+00   9.99755E+01   2.56196E+00
  0.00000E+00   1.01570E+02   2.50997E+00
  0.00000E+00   1.02116E+02   2.22002E+00
  0.00000E+00   1.01456E+02   1.80647E+00
  0.00000E+00   9.90423E+01   1.43022E+00
  0.00000E+00   9.49552E+01   1.09292E+00
  0.00000E+00   9.01972E+01   5.50756E-01
  0.00000E+00   8.55995E+01   3.06659E-01
  0.00000E+00   8.27291E+01   2.02946E-01
  0.00000E+00   8.11307E+01  -5.54586E-02
  0.00000E+00   7.99428E+01  -8.77686E-02
  0.00000E+00   7.83340E+01   8.49250E-02
  0.00000E+00   7.61376E+01  -1.42676E-01
  0.00000E+00   7.41323E+01  -2.87179E-01
  0.00000E+00   7.24418E+01  -3.24833E-01
  0.00000E+00   7.17429E+01  -4.52303E-01
  0.00000E+00   7.25564E+01  -7.02269E-01
  0.00000E+00   7.42870E+01  -8.44172E-01
  0.00000E+00   7.52480E+01  -1.04933E+00
  0.00000E+00   7.56451E+01  -1.17758E+00
  0.00000E+00   7.54892E+01  -1.14293E+00
  0.00000E+00   7.48128E+01  -1.16295E+00
  0.00000E+00   7.44643E+01  -1.19222E+00
  0.00000E+00   7.51887E+01  -1.25797E+00
  0.00000E+00   7.64605E+01  -1.18525E+00
  0.00000E+00   7.77140E+01  -1.11359E+00
  0.00000E+00   7.81223E+01  -9.82938E-01
  0.00000E+00   7.87306E+01  -8.68655E-01
  0.00000E+00   7.91845E+01  -7.98143E-01
  0.00000E+00   7.98393E+01  -7.46203E-01
  0.00000E+00   8.11622E+01  -9.15128E-01
  0.00000E+00   8.34811E+01  -1.16354E+00
  0.00000E+00   8.60160E+01  -1.53973E+00
  0.00000E+00   8.87938E+01  -1.75037E+00
  0.00000E+00   9.17715E+01  -1.89641E+00
  0.00000E+00   9.50767E+01  -2.13290E+00
  0.00000E+00   9.86476E+01  -2.42936E+00
  0.00000E+00   1.02559E+02  -2.55708E+00
  0.00000E+00   1.06266E+02  -2.50003E+00
  0.00000E+00   1.08577E+02  -2.33036E+00
  0.00000E+00   1.08657E+02  -2.03456E+00
  0.00000E+00   1.07014E+02  -1.79378E+00
  0.00000E+00   1.05295E+02  -1.72546E+00
  0.00000E+00   1.05044E+02  -1.73673E+00
  0.00000E+00   1.05388E+02  -1.95003E+00
  0.00000E+00   1.06170E+02  -2.38030E+00
  0.00000E+00   1.05634E+02  -2.93366E+00
  0.00000E+00   1.03422E+02  -2.90453E+00
  0.00000E+00   1.01980E+02  -2.85588E+00
  0.00000E+00   1.01092E+02  -2.93514E+00
  0.00000E+00   1.00493E+02  -3.18626E+00
  0.00000E+00   9.91531E+01  -3.35497E+00
  0.00000E+00   9.54135E+01  -3.36618E+00
  0.00000E+00   8.95769E+01  -3.15542E+00
  0.00000E+00   8.41699E+01  -2.94341E+00
  0.00000E+00   8.11974E+01  -2.84315E+00
  0.00000E+00   8.08126E+01  -3.35550E+00
  0.00000E+00   8.22512E+01  -3.96268E+00
  0.00000E+00   8.38889E+01  -4.28679E+00
  0.00000E+00   8.38428E+01  -4.59516E+00
  0.00000E+00   8.29024E+01  -4.72330E+00
  0.00000E+00   8.17705E+01  -4.63221E+00
  0.00000E+00   8.06628E+01  -4.28672E+00
  0.00000E+00   7.92128E+01  -4.16356E+00
  0.00000E+00   7.80117E+01  -4.42199E+00
  0.00000E+00   7.73101E+01  -4.81230E+00
  0.00000E+00   7.80645E+01  -5.04816E+00
  0.00000E+00   7.92261E+01  -5.24505E+00
  0.00000E+00   7.90778E+01  -5.25845E+00
  0.00000E+00   7.76974E+01  -5.38284E+00
  0.00000E+00   7.71746E+01  -5.59437E+00
  0.00000E+00   7.84591E+01  -5.78086E+00
  0.00000E+00   8.14432E+01  -5.90431E+00
  0.00000E+00   8.50323E+01  -6.11840E+00
  0.00000E+00   8.80141E+01  -6.29395E+00
  0.00000E+00   8.94335E+01  -6.35908E+00
  0.00000E+00   8.92234E+01  -6.23631E+00
  0.00000E+00   8.77572E+01  -5.94415E+00
  0.00000E+00   8.62612E+01  -5.84562E+00
  0.00000E+00   8.57553E+01  -5.76034E+00
  0.00000E+00   8.69714E+01  -5.61310E+00
  0.00000E+00   8.91271E+01  -5.75165E+00
  0.00000E+00   9.12196E+01  -5.94768E+00
  0.00000E+00   9.15737E+01  -6.20496E+00
  0.00000E+00   9.10732E+01  -6.20162E+00
  0.00000E+00   9.05697E+01  -6.11076E+00
  0.00000E+00   8.98258E+01  -6.06505E+00
  0.00000E+00   8.83649E+01  -5.77897E+00
  0.00000E+00   8.62646E+01  -5.27624E+00
  0.00000E+00   8.48171E+01  -4.81202E+00
  0.00000E+00   8.51408E+01  -4.35036E+00
  0.00000E+00   8.75434E+01  -4.14251E+00
  0.00000E+00   9.12169E+01  -4.19378E+00
  0.00000E+00   9.37832E+01  -4.31617E+00
  0.00000E+00   9.36414E+01  -4.33439E+00
  0.00000E+00   9.18730E+01  -4.11292E+00
  0.00000E+00   9.00137E+01  -3.75898E+00
  0.00000E+00   8.85185E+01  -3.51796E+00
  0.00000E+00   8.71253E+01  -3.31088E+00
  0.00000E+00   8.58742E+01  -3.24132E+00
  0.00000E+00   8.48468E+01  -3.51018E+00
  0.00000E+00   8.48744E+01  -3.86810E+00
  0.00000E+00   8.64895E+01  -4.32802E+00
  0.00000E+00   8.82251E+01  -4.67383E+00
  0.00000E+00   8.98090E+01  -4.85467E+00
  0.00000E+00   9.08172E+01  -5.22037E+00
  0.00000E+00   9.16041E+01  -5.13800E+00
  0.00000E+00   9.20170E+01  -4.87272E+00
  0.00000E+00   9.12498E+01  -4.52726E+00
  0.00000E+00   8.89671E+01  -4.20587E+00
  0.00000E+00   8.62427E+01  -4.04667E+00
  0.00000E+00   8.42073E+01  -3.83860E+00
  0.00000E+00   8.36174E+01  -3.55882E+00
  0.00000E+00   8.32471E+01  -3.21680E+00
  0.00000E+00   8.27296E+01  -3.06947E+00
  0.00000E+00   8.27300E+01  -3.09049E+00
  0.00000E+00   8.25459E+01  -3.05544E+00
  0.00000E+00   8.21907E+01  -3.00346E+00
  0.00000E+00   8.18581E+01  -2.80935E+00
  0.00000E+00   8.13815E+01  -2.65169E+00
  0.00000E+00   8.15382E+01  -2.63200E+00
  0.00000E+00   8.26374E+01  -2.57696E+00
  0.00000E+00   8.42995E+01  -2.69703E+00
  0.00000E+00   8.65437E+01  -2.79818E+00
  0.00000E+00   8.87135E+01  -2.96614E+00
  0.00000E+00   8.99293E+01  -3.02979E+00
  0.00000E+00   8.96609E+01  -3.06754E+00
  0.00000E+00   8.86533E+01  -2.84201E+00
  0.00000E+00   8.68852E+01  -2.48507E+00
  0.00000E+00   8.58442E+01  -2.26135E+00
  0.00000E+00   8.60893E+01  -2.17010E+00
  0.00000E+00   8.72981E+01  -2.09680E+00
  0.00000E+00   8.83290E+01  -2.27750E+00
  0.00000E+00   8.92288E+01  -2.33422E+00
  0.00000E+00   8.98344E+01  -2.18852E+00
  0.00000E+00   8.95635E+01  -2.15829E+00
  0.00000E+00   8.94304E+01  -2.17684E+00
  0.00000E+00   8.98057E+01  -2.17361E+00
  0.00000E+00   9.10299E+01  -2.30654E+00
  0.00000E+00   9.32847E+01  -2.27171E+00
  0.00000E+00   9.56914E+01  -2.15432E+00
  0.00000E+00   9.76655E+01  -2.00736E+00
  0.00000E+00   9.82043E+01  -1.88166E+00
  0.00000E+00   9.74559E+01  -1.86278E+00
  0.00000E+00   9.65735E+01  -1.77564E+00
  0.00000E+00   9.61334E+01  -1.56533E+00
  0.00000E+00   9.68677E+01  -1.29476E+00
  0.00000E+00   9.83532E+01  -1.14056E+00
  0.00000E+00   9.89242E+01  -9.56773E-01
  0.00000E+00   9.80532E+01  -6.79764E-01
  0.00000E+00   9.71706E+01  -4.89401E-01
  0.00000E+00   9.64019E+01  -1.83267E-01
  0.00000E+00   9.58503E+01   5.33927E-02
  0.00000E+00   9.53454E+01   2.92808E-01
  0.00000E+00   9.37885E+01   2.78284E-01
  0.00000E+00   9.16814E+01   3.48622E-01
  0.00000E+00   8.94156E+01   3.45195E-01
  0.00000E+00   8.86968E+01   2.47011E-01
  0.00000E+00   8.92486E+01   1.59227E-01
  0.00000E+00   9.09713E+01   8.49828E-02
  0.00000E+00   9.34554E+01   1.87918E-01
  0.00000E+00   9.59400E+01   2.68427E-01
  0.00000E+00   9.72440E+01   3.39104E-01
  0.00000E+00   9.76523E+01   3.10796E-01
  0.00000E+00   9.71274E+01   3.49394E-01
  0.00000E+00   9.63275E+01   2.76855E-01
  0.00000E+00   9.66137E+01   2.01204E-01
  0.00000E+00   9.77700E+01   1.94379E-01
  0.00000E+00   9.94143E+01  -4.34125E-02
  0.00000E+00   1.00682E+02  -3.18424E-01
  0.00000E+00   1.02162E+02  -7.10577E-01
  0.00000E+00   1.03386E+02  -7.80604E-01
  0.00000E+00   1.05087E+02  -6.88241E-01
  0.00000E+00   1.07467E+02  -4.17335E-01
  0.00000E+00   1.09049E+02  -1.49511E-01
  0.00000E+00   1.09588E+02   1.21504E-02
  0.00000E+00   1.09190E+02   1.01268E-01
  0.00000E+00   1.08066E+02   1.00809E-01
  0.00000E+00   1.06785E+02  -1.46487E-04
  0.00000E+00   1.06721E+02  -2.83123E-01
  0.00000E+00   1.07515E+02  -5.47701E-01
  0.00000E+00   1.07818E+02  -7.41575E-01
  0.00000E+00   1.05405E+02  -8.93829E-01
  0.00000E+00   1.00891E+02  -8.40385E-01
  0.00000E+00   9.61918E+01  -4.58144E-01
  0.00000E+00   9.37526E+01  -1.39201E-01
  0.00000E+00   9.42336E+01  -7.79057E-02
  0.00000E+00   9.66385E+01  -2.54682E-01
  0.00000E+00   9.86932E+01  -4.27620E-01
  0.00000E+00   9.87233E+01  -3.21169E-01
  0.00000E+00   9.68326E+01  -8.95115E-02
  0.00000E+00   9.44224E+01   2.07814E-01
  0.00000E+00   9.24365E+01   1.98701E-01
  0.00000E+00   9.19588E+01   4.47577E-01
  0.00000E+00   9.18068E+01   7.20698E-01
  0.00000E+00   9.04599E+01   8.67391E-01
  0.00000E+00   8.87579E+01   9.85189E-01
  0.00000E+00   8.73849E+01   8.64810E-01
  0.00000E+00   8.86725E+01   9.10017E-01
  0.00000E+00   9.12768E+01   1.19080E+00
  0.00000E+00   9.30562E+01   1.57411E+00
  0.00000E+00   9.20732E+01   1.89570E+00
  0.00000E+00   8.97840E+01   2.28771E+00
  0.00000E+00   8.72407E+01   2.59587E+00
  0.00000E+00   8.53027E+01   2.48262E+00
  0.00000E+00   8.52918E+01   2.20145E+00
  0.00000E+00   8.64163E+01   1.96533E+00
  0.00000E+00   8.75818E+01   2.31315E+00
  0.00000E+00   8.92188E+01   2.53337E+00
  0.00000E+00   8.97934E+01   2.35014E+00
  0.00000E+00   8.95987E+01   2.22478E+00
  0.00000E+00   8.97060E+01   2.39991E+00
  0.00000E+00   9.05353E+01   2.57782E+00
  0.00000E+00   9.18507E+01   2.58558E+00
  0.00000E+00   9.33680E+01   2.28420E+00
  0.00000E+00   9.42936E+01   1.95839E+00
  0.00000E+00   9.48021E+01   1.73267E+00
  0.00000E+00   9.45542E+01   1.74472E+00
  0.00000E+00   9.40021E+01   1.67211E+00
  0.00000E+00   9.33078E+01   1.57139E+00
  0.00000E+00   9.30148E+01   1.33864E+00
  0.00000E+00   9.44162E+01   1.13659E+00
  0.00000E+00   9.69072E+01   1.01702E+00
  0.00000E+00   9.77679E+01   1.11795E+00
  0.00000E+00   9.60748E+01   1.25945E+00
  0.00000E+00   9.32740E+01   1.11428E+00
  0.00000E+00   9.16443E+01   7.22571E-01
  0.00000E+00   9.18450E+01   3.88902E-01
  0.00000E+00   9.29064E+01   1.60766E-01
  0.00000E+00   9.40872E+01   6.92936E-02
  0.00000E+00   9.56827E+01   1.13509E-01
  0.00000E+00   9.74266E+01   1.44848E-01
  0.00000E+00   9.84279E+01   1.47169E-01
  0.00000E+00   9.90759E+01   2.00760E-01
  0.00000E+00   9.99756E+01   2.89246E-01
  0.00000E+00   1.01494E+02   2.24986E-01
  0.00000E+00   1.03016E+02   5.85716E-02
  0.00000E+00   1.04724E+02  -3.34399E-02
  0.00000E+00   1.05405E+02   1.38136E-01
  0.00000E+00   1.04595E+02   3.18581E-01
  0.00000E+00   1.03044E+02   5.14727E-01
  0.00000E+00   1.01595E+02   6.10482E-01
  0.00000E+00   1.01550E+02   7.21987E-01
  0.00000E+00   1.02660E+02   7.44287E-01
  0.00000E+00   1.04278E+02   6.58446E-01
  0.00000E+00   1.05013E+02   7.38321E-01
  0.00000E+00   1.04391E+02   1.08919E+00
  0.00000E+00   1.03284E+02   1.38216E+00
  0.00000E+00   1.02492E+02   1.92426E+00
  0.00000E+00   1.01754E+02   2.07301E+00
  0.00000E+00   1.01441E+02   2.28227E+00
  0.00000E+00   1.01017E+02   2.25043E+00
  0.00000E+00   9.99738E+01   2.02218E+00
  0.00000E+00   9.92527E+01   2.06467E+00
  0.00000E+00   9.92768E+01   1.94270E+00
  0.00000E+00   9.95939E+01   1.81021E+00
  0.00000E+00   1.00196E+02   1.77573E+00
  0.00000E+00   9.98969E+01   1.88954E+00
  0.00000E+00   9.88316E+01   2.10965E+00
  0.00000E+00   9.79376E+01   2.09235E+00
  0.00000E+00   9.86666E+01   1.95995E+00
  0.00000E+00   1.01269E+02   1.88213E+00
  0.00000E+00   1.04516E+02   1.80149E+00
  0.00000E+00   1.06652E+02   1.83495E+00
  0.00000E+00   1.07101E+02   1.85965E+00
  0.00000E+00   1.06626E+02   1.84819E+00
  0.00000E+00   1.06460E+02   1.92024E+00
  0.00000E+00   1.08048E+02   1.93387E+00
  0.00000E+00   1.11471E+02   1.80384E+00
  0.00000E+00   1.15498E+02   1.65971E+00
  0.00000E+00   1.17295E+02   1.45220E+00
  0.00000E+00   1.15607E+02   1.30282E+00
  0.00000E+00   1.11350E+02   1.39664E+00
  0.00000E+00   1.06399E+02   1.60393E+00
  0.00000E+00   1.03819E+02   1.80397E+00
  0.00000E+00   1.03979E+02   1.87196E+00
  0.00000E+00   1.05149E+02   1.85626E+00
  0.00000E+00   1.06626E+02   1.83410E+00
  0.00000E+00   1.07094E+02   1.79112E+00
  0.00000E+00   1.06863E+02   1.48977E+00
  0.00000E+00   1.06561E+02   1.40943E+00
  0.00000E+00   1.06736E+02   1.52913E+00
  0.00000E+00   1.08109E+02   1.66604E+00
  0.00000E+00   1.10580E+02   1.59766E+00
  0.00000E+00   1.12955E+02   1.53136E+00
  0.00000E+00   1.14693E+02   1.35267E+00
  0.00000E+00   1.15932E+02   1.09945E+00
  0.00000E+00   1.16209E+02   7.86604E-01
  0.00000E+00   1.15858E+02   6.28116E-01
  0.00000E+00   1.15726E+02   5.34424E-01
  0.00000E+00   1.16180E+02   3.96878E-01
  0.00000E+00   1.17726E+02   3.09411E-01
  0.00000E+00   1.19797E+02   5.62664E-01
  0.00000E+00   1.22317E+02   5.45700E-01
  0.00000E+00   1.24886E+02   6.59988E-01
  0.00000E+00   1.27796E+02   7.06478E-01
  0.00000E+00   1.31377E+02   5.33082E-01
  0.00000E+00   1.33968E+02   4.72915E-01
  0.00000E+00   1.36078E+02   5.63425E-01
  0.00000E+00   1.37387E+02   5.22825E-01
  0.00000E+00   1.38367E+02   5.08144E-01
  0.00000E+00   1.38200E+02   3.63979E-01
  0.00000E+00   1.38781E+02   3.85682E-02
  0.00000E+00   1.40748E+02  -2.04699E-01
  0.00000E+00   1.43453E+02  -3.73294E-02
  0.00000E+00   1.44502E+02  -1.02965E-02
  0.00000E+00   1.43149E+02   2.78735E-03
  0.00000E+00   1.40740E+02   8.09343E-02
  0.00000E+00   1.38490E+02   4.72840E-02
  0.00000E+00   1.36907E+02   7.91126E-02
  0.00000E+00   1.36707E+02  -6.15953E-02
  0.00000E+00   1.37302E+02  -3.83378E-01
  0.00000E+00   1.37712E+02  -8.68166E-01
  0.00000E+00   1.37345E+02  -1.14732E+00
  0.00000E+00   1.37570E+02  -1.08983E+00
  0.00000E+00   1.38946E+02  -6.65610E-01
  0.00000E+00   1.40371E+02  -2.43647E-01
  0.00000E+00   1.41508E+02   6.87317E-02
  0.00000E+00   1.42524E+02   5.40773E-01
  0.00000E+00   1.42696E+02   8.23421E-01
  0.00000E+00   1.41040E+02   1.33399E+00
  0.00000E+00   1.38672E+02   1.49234E+00
  0.00000E+00   1.37318E+02   1.71251E+00
  0.00000E+00   1.36775E+02   1.76112E+00
  0.00000E+00   1.37241E+02   1.65860E+00
  0.00000E+00   1.38069E+02   1.36393E+00
  0.00000E+00   1.38772E+02   1.13660E+00
  0.00000E+00   1.38108E+02   1.00175E+00
  0.00000E+00   1.36557E+02   8.43233E-01
  0.00000E+00   1.35862E+02   3.86395E-01
  0.00000E+00   1.34635E+02  -1.43342E-01
  0.00000E+00   1.35383E+02  -4.73187E-01
  0.00000E+00   1.37484E+02  -9.27303E-01
  0.00000E+00   1.40582E+02  -1.24225E+00
  0.00000E+00   1.44117E+02  -1.73586E+00
  0.00000E+00   1.46750E+02  -2.17991E+00
  0.00000E+00   1.49329E+02  -2.59168E+00
  0.00000E+00   1.52138E+02  -3.02980E+00
  0.00000E+00   1.54697E+02  -3.39679E+00
  0.00000E+00   1.55649E+02  -3.77549E+00
  0.00000E+00   1.55849E+02  -4.10999E+00
  0.00000E+00   1.54730E+02  -4.75857E+00
  0.00000E+00   1.53189E+02  -5.42598E+00
  0.00000E+00   1.51882E+02  -6.01754E+00
  0.00000E+00   1.51533E+02  -6.43556E+00
  0.00000E+00   1.52047E+02  -6.43626E+00
  0.00000E+00   1.53538E+02  -6.13910E+00
  0.00000E+00   1.54888E+02  -5.80598E+00
  0.00000E+00   1.54913E+02  -5.18270E+00
  0.00000E+00   1.55160E+02  -5.02657E+00
  0.00000E+00   1.56515E+02  -5.45564E+00
  0.00000E+00   1.58136E+02  -5.89395E+00
  0.00000E+00   1.59823E+02  -5.96236E+00
  0.00000E+00   1.61911E+02  -6.09356E+00
  0.00000E+00   1.63766E+02  -6.20202E+00
  0.00000E+00   1.64306E+02  -5.95243E+00
  0.00000E+00   1.62971E+02  -5.46170E+00
  0.00000E+00   1.61937E+02  -5.19204E+00
  0.00000E+00   1.61399E+02  -4.80194E+00
  0.00000E+00   1.63327E+02  -4.71771E+00
  0.00000E+00   1.66637E+02  -4.45161E+00
  0.00000E+00   1.68285E+02  -4.31934E+00
  0.00000E+00   1.68987E+02  -4.23331E+00
  0.00000E+00   1.67494E+02  -4.28642E+00
  0.00000E+00   1.66163E+02  -4.41565E+00
  0.00000E+00   1.64485E+02  -4.20758E+00
  0.00000E+00   1.62455E+02  -3.97502E+00
  0.00000E+00   1.60405E+02  -3.77244E+00
  0.00000E+00   1.59035E+02  -3.47140E+00
  0.00000E+00   1.56953E+02  -2.98031E+00
  0.00000E+00   1.53735E+02  -2.87274E+00
  0.00000E+00   1.51358E+02  -3.14963E+00
  0.00000E+00   1.49082E+02  -3.34835E+00
  0.00000E+00   1.46776E+02  -3.28238E+00
  0.00000E+00   1.45531E+02  -3.18105E+00
  0.00000E+00   1.45931E+02  -3.04210E+00
  0.00000E+00   1.47079E+02  -2.77249E+00
  0.00000E+00   1.47376E+02  -2.62168E+00
  0.00000E+00   1.47799E+02  -2.85900E+00
  0.00000E+00   1.48713E+02  -2.67467E+00
  0.00000E+00   1.50339E+02  -2.58249E+00
  0.00000E+00   1.52420E+02  -2.49260E+00
  0.00000E+00   1.55132E+02  -2.28450E+00
  0.00000E+00   1.57486E+02  -2.02325E+00
  0.00000E+00   1.57820E+02  -1.73992E+00
  0.00000E+00   1.56574E+02  -1.46638E+00
  0.00000E+00   1.53501E+02  -1.10036E+00
  0.00000E+00   1.51017E+02  -8.30230E-01
  0.00000E+00   1.50333E+02  -6.60611E-01
  0.00000E+00   1.50092E+02  -5.94085E-01
  0.00000E+00   1.50405E+02  -2.14342E-01
  0.00000E+00   1.51059E+02   2.24289E-01
  0.00000E+00   1.51568E+02   6.01574E-01
  0.00000E+00   1.51347E+02   1.08465E+00
  0.00000E+00   1.50281E+02   1.78899E+00
  0.00000E+00   1.48467E+02   2.15989E+00
  0.00000E+00   1.45910E+02   2.11885E+00
  0.00000E+00   1.41582E+02   1.68362E+00
  0.00000E+00   1.38000E+02   1.24488E+00
  0.00000E+00   1.35805E+02   8.76498E-01
  0.00000E+00   1.35380E+02   2.44404E-01
  0.00000E+00   1.34700E+02   5.83699E-02
  0.00000E+00   1.33133E+02  -2.31573E-02
  0.00000E+00   1.31941E+02  -3.84075E-01
  0.00000E+00   1.31774E+02  -5.02807E-01
  0.00000E+00   1.30916E+02  -8.03564E-01
  0.00000E+00   1.28709E+02  -9.02509E-01
  0.00000E+00   1.26021E+02  -1.03849E+00
  0.00000E+00   1.24018E+02  -1.08299E+00
  0.00000E+00   1.23110E+02  -1.24437E+00
  0.00000E+00   1.22605E+02  -1.11150E+00
  0.00000E+00   1.22050E+02  -1.10042E+00
  0.00000E+00   1.20282E+02  -8.19860E-01
  0.00000E+00   1.18724E+02  -5.04382E-01
  0.00000E+00   1.16095E+02  -4.95178E-01
  0.00000E+00   1.12635E+02  -5.45617E-01
  0.00000E+00   1.09037E+02  -6.31775E-01
  0.00000E+00   1.05734E+02  -1.09487E+00
  0.00000E+00   1.03340E+02  -1.65478E+00
  0.00000E+00   1.02678E+02  -2.19068E+00
  0.00000E+00   1.02558E+02  -2.91771E+00
  0.00000E+00   1.02804E+02  -3.03535E+00
  0.00000E+00   1.03126E+02  -3.00433E+00
  0.00000E+00   1.02563E+02  -2.59824E+00
  0.00000E+00   1.00792E+02  -2.47252E+00
  0.00000E+00   9.89795E+01  -2.42710E+00
  0.00000E+00   9.68285E+01  -2.54767E+00
  0.00000E+00   9.48952E+01  -2.39579E+00
  0.00000E+00   9.30940E+01  -2.39232E+00
  0.00000E+00   9.26520E+01  -2.56442E+00
  0.00000E+00   9.35784E+01  -2.82207E+00
  0.00000E+00   9.43560E+01  -2.77686E+00
  0.00000E+00   9.47726E+01  -2.62838E+00
  0.00000E+00   9.46905E+01  -2.40018E+00
  0.00000E+00   9.37791E+01  -2.48457E+00
  0.00000E+00   9.21025E+01  -2.53061E+00
  0.00000E+00   9.10598E+01  -2.73585E+00
  0.00000E+00   9.04723E+01  -3.09741E+00
  0.00000E+00   9.13394E+01  -3.52206E+00
  0.00000E+00   9.26730E+01  -3.56838E+00
  0.00000E+00   9.37859E+01  -3.50227E+00
  0.00000E+00   9.30473E+01  -3.24917E+00
  0.00000E+00   9.13777E+01  -2.94622E+00
  0.00000E+00   8.98343E+01  -2.50212E+00
  0.00000E+00   8.80026E+01  -2.35123E+00
  0.00000E+00   8.57536E+01  -2.05284E+00
  0.00000E+00   8.35344E+01  -1.90413E+00
  0.00000E+00   8.24472E+01  -1.65919E+00
  0.00000E+00   8.29196E+01  -1.55370E+00
  0.00000E+00   8.41817E+01  -1.48683E+00
  0.00000E+00   8.49326E+01  -1.13953E+00
  0.00000E+00   8.45493E+01  -6.96580E-01
  0.00000E+00   8.32919E+01  -5.01784E-01
  0.00000E+00   8.12888E+01  -8.06342E-01
  0.00000E+00   8.01998E+01  -1.02687E+00
  0.00000E+00   7.92828E+01  -1.42065E+00
  0.00000E+00   7.86143E+01  -1.84968E+00
  0.00000E+00   7.93046E+01  -2.10022E+00
  0.00000E+00   8.11225E+01  -2.40884E+00
  0.00000E+00   8.37638E+01  -2.46496E+00
  0.00000E+00   8.59674E+01  -2.51811E+00
  0.00000E+00   8.67329E+01  -2.67320E+00
  0.00000E+00   8.66345E+01  -2.66769E+00
  0.00000E+00   8.52904E+01  -2.58662E+00
  0.00000E+00   8.29008E+01  -2.31488E+00
  0.00000E+00   8.21529E+01  -2.19903E+00
  0.00000E+00   8.27444E+01  -2.14977E+00
  0.00000E+00   8.50492E+01  -2.01555E+00
  0.00000E+00   8.74131E+01  -1.78839E+00
  0.00000E+00   8.84064E+01  -1.43921E+00
  0.00000E+00   8.65888E+01  -8.91765E-01
  0.00000E+00   8.40032E+01  -3.88149E-01
  0.00000E+00   8.14113E+01  -1.93743E-01
  0.00000E+00   8.10824E+01  -1.53873E-01
  0.00000E+00   8.21010E+01  -1.69407E-01
  0.00000E+00   8.38331E+01  -2.16233E-01
  0.00000E+00   8.64378E+01  -1.58763E-01
  0.00000E+00   8.99359E+01  -1.08566E-01
  0.00000E+00   9.34584E+01   5.13388E-02
  0.00000E+00   9.46522E+01   6.14406E-02
  0.00000E+00   9.34348E+01  -6.35175E-02
  0.00000E+00   9.04136E+01  -8.11342E-02
  0.00000E+00   8.75126E+01  -3.66658E-01
  0.00000E+00   8.54588E+01  -7.47653E-01
  0.00000E+00   8.30738E+01  -1.05854E+00
  0.00000E+00   8.16910E+01  -1.22986E+00
  0.00000E+00   8.24361E+01  -1.19444E+00
  0.00000E+00   8.39154E+01  -1.55289E+00
  0.00000E+00   8.51103E+01  -1.99479E+00
  0.00000E+00   8.40361E+01  -2.38579E+00
  0.00000E+00   8.12534E+01  -2.75484E+00
  0.00000E+00   7.83560E+01  -2.91513E+00
  0.00000E+00   7.56250E+01  -2.98040E+00
  0.00000E+00   7.36335E+01  -2.94057E+00
  0.00000E+00   7.23204E+01  -2.84249E+00
  0.00000E+00   7.16154E+01  -2.81447E+00
  0.00000E+00   7.09560E+01  -2.85741E+00
  0.00000E+00   7.06042E+01  -2.79896E+00
  0.00000E+00   7.14449E+01  -2.74698E+00
  0.00000E+00   7.27778E+01  -2.82805E+00
  0.00000E+00   7.31430E+01  -2.71476E+00
  0.00000E+00   7.36191E+01  -2.75734E+00
  0.00000E+00   7.43128E+01  -2.77032E+00
  0.00000E+00   7.47511E+01  -2.83267E+00
  0.00000E+00   7.49777E+01  -2.75728E+00
  0.00000E+00   7.53859E+01  -2.56609E+00
  0.00000E+00   7.58227E+01  -2.56742E+00
  0.00000E+00   7.62414E+01  -2.47146E+00
  0.00000E+00   7.52591E+01  -2.24849E+00
  0.00000E+00   7.35421E+01  -2.15855E+00
  0.00000E+00   7.20926E+01  -2.12481E+00
  0.00000E+00   7.09583E+01  -2.14092E+00
  0.00000E+00   6.92193E+01  -2.08274E+00
  0.00000E+00   6.77980E+01  -2.19017E+00
  0.00000E+00   6.75660E+01  -2.23748E+00
  0.00000E+00   6.86362E+01  -2.21645E+00
  0.00000E+00   6.96504E+01  -2.11916E+00
  0.00000E+00   6.96061E+01  -2.05624E+00
  0.00000E+00   6.86678E+01  -2.03082E+00
  0.00000E+00   6.74708E+01  -2.01999E+00
  0.00000E+00   6.68517E+01  -1.95814E+00
  0.00000E+00   6.71736E+01  -1.84884E+00
  0.00000E+00   6.78637E+01  -1.52299E+00
  0.00000E+00   6.90414E+01  -1.17007E+00
  0.00000E+00   7.06786E+01  -8.03764E-01
  0.00000E+00   7.25402E+01  -5.38391E-01
  0.00000E+00   7.44068E+01  -5.33118E-01
  0.00000E+00   7.54310E+01  -6.41650E-01
  0.00000E+00   7.46392E+01  -6.70369E-01
  0.00000E+00   7.30820E+01  -5.63880E-01
  0.00000E+00   7.26220E+01  -6.93771E-01
  0.00000E+00   7.29839E+01  -9.71203E-01
  0.00000E+00   7.35997E+01  -9.63759E-01
  0.00000E+00   7.44713E+01  -8.63157E-01
  0.00000E+00   7.60103E+01  -6.95266E-01
  0.00000E+00   7.68627E+01  -5.68056E-01
  0.00000E+00   7.68296E+01  -3.95356E-01
  0.00000E+00   7.43900E+01  -2.67867E-01
  0.00000E+00   7.06965E+01  -3.25204E-01
  0.00000E+00   6.82069E+01  -3.13675E-01
  0.00000E+00   6.76487E+01  -3.77044E-01
  0.00000E+00   6.83902E+01  -2.26865E-01
  0.00000E+00   6.97031E+01  -2.06261E-01
  0.00000E+00   7.05053E+01  -1.85462E-01
  0.00000E+00   7.13364E+01   6.06433E-02
  0.00000E+00   7.24089E+01   2.10730E-01
  0.00000E+00   7.36979E+01   1.40724E-01
  0.00000E+00   7.41368E+01  -2.57608E-01
  0.00000E+00   7.37946E+01  -6.13380E-01
  0.00000E+00   7.30575E+01  -7.55340E-01
