  0.00000E+00   1.14749E-04   3.81669E-06
  0.00000E+00  -5.83450E-05   4.20974E-06
  0.00000E+00  -6.06954E-05   1.25478E-05
  0.00000E+00   4.01846E-05  -5.62589E-06
  0.00000E+00   5.74333E-05   3.33721E-06
  0.00000E+00   9.16770E-05   1.05907E-06
  0.00000E+00   1.19331E-04   3.62575E-07
  0.00000E+00   1.37191E-04   1.54123E-06
  0.00000E+00   1.49140E-04   1.27802E-06
  0.00000E+00   1.55475E-04   1.36309E-06
  0.00000E+00   1.56911E-04   9.79536E-07
  0.00000E+00   1.61146E-04   5.24477E-07
  0.00000E+00   1.66134E-04   1.75010E-07
  0.00000E+00   1.70956E-04   2.56311E-07
  0.00000E+00   1.75924E-04   3.97943E-07
  0.00000E+00   1.79396E-04   3.40950E-07
  0.00000E+00   1.83521E-04   2.56346E-07
  0.00000E+00   1.88874E-04   3.41510E-07
  0.00000E+00   1.94743E-04   3.60491E-07
  0.00000E+00   2.00927E-04   3.41480E-07
  0.00000E+00   2.07764E-04   3.05964E-07
  0.00000E+00   2.14703E-04   2.30005E-07
  0.00000E+00   2.22087E-04   1.41253E-07
  0.00000E+00   2.30459E-04   7.75506E-08
  0.00000E+00   2.39902E-04   1.47290E-09
  0.00000E+00   2.50111E-04  -4.84887E-08
  0.00000E+00   2.61193E-04  -5.70652E-08
  0.00000E+00   2.73232E-04  -5.05229E-08
  0.00000E+00   2.86404E-04  -6.46183E-08
  0.00000E+00   3.00680E-04  -1.21190E-07
  0.00000E+00   3.16093E-04  -1.66252E-07
  0.00000E+00   3.32683E-04  -2.41240E-07
  0.00000E+00   3.50692E-04  -3.18730E-07
  0.00000E+00   3.70198E-04  -3.72062E-07
  0.00000E+00   3.91315E-04  -4.07536E-07
  0.00000E+00   4.14144E-04  -4.39063E-07
  0.00000E+00   4.38813E-04  -4.67343E-07
  0.00000E+00   4.65464E-04  -4.91929E-07
  0.00000E+00   4.94251E-04  -5.10434E-07
  0.00000E+00   5.25264E-04  -5.34826E-07
  0.00000E+00   5.58709E-04  -5.77436E-07
  0.00000E+00   5.94810E-04  -6.26100E-07
  0.00000E+00   6.33744E-04  -6.78508E-07
  0.00000E+00   6.75739E-04  -7.39527E-07
  0.00000E+00   7.21016E-04  -8.10643E-07
  0.00000E+00   7.69894E-04  -8.87215E-07
  0.00000E+00   8.22642E-04  -9.82738E-07
  0.00000E+00   8.79515E-04  -1.09683E-06
  0.00000E+00   9.40820E-04  -1.22904E-06
  0.00000E+00   1.00693E-03  -1.38407E-06
  0.00000E+00   1.07825E-03  -1.54837E-06
  0.00000E+00   1.15518E-03  -1.72130E-06
  0.00000E+00   1.23816E-03  -1.91220E-06
  0.00000E+00   1.32765E-03  -2.12416E-06
  0.00000E+00   1.42420E-03  -2.35794E-06
  0.00000E+00   1.52834E-03  -2.61208E-06
  0.00000E+00   1.64067E-03  -2.89299E-06
  0.00000E+00   1.76188E-03  -3.20401E-06
  0.00000E+00   1.89269E-03  -3.53807E-06
  0.00000E+00   2.03388E-03  -3.89264E-06
  0.00000E+00   2.18631E-03  -4.27762E-06
  0.00000E+00   2.35091E-03  -4.69668E-06
  0.00000E+00   2.52869E-03  -5.15209E-06
  0.00000E+00   2.72072E-03  -5.64779E-06
  0.00000E+00   2.92818E-03  -6.17702E-06
  0.00000E+00   3.15236E-03  -6.73340E-06
  0.00000E+00   3.39465E-03  -7.32206E-06
  0.00000E+00   3.65653E-03  -7.95546E-06
  0.00000E+00   3.93963E-03  -8.64090E-06
  0.00000E+00   4.24570E-03  -9.38314E-06
  0.00000E+00   4.57663E-03  -1.01920E-05
  0.00000E+00   4.93450E-03  -1.10760E-05
  0.00000E+00   5.32154E-03  -1.20396E-05
  0.00000E+00   5.74016E-03  -1.30895E-05
  0.00000E+00   6.19299E-03  -1.42369E-05
  0.00000E+00   6.68285E-03  -1.54909E-05
  0.00000E+00   7.21281E-03  -1.68521E-05
  0.00000E+00   7.78618E-03  -1.83215E-05
  0.00000E+00   8.40653E-03  -1.99039E-05
  0.00000E+00   9.07774E-03  -2.16080E-05
  0.00000E+00   9.80402E-03  -2.34488E-05
  0.00000E+00   1.05899E-02  -2.54414E-05
  0.00000E+00   1.14402E-02  -2.75947E-05
  0.00000E+00   1.23603E-02  -2.99164E-05
  0.00000E+00   1.33559E-02  -3.24193E-05
  0.00000E+00   1.44331E-02  -3.51228E-05
  0.00000E+00   1.55987E-02  -3.80499E-05
  0.00000E+00   1.68597E-02  -4.12206E-05
  0.00000E+00   1.82239E-02  -4.46501E-05
  0.00000E+00   1.96997E-02  -4.83530E-05
  0.00000E+00   2.12960E-02  -5.23509E-05
  0.00000E+00   2.30225E-02  -5.66729E-05
  0.00000E+00   2.48895E-02  -6.13509E-05
  0.00000E+00   2.69083E-02  -6.64143E-05
  0.00000E+00   2.90906E-02  -7.18910E-05
  0.00000E+00   3.14495E-02  -7.78121E-05
  0.00000E+00   3.39986E-02  -8.42129E-05
  0.00000E+00   3.67527E-02  -9.11320E-05
  0.00000E+00   3.97276E-02  -9.86115E-05
  0.00000E+00   4.29402E-02  -1.06700E-04
  0.00000E+00   4.64085E-02  -1.15455E-04
  0.00000E+00   5.01516E-02  -1.24937E-04
  0.00000E+00   5.41902E-02  -1.35207E-04
  0.00000E+00   5.85461E-02  -1.46334E-04
  0.00000E+00   6.32425E-02  -1.58391E-04
  0.00000E+00   6.83042E-02  -1.71466E-04
  0.00000E+00   7.37574E-02  -1.85660E-04
  0.00000E+00   7.96301E-02  -2.01077E-04
  0.00000E+00   8.59518E-02  -2.17826E-04
  0.00000E+00   9.27540E-02  -2.36023E-04
  0.00000E+00   1.00070E-01  -2.55798E-04
  0.00000E+00   1.07935E-01  -2.77298E-04
  0.00000E+00   1.16386E-01  -3.00686E-04
  0.00000E+00   1.25464E-01  -3.26136E-04
  0.00000E+00   1.35209E-01  -3.53833E-04
  0.00000E+00   1.45667E-01  -3.83979E-04
  0.00000E+00   1.56883E-01  -4.16791E-04
  0.00000E+00   1.68909E-01  -4.52504E-04
  0.00000E+00   1.81797E-01  -4.91370E-04
  0.00000E+00   1.95602E-01  -5.33650E-04
  0.00000E+00   2.10383E-01  -5.79615E-04
  0.00000E+00   2.26204E-01  -6.29542E-04
  0.00000E+00   2.43130E-01  -6.83711E-04
  0.00000E+00   2.61232E-01  -7.42402E-04
  0.00000E+00   2.80583E-01  -8.05885E-04
  0.00000E+00   3.01261E-01  -8.74407E-04
  0.00000E+00   3.23348E-01  -9.48184E-04
  0.00000E+00   3.46930E-01  -1.02739E-03
  0.00000E+00   3.72097E-01  -1.11211E-03
  0.00000E+00   3.98941E-01  -1.20238E-03
  0.00000E+00   4.27559E-01  -1.29807E-03
  0.00000E+00   4.58050E-01  -1.39895E-03
  0.00000E+00   4.90516E-01  -1.50462E-03
  0.00000E+00   5.25059E-01  -1.61447E-03
  0.00000E+00   5.61782E-01  -1.72772E-03
  0.00000E+00   6.00786E-01  -1.84340E-03
  0.00000E+00   6.42171E-01  -1.96039E-03
  0.00000E+00   6.86033E-01  -2.07743E-03
  0.00000E+00   7.32462E-01  -2.19328E-03
  0.00000E+00   7.81538E-01  -2.30672E-03
  0.00000E+00   8.33334E-01  -2.41676E-03
  0.00000E+00   8.87907E-01  -2.52273E-03
  0.00000E+00   9.45300E-01  -2.62443E-03
  0.00000E+00   1.00553E+00  -2.72222E-03
  0.00000E+00   1.06861E+00  -2.81709E-03
  0.00000E+00   1.13450E+00  -2.91075E-03
  0.00000E+00   1.20313E+00  -3.00562E-03
  0.00000E+00   1.27442E+00  -3.10491E-03
  0.00000E+00   1.34820E+00  -3.21263E-03
  0.00000E+00   1.42430E+00  -3.33366E-03
  0.00000E+00   1.50245E+00  -3.47381E-03
  0.00000E+00   1.58236E+00  -3.63978E-03
  0.00000E+00   1.66364E+00  -3.83902E-03
  0.00000E+00   1.74587E+00  -4.07955E-03
  0.00000E+00   1.82853E+00  -4.36967E-03
  0.00000E+00   1.91109E+00  -4.71766E-03
  0.00000E+00   1.99292E+00  -5.13151E-03
  0.00000E+00   2.07337E+00  -5.61850E-03
  0.00000E+00   2.15178E+00  -6.18486E-03
  0.00000E+00   2.22748E+00  -6.83521E-03
  0.00000E+00   2.29980E+00  -7.57210E-03
  0.00000E+00   2.36815E+00  -8.39571E-03
  0.00000E+00   2.43197E+00  -9.30387E-03
  0.00000E+00   2.49082E+00  -1.02922E-02
  0.00000E+00   2.54436E+00  -1.13544E-02
  0.00000E+00   2.59238E+00  -1.24813E-02
  0.00000E+00   2.63483E+00  -1.36589E-02
  0.00000E+00   2.67178E+00  -1.48661E-02
  0.00000E+00   2.70347E+00  -1.60724E-02
  0.00000E+00   2.73028E+00  -1.72383E-02
  0.00000E+00   2.75275E+00  -1.83286E-02
  0.00000E+00   2.77149E+00  -1.93366E-02
  0.00000E+00   2.78719E+00  -2.02946E-02
  0.00000E+00   2.80055E+00  -2.12544E-02
  0.00000E+00   2.81225E+00  -2.22555E-02
  0.00000E+00   2.82296E+00  -2.33046E-02
  0.00000E+00   2.83331E+00  -2.43786E-02
  0.00000E+00   2.84384E+00  -2.54422E-02
  0.00000E+00   2.85500E+00  -2.64517E-02
  0.00000E+00   2.86719E+00  -2.73870E-02
  0.00000E+00   2.88079E+00  -2.82981E-02
  0.00000E+00   2.89626E+00  -2.92943E-02
  0.00000E+00   2.91419E+00  -3.04638E-02
  0.00000E+00   2.93514E+00  -3.18345E-02
  0.00000E+00   2.95964E+00  -3.34211E-02
  0.00000E+00   2.98801E+00  -3.52144E-02
  0.00000E+00   3.02018E+00  -3.71644E-02
  0.00000E+00   3.05537E+00  -3.91777E-02
  0.00000E+00   3.09232E+00  -4.11385E-02
  0.00000E+00   3.12988E+00  -4.28879E-02
  0.00000E+00   3.16736E+00  -4.42122E-02
  0.00000E+00   3.20446E+00  -4.48869E-02
  0.00000E+00   3.24119E+00  -4.46916E-02
  0.00000E+00   3.27784E+00  -4.34958E-02
  0.00000E+00   3.31478E+00  -4.13093E-02
  0.00000E+00   3.35230E+00  -3.82963E-02
  0.00000E+00   3.39064E+00  -3.47722E-02
  0.00000E+00   3.43008E+00  -3.11190E-02
  0.00000E+00   3.47091E+00  -2.77130E-02
  0.00000E+00   3.51331E+00  -2.48957E-02
  0.00000E+00   3.55726E+00  -2.28983E-02
  0.00000E+00   3.60254E+00  -2.18012E-02
  0.00000E+00   3.64879E+00  -2.15561E-02
  0.00000E+00   3.69549E+00  -2.19771E-02
  0.00000E+00   3.74202E+00  -2.27819E-02
  0.00000E+00   3.78765E+00  -2.37083E-02
  0.00000E+00   3.83152E+00  -2.45968E-02
  0.00000E+00   3.87270E+00  -2.53666E-02
  0.00000E+00   3.91042E+00  -2.59557E-02
  0.00000E+00   3.94421E+00  -2.63230E-02
  0.00000E+00   3.97411E+00  -2.64811E-02
  0.00000E+00   4.00057E+00  -2.64976E-02
  0.00000E+00   4.02427E+00  -2.64158E-02
  0.00000E+00   4.04585E+00  -2.61658E-02
  0.00000E+00   4.06594E+00  -2.55546E-02
  0.00000E+00   4.08513E+00  -2.43728E-02
  0.00000E+00   4.10414E+00  -2.25439E-02
  0.00000E+00   4.12384E+00  -2.01316E-02
  0.00000E+00   4.14511E+00  -1.72824E-02
  0.00000E+00   4.16861E+00  -1.42556E-02
  0.00000E+00   4.19446E+00  -1.14196E-02
  0.00000E+00   4.22192E+00  -9.03626E-03
  0.00000E+00   4.24937E+00  -7.18619E-03
  0.00000E+00   4.27478E+00  -5.91701E-03
  0.00000E+00   4.29636E+00  -5.20303E-03
  0.00000E+00   4.31307E+00  -4.84212E-03
  0.00000E+00   4.32459E+00  -4.43332E-03
  0.00000E+00   4.33108E+00  -3.52700E-03
  0.00000E+00   4.33298E+00  -1.84499E-03
  0.00000E+00   4.33097E+00   5.99578E-04
  0.00000E+00   4.32594E+00   3.55821E-03
  0.00000E+00   4.31891E+00   6.70293E-03
  0.00000E+00   4.31086E+00   9.70039E-03
  0.00000E+00   4.30250E+00   1.23017E-02
  0.00000E+00   4.29420E+00   1.44971E-02
  0.00000E+00   4.28602E+00   1.65049E-02
  0.00000E+00   4.27787E+00   1.86037E-02
  0.00000E+00   4.26947E+00   2.10278E-02
  0.00000E+00   4.26052E+00   2.38694E-02
  0.00000E+00   4.25081E+00   2.70288E-02
  0.00000E+00   4.24003E+00   3.02880E-02
  0.00000E+00   4.22761E+00   3.34956E-02
  0.00000E+00   4.21265E+00   3.65700E-02
  0.00000E+00   4.19428E+00   3.92815E-02
  0.00000E+00   4.17224E+00   4.12724E-02
  0.00000E+00   4.14716E+00   4.22692E-02
  0.00000E+00   4.12026E+00   4.22712E-02
  0.00000E+00   4.09283E+00   4.15183E-02
  0.00000E+00   4.06597E+00   4.02539E-02
  0.00000E+00   4.04045E+00   3.85825E-02
  0.00000E+00   4.01695E+00   3.64353E-02
  0.00000E+00   3.99614E+00   3.36293E-02
  0.00000E+00   3.97857E+00   3.00957E-02
  0.00000E+00   3.96460E+00   2.60696E-02
  0.00000E+00   3.95467E+00   2.19972E-02
  0.00000E+00   3.94931E+00   1.83029E-02
  0.00000E+00   3.94855E+00   1.52952E-02
  0.00000E+00   3.95151E+00   1.32074E-02
  0.00000E+00   3.95658E+00   1.21523E-02
  0.00000E+00   3.96200E+00   1.20090E-02
  0.00000E+00   3.96642E+00   1.24628E-02
  0.00000E+00   3.96911E+00   1.31346E-02
  0.00000E+00   3.96999E+00   1.36311E-02
  0.00000E+00   3.96957E+00   1.37063E-02
  0.00000E+00   3.96879E+00   1.33893E-02
  0.00000E+00   3.96849E+00   1.28298E-02
  0.00000E+00   3.96918E+00   1.20965E-02
  0.00000E+00   3.97094E+00   1.12220E-02
  0.00000E+00   3.97360E+00   1.02392E-02
  0.00000E+00   3.97690E+00   9.11004E-03
  0.00000E+00   3.98074E+00   7.82496E-03
  0.00000E+00   3.98508E+00   6.56275E-03
  0.00000E+00   3.98984E+00   5.59814E-03
  0.00000E+00   3.99510E+00   5.18646E-03
  0.00000E+00   4.00113E+00   5.51132E-03
  0.00000E+00   4.00825E+00   6.62670E-03
  0.00000E+00   4.01664E+00   8.54690E-03
  0.00000E+00   4.02635E+00   1.12044E-02
  0.00000E+00   4.03734E+00   1.43804E-02
  0.00000E+00   4.04950E+00   1.77873E-02
  0.00000E+00   4.06273E+00   2.12198E-02
  0.00000E+00   4.07703E+00   2.46442E-02
  0.00000E+00   4.09264E+00   2.81580E-02
  0.00000E+00   4.11016E+00   3.18348E-02
  0.00000E+00   4.13040E+00   3.55854E-02
  0.00000E+00   4.15402E+00   3.92060E-02
  0.00000E+00   4.18116E+00   4.25743E-02
  0.00000E+00   4.21160E+00   4.56857E-02
  0.00000E+00   4.24492E+00   4.85606E-02
  0.00000E+00   4.28033E+00   5.11642E-02
  0.00000E+00   4.31666E+00   5.33916E-02
  0.00000E+00   4.35246E+00   5.51771E-02
  0.00000E+00   4.38619E+00   5.66063E-02
  0.00000E+00   4.41626E+00   5.78474E-02
  0.00000E+00   4.44133E+00   5.90579E-02
  0.00000E+00   4.46056E+00   6.04086E-02
  0.00000E+00   4.47382E+00   6.20510E-02
  0.00000E+00   4.48158E+00   6.39854E-02
  0.00000E+00   4.48459E+00   6.59726E-02
  0.00000E+00   4.48376E+00   6.76653E-02
  0.00000E+00   4.47997E+00   6.88377E-02
  0.00000E+00   4.47408E+00   6.94839E-02
  0.00000E+00   4.46672E+00   6.96496E-02
  0.00000E+00   4.45837E+00   6.93515E-02
  0.00000E+00   4.44957E+00   6.86319E-02
  0.00000E+00   4.44125E+00   6.74868E-02
  0.00000E+00   4.43468E+00   6.57937E-02
  0.00000E+00   4.43095E+00   6.33972E-02
  0.00000E+00   4.43051E+00   6.03229E-02
  0.00000E+00   4.43313E+00   5.68894E-02
  0.00000E+00   4.43797E+00   5.35166E-02
  0.00000E+00   4.44380E+00   5.05582E-02
  0.00000E+00   4.44935E+00   4.81600E-02
  0.00000E+00   4.45360E+00   4.62324E-02
  0.00000E+00   4.45603E+00   4.45169E-02
  0.00000E+00   4.45659E+00   4.26681E-02
  0.00000E+00   4.45554E+00   4.04026E-02
  0.00000E+00   4.45309E+00   3.77028E-02
  0.00000E+00   4.44925E+00   3.48341E-02
  0.00000E+00   4.44390E+00   3.20917E-02
  0.00000E+00   4.43697E+00   2.96213E-02
  0.00000E+00   4.42856E+00   2.74587E-02
  0.00000E+00   4.41892E+00   2.55195E-02
  0.00000E+00   4.40849E+00   2.36659E-02
  0.00000E+00   4.39776E+00   2.19465E-02
  0.00000E+00   4.38713E+00   2.06341E-02
  0.00000E+00   4.37651E+00   2.00387E-02
  0.00000E+00   4.36527E+00   2.03152E-02
  0.00000E+00   4.35266E+00   2.14171E-02
  0.00000E+00   4.33823E+00   2.31496E-02
  0.00000E+00   4.32190E+00   2.53589E-02
  0.00000E+00   4.30375E+00   2.81044E-02
  0.00000E+00   4.28385E+00   3.16353E-02
  0.00000E+00   4.26220E+00   3.61824E-02
  0.00000E+00   4.23894E+00   4.17467E-02
  0.00000E+00   4.21457E+00   4.80598E-02
  0.00000E+00   4.18983E+00   5.47077E-02
  0.00000E+00   4.16533E+00   6.11756E-02
  0.00000E+00   4.14135E+00   6.69195E-02
  0.00000E+00   4.11800E+00   7.15488E-02
  0.00000E+00   4.09535E+00   7.49541E-02
  0.00000E+00   4.07354E+00   7.72833E-02
  0.00000E+00   4.05265E+00   7.88154E-02
  0.00000E+00   4.03256E+00   7.97192E-02
  0.00000E+00   4.01292E+00   7.98958E-02
  0.00000E+00   3.99335E+00   7.90575E-02
  0.00000E+00   3.97356E+00   7.69972E-02
  0.00000E+00   3.95337E+00   7.37849E-02
  0.00000E+00   3.93301E+00   6.96952E-02
  0.00000E+00   3.91322E+00   6.50177E-02
  0.00000E+00   3.89517E+00   5.99494E-02
  0.00000E+00   3.88013E+00   5.46194E-02
  0.00000E+00   3.86927E+00   4.91695E-02
  0.00000E+00   3.86344E+00   4.37887E-02
  0.00000E+00   3.86295E+00   3.86714E-02
  0.00000E+00   3.86730E+00   3.39204E-02
  0.00000E+00   3.87522E+00   2.94991E-02
  0.00000E+00   3.88503E+00   2.54686E-02
  0.00000E+00   3.89526E+00   2.21482E-02
  0.00000E+00   3.90530E+00   1.98362E-02
  0.00000E+00   3.91578E+00   1.85830E-02
  0.00000E+00   3.92807E+00   1.81862E-02
  0.00000E+00   3.94315E+00   1.83415E-02
  0.00000E+00   3.96098E+00   1.89369E-02
  0.00000E+00   3.98073E+00   2.00767E-02
  0.00000E+00   4.00126E+00   2.17087E-02
  0.00000E+00   4.02153E+00   2.34672E-02
  0.00000E+00   4.04084E+00   2.49975E-02
  0.00000E+00   4.05886E+00   2.63127E-02
  0.00000E+00   4.07552E+00   2.76640E-02
  0.00000E+00   4.09099E+00   2.91940E-02
  0.00000E+00   4.10563E+00   3.07477E-02
  0.00000E+00   4.11947E+00   3.18655E-02
  0.00000E+00   4.13165E+00   3.21326E-02
  0.00000E+00   4.14078E+00   3.15504E-02
  0.00000E+00   4.14579E+00   3.03839E-02
  0.00000E+00   4.14646E+00   2.87253E-02
  0.00000E+00   4.14334E+00   2.63422E-02
  0.00000E+00   4.13723E+00   2.29498E-02
  0.00000E+00   4.12887E+00   1.84929E-02
  0.00000E+00   4.11894E+00   1.31792E-02
  0.00000E+00   4.10804E+00   7.40600E-03
  0.00000E+00   4.09676E+00   1.56450E-03
  0.00000E+00   4.08545E+00  -4.11979E-03
  0.00000E+00   4.07419E+00  -9.49132E-03
  0.00000E+00   4.06294E+00  -1.43839E-02
  0.00000E+00   4.05156E+00  -1.85974E-02
  0.00000E+00   4.04000E+00  -2.19487E-02
  0.00000E+00   4.02852E+00  -2.43665E-02
  0.00000E+00   4.01776E+00  -2.58608E-02
  0.00000E+00   4.00863E+00  -2.63705E-02
  0.00000E+00   4.00207E+00  -2.57099E-02
  0.00000E+00   3.99866E+00  -2.37106E-02
  0.00000E+00   3.99838E+00  -2.04991E-02
  0.00000E+00   4.00043E+00  -1.65603E-02
  0.00000E+00   4.00346E+00  -1.24200E-02
  0.00000E+00   4.00579E+00  -8.34961E-03
  0.00000E+00   4.00571E+00  -4.35155E-03
  0.00000E+00   4.00184E+00  -2.38748E-04
  0.00000E+00   3.99347E+00   4.22291E-03
  0.00000E+00   3.98061E+00   9.09906E-03
  0.00000E+00   3.96399E+00   1.42328E-02
  0.00000E+00   3.94481E+00   1.93806E-02
  0.00000E+00   3.92443E+00   2.44035E-02
  0.00000E+00   3.90400E+00   2.92513E-02
  0.00000E+00   3.88444E+00   3.37819E-02
  0.00000E+00   3.86650E+00   3.76710E-02
  0.00000E+00   3.85081E+00   4.04663E-02
  0.00000E+00   3.83777E+00   4.17671E-02
  0.00000E+00   3.82704E+00   4.14733E-02
  0.00000E+00   3.81758E+00   3.98325E-02
  0.00000E+00   3.80822E+00   3.71528E-02
  0.00000E+00   3.79829E+00   3.36186E-02
  0.00000E+00   3.78774E+00   2.94350E-02
  0.00000E+00   3.77686E+00   2.50597E-02
  0.00000E+00   3.76608E+00   2.10982E-02
  0.00000E+00   3.75596E+00   1.79517E-02
  0.00000E+00   3.74688E+00   1.57094E-02
  0.00000E+00   3.73908E+00   1.43242E-02
  0.00000E+00   3.73276E+00   1.36611E-02
  0.00000E+00   3.72826E+00   1.34840E-02
  0.00000E+00   3.72605E+00   1.35750E-02
  0.00000E+00   3.72660E+00   1.38231E-02
  0.00000E+00   3.73029E+00   1.41109E-02
  0.00000E+00   3.73734E+00   1.42393E-02
  0.00000E+00   3.74775E+00   1.40076E-02
  0.00000E+00   3.76108E+00   1.32609E-02
  0.00000E+00   3.77639E+00   1.19745E-02
  0.00000E+00   3.79229E+00   1.03229E-02
  0.00000E+00   3.80703E+00   8.58756E-03
  0.00000E+00   3.81869E+00   6.95393E-03
  0.00000E+00   3.82566E+00   5.39613E-03
  0.00000E+00   3.82700E+00   3.74234E-03
  0.00000E+00   3.82257E+00   1.87298E-03
  0.00000E+00   3.81300E+00  -1.26713E-04
  0.00000E+00   3.79940E+00  -2.04676E-03
  0.00000E+00   3.78297E+00  -3.76181E-03
  0.00000E+00   3.76466E+00  -5.28138E-03
  0.00000E+00   3.74544E+00  -6.67017E-03
  0.00000E+00   3.72650E+00  -8.00981E-03
  0.00000E+00   3.70929E+00  -9.36023E-03
  0.00000E+00   3.69511E+00  -1.07673E-02
  0.00000E+00   3.68471E+00  -1.23506E-02
  0.00000E+00   3.67856E+00  -1.42669E-02
  0.00000E+00   3.67697E+00  -1.65898E-02
  0.00000E+00   3.67999E+00  -1.92791E-02
  0.00000E+00   3.68717E+00  -2.22237E-02
  0.00000E+00   3.69752E+00  -2.51897E-02
  0.00000E+00   3.70974E+00  -2.78526E-02
  0.00000E+00   3.72243E+00  -2.98278E-02
  0.00000E+00   3.73441E+00  -3.07694E-02
  0.00000E+00   3.74484E+00  -3.05185E-02
  0.00000E+00   3.75325E+00  -2.91688E-02
  0.00000E+00   3.75952E+00  -2.70038E-02
  0.00000E+00   3.76379E+00  -2.44418E-02
  0.00000E+00   3.76634E+00  -2.18789E-02
  0.00000E+00   3.76749E+00  -1.95223E-02
  0.00000E+00   3.76767E+00  -1.74366E-02
  0.00000E+00   3.76746E+00  -1.57187E-02
  0.00000E+00   3.76711E+00  -1.45586E-02
  0.00000E+00   3.76629E+00  -1.41105E-02
  0.00000E+00   3.76437E+00  -1.44136E-02
  0.00000E+00   3.76102E+00  -1.54595E-02
  0.00000E+00   3.75658E+00  -1.71948E-02
  0.00000E+00   3.75225E+00  -1.95564E-02
  0.00000E+00   3.74988E+00  -2.25145E-02
  0.00000E+00   3.75113E+00  -2.58735E-02
  0.00000E+00   3.75651E+00  -2.91129E-02
  0.00000E+00   3.76529E+00  -3.15374E-02
  0.00000E+00   3.77615E+00  -3.26454E-02
  0.00000E+00   3.78790E+00  -3.24013E-02
  0.00000E+00   3.79965E+00  -3.11886E-02
  0.00000E+00   3.81070E+00  -2.93478E-02
  0.00000E+00   3.82063E+00  -2.69825E-02
  0.00000E+00   3.82938E+00  -2.41331E-02
  0.00000E+00   3.83723E+00  -2.07910E-02
  0.00000E+00   3.84471E+00  -1.69995E-02
  0.00000E+00   3.85271E+00  -1.30358E-02
  0.00000E+00   3.86252E+00  -9.36961E-03
  0.00000E+00   3.87558E+00  -6.41413E-03
  0.00000E+00   3.89306E+00  -4.43113E-03
  0.00000E+00   3.91558E+00  -3.57238E-03
  0.00000E+00   3.94312E+00  -3.93910E-03
  0.00000E+00   3.97495E+00  -5.55872E-03
  0.00000E+00   4.00967E+00  -8.22829E-03
  0.00000E+00   4.04572E+00  -1.14510E-02
  0.00000E+00   4.08195E+00  -1.45557E-02
  0.00000E+00   4.11786E+00  -1.69087E-02
  0.00000E+00   4.15342E+00  -1.81999E-02
  0.00000E+00   4.18876E+00  -1.85395E-02
  0.00000E+00   4.22395E+00  -1.82025E-02
  0.00000E+00   4.25903E+00  -1.73648E-02
  0.00000E+00   4.29412E+00  -1.59688E-02
  0.00000E+00   4.32940E+00  -1.37770E-02
  0.00000E+00   4.36504E+00  -1.05859E-02
  0.00000E+00   4.40120E+00  -6.36423E-03
  0.00000E+00   4.43809E+00  -1.24352E-03
  0.00000E+00   4.47600E+00   4.45428E-03
  0.00000E+00   4.51517E+00   1.01280E-02
  0.00000E+00   4.55555E+00   1.49575E-02
  0.00000E+00   4.59665E+00   1.82199E-02
  0.00000E+00   4.63768E+00   1.95969E-02
  0.00000E+00   4.67786E+00   1.92331E-02
  0.00000E+00   4.71645E+00   1.75946E-02
  0.00000E+00   4.75255E+00   1.53338E-02
  0.00000E+00   4.78519E+00   1.31616E-02
  0.00000E+00   4.81356E+00   1.16438E-02
  0.00000E+00   4.83704E+00   1.11052E-02
  0.00000E+00   4.85512E+00   1.16857E-02
  0.00000E+00   4.86733E+00   1.34267E-02
  0.00000E+00   4.87355E+00   1.63735E-02
  0.00000E+00   4.87450E+00   2.04651E-02
  0.00000E+00   4.87165E+00   2.53263E-02
  0.00000E+00   4.86645E+00   3.03732E-02
  0.00000E+00   4.85972E+00   3.51205E-02
  0.00000E+00   4.85175E+00   3.93393E-02
  0.00000E+00   4.84273E+00   4.31006E-02
  0.00000E+00   4.83296E+00   4.66698E-02
  0.00000E+00   4.82257E+00   5.03244E-02
  0.00000E+00   4.81117E+00   5.41712E-02
  0.00000E+00   4.79806E+00   5.80556E-02
  0.00000E+00   4.78259E+00   6.17365E-02
  0.00000E+00   4.76415E+00   6.50255E-02
  0.00000E+00   4.74190E+00   6.77483E-02
  0.00000E+00   4.71496E+00   6.96412E-02
  0.00000E+00   4.68291E+00   7.04282E-02
  0.00000E+00   4.64620E+00   6.99878E-02
  0.00000E+00   4.60613E+00   6.83785E-02
  0.00000E+00   4.56443E+00   6.57572E-02
  0.00000E+00   4.52296E+00   6.23204E-02
  0.00000E+00   4.48342E+00   5.82286E-02
  0.00000E+00   4.44679E+00   5.35637E-02
  0.00000E+00   4.41281E+00   4.83462E-02
  0.00000E+00   4.38024E+00   4.24933E-02
  0.00000E+00   4.34747E+00   3.59019E-02
  0.00000E+00   4.31321E+00   2.84810E-02
  0.00000E+00   4.27665E+00   2.02597E-02
  0.00000E+00   4.23746E+00   1.14128E-02
  0.00000E+00   4.19591E+00   2.11226E-03
  0.00000E+00   4.15287E+00  -7.52643E-03
  0.00000E+00   4.10976E+00  -1.73598E-02
  0.00000E+00   4.06828E+00  -2.70652E-02
  0.00000E+00   4.03001E+00  -3.61217E-02
  0.00000E+00   3.99618E+00  -4.39848E-02
  0.00000E+00   3.96757E+00  -5.02286E-02
  0.00000E+00   3.94441E+00  -5.46593E-02
  0.00000E+00   3.92668E+00  -5.74658E-02
  0.00000E+00   3.91443E+00  -5.91270E-02
  0.00000E+00   3.90775E+00  -6.01030E-02
  0.00000E+00   3.90639E+00  -6.06767E-02
  0.00000E+00   3.90937E+00  -6.09471E-02
  0.00000E+00   3.91530E+00  -6.07767E-02
  0.00000E+00   3.92277E+00  -5.98495E-02
  0.00000E+00   3.93049E+00  -5.78226E-02
  0.00000E+00   3.93722E+00  -5.44372E-02
  0.00000E+00   3.94198E+00  -4.96941E-02
  0.00000E+00   3.94417E+00  -4.39927E-02
  0.00000E+00   3.94361E+00  -3.78898E-02
  0.00000E+00   3.94048E+00  -3.18739E-02
  0.00000E+00   3.93530E+00  -2.63315E-02
  0.00000E+00   3.92882E+00  -2.16109E-02
  0.00000E+00   3.92203E+00  -1.80284E-02
  0.00000E+00   3.91610E+00  -1.57632E-02
  0.00000E+00   3.91199E+00  -1.48047E-02
  0.00000E+00   3.91001E+00  -1.50655E-02
  0.00000E+00   3.91001E+00  -1.64973E-02
  0.00000E+00   3.91165E+00  -1.89182E-02
  0.00000E+00   3.91456E+00  -2.18980E-02
  0.00000E+00   3.91838E+00  -2.48933E-02
  0.00000E+00   3.92282E+00  -2.73727E-02
  0.00000E+00   3.92768E+00  -2.89273E-02
  0.00000E+00   3.93288E+00  -2.94889E-02
  0.00000E+00   3.93834E+00  -2.94313E-02
  0.00000E+00   3.94374E+00  -2.93357E-02
  0.00000E+00   3.94857E+00  -2.96101E-02
  0.00000E+00   3.95233E+00  -3.03186E-02
  0.00000E+00   3.95476E+00  -3.12251E-02
  0.00000E+00   3.95585E+00  -3.19313E-02
  0.00000E+00   3.95602E+00  -3.21065E-02
  0.00000E+00   3.95613E+00  -3.16588E-02
  0.00000E+00   3.95707E+00  -3.06329E-02
  0.00000E+00   3.95947E+00  -2.90445E-02
  0.00000E+00   3.96357E+00  -2.68966E-02
  0.00000E+00   3.96952E+00  -2.42502E-02
  0.00000E+00   3.97744E+00  -2.11966E-02
  0.00000E+00   3.98733E+00  -1.78075E-02
  0.00000E+00   3.99896E+00  -1.41434E-02
  0.00000E+00   4.01195E+00  -1.01888E-02
  0.00000E+00   4.02583E+00  -5.81097E-03
  0.00000E+00   4.03997E+00  -9.01882E-04
  0.00000E+00   4.05388E+00   4.48683E-03
  0.00000E+00   4.06732E+00   1.02254E-02
  0.00000E+00   4.08034E+00   1.60901E-02
  0.00000E+00   4.09323E+00   2.17382E-02
  0.00000E+00   4.10633E+00   2.67841E-02
  0.00000E+00   4.11989E+00   3.09408E-02
  0.00000E+00   4.13389E+00   3.41804E-02
  0.00000E+00   4.14808E+00   3.67575E-02
  0.00000E+00   4.16236E+00   3.88186E-02
  0.00000E+00   4.17705E+00   4.01667E-02
  0.00000E+00   4.19239E+00   4.06985E-02
  0.00000E+00   4.20819E+00   4.06380E-02
  0.00000E+00   4.22380E+00   4.04153E-02
  0.00000E+00   4.23843E+00   4.05188E-02
  0.00000E+00   4.25149E+00   4.13824E-02
  0.00000E+00   4.26275E+00   4.33809E-02
  0.00000E+00   4.27208E+00   4.67660E-02
  0.00000E+00   4.27946E+00   5.15277E-02
  0.00000E+00   4.28508E+00   5.74837E-02
  0.00000E+00   4.28937E+00   6.43111E-02
  0.00000E+00   4.29261E+00   7.14451E-02
  0.00000E+00   4.29462E+00   7.81059E-02
  0.00000E+00   4.29463E+00   8.35473E-02
  0.00000E+00   4.29186E+00   8.71889E-02
  0.00000E+00   4.28586E+00   8.86822E-02
  0.00000E+00   4.27651E+00   8.79659E-02
  0.00000E+00   4.26386E+00   8.52221E-02
  0.00000E+00   4.24800E+00   8.08521E-02
  0.00000E+00   4.22907E+00   7.54272E-02
  0.00000E+00   4.20710E+00   6.96189E-02
  0.00000E+00   4.18214E+00   6.40885E-02
  0.00000E+00   4.15437E+00   5.93238E-02
  0.00000E+00   4.12420E+00   5.55589E-02
  0.00000E+00   4.09231E+00   5.28861E-02
  0.00000E+00   4.05953E+00   5.14507E-02
  0.00000E+00   4.02701E+00   5.14790E-02
  0.00000E+00   3.99603E+00   5.30276E-02
  0.00000E+00   3.96764E+00   5.57600E-02
  0.00000E+00   3.94233E+00   5.90793E-02
  0.00000E+00   3.92004E+00   6.24613E-02
  0.00000E+00   3.90049E+00   6.56179E-02
  0.00000E+00   3.88331E+00   6.84415E-02
  0.00000E+00   3.86810E+00   7.08679E-02
  0.00000E+00   3.85423E+00   7.28007E-02
  0.00000E+00   3.84106E+00   7.41293E-02
  0.00000E+00   3.82829E+00   7.47656E-02
  0.00000E+00   3.81614E+00   7.46633E-02
  0.00000E+00   3.80502E+00   7.36921E-02
  0.00000E+00   3.79531E+00   7.15971E-02
  0.00000E+00   3.78723E+00   6.81535E-02
  0.00000E+00   3.78087E+00   6.32553E-02
  0.00000E+00   3.77606E+00   5.69617E-02
  0.00000E+00   3.77236E+00   4.95742E-02
  0.00000E+00   3.76919E+00   4.16641E-02
  0.00000E+00   3.76599E+00   3.39218E-02
  0.00000E+00   3.76226E+00   2.68076E-02
  0.00000E+00   3.75763E+00   2.03839E-02
  0.00000E+00   3.75177E+00   1.45174E-02
  0.00000E+00   3.74439E+00   9.10228E-03
  0.00000E+00   3.73525E+00   4.08913E-03
  0.00000E+00   3.72426E+00  -4.50386E-04
  0.00000E+00   3.71153E+00  -4.33810E-03
  0.00000E+00   3.69730E+00  -7.42528E-03
  0.00000E+00   3.68197E+00  -9.71439E-03
  0.00000E+00   3.66618E+00  -1.13729E-02
  0.00000E+00   3.65072E+00  -1.26985E-02
  0.00000E+00   3.63628E+00  -1.40754E-02
  0.00000E+00   3.62321E+00  -1.58371E-02
  0.00000E+00   3.61164E+00  -1.81290E-02
  0.00000E+00   3.60169E+00  -2.09306E-02
  0.00000E+00   3.59351E+00  -2.41511E-02
  0.00000E+00   3.58714E+00  -2.76154E-02
  0.00000E+00   3.58243E+00  -3.09224E-02
  0.00000E+00   3.57911E+00  -3.34768E-02
  0.00000E+00   3.57686E+00  -3.48821E-02
  0.00000E+00   3.57535E+00  -3.52402E-02
  0.00000E+00   3.57418E+00  -3.49968E-02
  0.00000E+00   3.57289E+00  -3.46423E-02
  0.00000E+00   3.57097E+00  -3.45033E-02
  0.00000E+00   3.56811E+00  -3.47253E-02
  0.00000E+00   3.56440E+00  -3.53495E-02
  0.00000E+00   3.56023E+00  -3.63526E-02
  0.00000E+00   3.55621E+00  -3.76478E-02
  0.00000E+00   3.55293E+00  -3.91545E-02
  0.00000E+00   3.55068E+00  -4.08184E-02
  0.00000E+00   3.54954E+00  -4.25553E-02
  0.00000E+00   3.54960E+00  -4.43094E-02
  0.00000E+00   3.55125E+00  -4.61451E-02
  0.00000E+00   3.55527E+00  -4.80806E-02
  0.00000E+00   3.56268E+00  -4.99615E-02
  0.00000E+00   3.57435E+00  -5.15253E-02
  0.00000E+00   3.59084E+00  -5.24766E-02
  0.00000E+00   3.61247E+00  -5.26074E-02
  0.00000E+00   3.63907E+00  -5.18896E-02
  0.00000E+00   3.66997E+00  -5.03830E-02
  0.00000E+00   3.70418E+00  -4.82583E-02
  0.00000E+00   3.74055E+00  -4.58138E-02
  0.00000E+00   3.77785E+00  -4.33721E-02
  0.00000E+00   3.81481E+00  -4.11049E-02
  0.00000E+00   3.85041E+00  -3.88713E-02
  0.00000E+00   3.88396E+00  -3.63650E-02
  0.00000E+00   3.91514E+00  -3.34809E-02
  0.00000E+00   3.94402E+00  -3.04706E-02
  0.00000E+00   3.97088E+00  -2.76360E-02
  0.00000E+00   3.99601E+00  -2.50827E-02
  0.00000E+00   4.01942E+00  -2.27810E-02
  0.00000E+00   4.04081E+00  -2.08037E-02
  0.00000E+00   4.06001E+00  -1.94117E-02
  0.00000E+00   4.07733E+00  -1.89135E-02
  0.00000E+00   4.09338E+00  -1.94616E-02
  0.00000E+00   4.10869E+00  -2.09090E-02
  0.00000E+00   4.12345E+00  -2.28736E-02
  0.00000E+00   4.13777E+00  -2.50248E-02
  0.00000E+00   4.15177E+00  -2.72727E-02
  0.00000E+00   4.16560E+00  -2.96799E-02
  0.00000E+00   4.17921E+00  -3.22664E-02
  0.00000E+00   4.19215E+00  -3.50665E-02
  0.00000E+00   4.20370E+00  -3.81915E-02
  0.00000E+00   4.21306E+00  -4.16310E-02
  0.00000E+00   4.21962E+00  -4.51947E-02
  0.00000E+00   4.22327E+00  -4.85928E-02
  0.00000E+00   4.22446E+00  -5.15136E-02
  0.00000E+00   4.22402E+00  -5.37613E-02
  0.00000E+00   4.22279E+00  -5.54212E-02
  0.00000E+00   4.22139E+00  -5.68188E-02
  0.00000E+00   4.22026E+00  -5.83329E-02
  0.00000E+00   4.21974E+00  -6.02492E-02
  0.00000E+00   4.22013E+00  -6.27056E-02
  0.00000E+00   4.22168E+00  -6.56977E-02
  0.00000E+00   4.22448E+00  -6.90967E-02
  0.00000E+00   4.22861E+00  -7.26436E-02
  0.00000E+00   4.23425E+00  -7.59909E-02
  0.00000E+00   4.24171E+00  -7.88353E-02
  0.00000E+00   4.25123E+00  -8.10060E-02
  0.00000E+00   4.26292E+00  -8.24704E-02
  0.00000E+00   4.27667E+00  -8.33372E-02
  0.00000E+00   4.29213E+00  -8.38191E-02
  0.00000E+00   4.30886E+00  -8.41695E-02
  0.00000E+00   4.32650E+00  -8.45757E-02
  0.00000E+00   4.34479E+00  -8.50653E-02
  0.00000E+00   4.36346E+00  -8.55407E-02
  0.00000E+00   4.38205E+00  -8.58552E-02
  0.00000E+00   4.39993E+00  -8.58411E-02
  0.00000E+00   4.41661E+00  -8.52963E-02
  0.00000E+00   4.43178E+00  -8.40080E-02
  0.00000E+00   4.44536E+00  -8.18875E-02
  0.00000E+00   4.45730E+00  -7.90501E-02
  0.00000E+00   4.46766E+00  -7.57187E-02
  0.00000E+00   4.47640E+00  -7.20501E-02
  0.00000E+00   4.48336E+00  -6.80877E-02
  0.00000E+00   4.48826E+00  -6.38830E-02
  0.00000E+00   4.49087E+00  -5.95276E-02
  0.00000E+00   4.49117E+00  -5.49665E-02
  0.00000E+00   4.48952E+00  -5.00262E-02
  0.00000E+00   4.48657E+00  -4.46745E-02
  0.00000E+00   4.48295E+00  -3.92089E-02
  0.00000E+00   4.47929E+00  -3.42161E-02
  0.00000E+00   4.47612E+00  -3.02516E-02
  0.00000E+00   4.47371E+00  -2.76555E-02
  0.00000E+00   4.47204E+00  -2.64892E-02
  0.00000E+00   4.47102E+00  -2.65860E-02
  0.00000E+00   4.47068E+00  -2.76668E-02
  0.00000E+00   4.47127E+00  -2.93989E-02
  0.00000E+00   4.47303E+00  -3.13463E-02
  0.00000E+00   4.47622E+00  -3.30863E-02
  0.00000E+00   4.48135E+00  -3.44554E-02
  0.00000E+00   4.48934E+00  -3.54635E-02
  0.00000E+00   4.50129E+00  -3.60008E-02
  0.00000E+00   4.51794E+00  -3.57961E-02
  0.00000E+00   4.53933E+00  -3.46687E-02
  0.00000E+00   4.56486E+00  -3.27288E-02
  0.00000E+00   4.59367E+00  -3.02735E-02
  0.00000E+00   4.62503E+00  -2.76174E-02
  0.00000E+00   4.65870E+00  -2.49754E-02
  0.00000E+00   4.69494E+00  -2.24227E-02
  0.00000E+00   4.73423E+00  -1.99372E-02
  0.00000E+00   4.77699E+00  -1.74319E-02
  0.00000E+00   4.82352E+00  -1.48141E-02
  0.00000E+00   4.87416E+00  -1.20251E-02
  0.00000E+00   4.92940E+00  -9.10798E-03
  0.00000E+00   4.98967E+00  -6.21787E-03
  0.00000E+00   5.05509E+00  -3.64140E-03
  0.00000E+00   5.12522E+00  -1.78011E-03
  0.00000E+00   5.19918E+00  -9.36092E-04
  0.00000E+00   5.27587E+00  -1.07002E-03
  0.00000E+00   5.35418E+00  -1.87482E-03
  0.00000E+00   5.43294E+00  -3.07351E-03
  0.00000E+00   5.51068E+00  -4.48337E-03
  0.00000E+00   5.58557E+00  -5.85227E-03
  0.00000E+00   5.65587E+00  -6.80994E-03
  0.00000E+00   5.72046E+00  -6.97313E-03
  0.00000E+00   5.77898E+00  -6.15520E-03
  0.00000E+00   5.83152E+00  -4.47157E-03
  0.00000E+00   5.87832E+00  -2.34666E-03
  0.00000E+00   5.91937E+00  -3.57363E-04
  0.00000E+00   5.95434E+00   1.05112E-03
  0.00000E+00   5.98261E+00   1.84437E-03
  0.00000E+00   6.00374E+00   2.46803E-03
  0.00000E+00   6.01770E+00   3.54633E-03
  0.00000E+00   6.02484E+00   5.52632E-03
  0.00000E+00   6.02573E+00   8.54118E-03
  0.00000E+00   6.02099E+00   1.24772E-02
  0.00000E+00   6.01114E+00   1.71082E-02
  0.00000E+00   5.99673E+00   2.20750E-02
  0.00000E+00   5.97850E+00   2.68208E-02
  0.00000E+00   5.95725E+00   3.05761E-02
  0.00000E+00   5.93364E+00   3.26184E-02
  0.00000E+00   5.90776E+00   3.27509E-02
  0.00000E+00   5.87878E+00   3.11718E-02
  0.00000E+00   5.84607E+00   2.84166E-02
