  0.00000E+00   7.61941E-04  -9.76519E-05
  0.00000E+00   2.54670E-03  -1.73547E-04
  0.00000E+00   6.23187E-03  -2.41909E-04
  0.00000E+00   9.55754E-03  -3.13602E-04
  0.00000E+00   1.29632E-02  -3.96657E-04
  0.00000E+00   1.71103E-02  -4.63871E-04
  0.00000E+00   2.24669E-02  -5.04978E-04
  0.00000E+00   2.95174E-02  -5.10698E-04
  0.00000E+00   3.88315E-02  -4.75691E-04
  0.00000E+00   5.10966E-02  -3.92395E-04
  0.00000E+00   6.71389E-02  -2.42285E-04
  0.00000E+00   8.79535E-02   4.94970E-06
  0.00000E+00   1.14749E-01   3.99575E-04
  0.00000E+00   1.48956E-01   1.00653E-03
  0.00000E+00   1.92297E-01   1.90447E-03
  0.00000E+00   2.46804E-01   3.17651E-03
  0.00000E+00   3.14777E-01   4.89024E-03
  0.00000E+00   3.99025E-01   7.08334E-03
  0.00000E+00   5.02562E-01   9.74366E-03
  0.00000E+00   6.28890E-01   1.27938E-02
  0.00000E+00   7.81582E-01   1.60772E-02
  0.00000E+00   9.64350E-01   1.93589E-02
  0.00000E+00   1.18065E+00   2.23000E-02
  0.00000E+00   1.43364E+00   2.45201E-02
  0.00000E+00   1.72577E+00   2.55700E-02
  0.00000E+00   2.05907E+00   2.51181E-02
  0.00000E+00   2.43507E+00   2.29413E-02
  0.00000E+00   2.85467E+00   1.89826E-02
  0.00000E+00   3.31866E+00   1.33359E-02
  0.00000E+00   3.82805E+00   6.19273E-03
  0.00000E+00   4.38407E+00  -2.30359E-03
  0.00000E+00   4.98863E+00  -1.22707E-02
  0.00000E+00   5.64403E+00  -2.42660E-02
  0.00000E+00   6.35181E+00  -3.90693E-02
  0.00000E+00   7.11220E+00  -5.68979E-02
  0.00000E+00   7.92365E+00  -7.68327E-02
  0.00000E+00   8.78159E+00  -9.64342E-02
  0.00000E+00   9.67344E+00  -1.12046E-01
  0.00000E+00   1.05754E+01  -1.19071E-01
  0.00000E+00   1.14605E+01  -1.15025E-01
  0.00000E+00   1.23175E+01  -1.03994E-01
  0.00000E+00   1.31561E+01  -9.09079E-02
  0.00000E+00   1.40113E+01  -6.51324E-02
  0.00000E+00   1.49040E+01  -4.91098E-03
  0.00000E+00   1.58010E+01   8.29128E-02
  0.00000E+00   1.67004E+01   2.05570E-01
  0.00000E+00   1.76688E+01   3.67672E-01
  0.00000E+00   1.87923E+01   5.40735E-01
  0.00000E+00   2.02174E+01   6.88374E-01
  0.00000E+00   2.20522E+01   7.88120E-01
  0.00000E+00   2.44281E+01   7.84061E-01
  0.00000E+00   2.74712E+01   6.51589E-01
  0.00000E+00   3.12270E+01   4.89760E-01
  0.00000E+00   3.56329E+01   3.38244E-01
  0.00000E+00   3.98082E+01   2.42176E-01
  0.00000E+00   4.26388E+01   1.49984E-01
  0.00000E+00   4.35043E+01   1.09477E-01
  0.00000E+00   4.19358E+01   6.59412E-02
  0.00000E+00   3.90069E+01   8.58637E-02
  0.00000E+00   3.61383E+01   2.33450E-01
  0.00000E+00   3.43922E+01   1.47976E-01
  0.00000E+00   3.38856E+01  -9.16080E-02
  0.00000E+00   3.41209E+01  -1.30378E-01
  0.00000E+00   3.43442E+01  -2.68332E-01
  0.00000E+00   3.41412E+01  -3.33160E-01
  0.00000E+00   3.38689E+01  -3.23358E-01
  0.00000E+00   3.39519E+01  -3.49139E-01
  0.00000E+00   3.48175E+01  -3.87795E-01
  0.00000E+00   3.66475E+01  -2.77873E-01
  0.00000E+00   3.91049E+01  -2.57852E-01
  0.00000E+00   4.12102E+01  -2.65412E-01
  0.00000E+00   4.26393E+01  -2.29507E-01
  0.00000E+00   4.45064E+01  -3.24894E-02
  0.00000E+00   4.67344E+01   2.00405E-01
  0.00000E+00   4.93994E+01   4.32066E-01
  0.00000E+00   5.19110E+01   4.38425E-01
  0.00000E+00   5.43968E+01   4.15989E-01
  0.00000E+00   5.72253E+01   3.95686E-01
  0.00000E+00   6.01662E+01   2.32996E-01
  0.00000E+00   6.31147E+01   7.83939E-02
  0.00000E+00   6.48321E+01  -7.86654E-02
  0.00000E+00   6.44783E+01  -5.76282E-03
  0.00000E+00   6.27682E+01   1.67062E-01
  0.00000E+00   6.07229E+01   3.11264E-01
  0.00000E+00   5.88600E+01   5.18670E-01
  0.00000E+00   5.69419E+01   6.85354E-01
  0.00000E+00   5.54860E+01   6.39093E-01
  0.00000E+00   5.38917E+01   4.93761E-01
  0.00000E+00   5.16660E+01   2.91154E-01
  0.00000E+00   4.93715E+01   6.47724E-02
  0.00000E+00   4.81086E+01  -7.78406E-02
  0.00000E+00   4.84216E+01  -7.01096E-02
  0.00000E+00   4.98468E+01  -4.92121E-03
  0.00000E+00   5.09813E+01  -5.93120E-02
  0.00000E+00   5.12150E+01  -1.62774E-01
  0.00000E+00   5.19261E+01  -4.43175E-01
  0.00000E+00   5.28630E+01  -5.31760E-01
  0.00000E+00   5.30053E+01  -6.40090E-01
  0.00000E+00   5.21367E+01  -7.05587E-01
  0.00000E+00   4.98777E+01  -6.03180E-01
  0.00000E+00   4.73617E+01  -4.52038E-01
  0.00000E+00   4.63550E+01  -3.61963E-01
  0.00000E+00   4.69827E+01  -3.48646E-01
  0.00000E+00   4.81855E+01  -4.50931E-01
  0.00000E+00   4.90875E+01  -5.59090E-01
  0.00000E+00   4.98803E+01  -5.98859E-01
  0.00000E+00   5.08263E+01  -6.27269E-01
  0.00000E+00   5.24927E+01  -6.50011E-01
  0.00000E+00   5.48853E+01  -6.58595E-01
  0.00000E+00   5.70196E+01  -6.02003E-01
  0.00000E+00   5.88016E+01  -4.43513E-01
  0.00000E+00   6.09074E+01  -2.75327E-01
  0.00000E+00   6.34227E+01  -1.91772E-01
  0.00000E+00   6.62361E+01  -2.21349E-01
  0.00000E+00   6.90148E+01  -3.55523E-01
  0.00000E+00   7.10534E+01  -4.61726E-01
  0.00000E+00   7.21677E+01  -4.77986E-01
  0.00000E+00   7.27165E+01  -2.48890E-01
  0.00000E+00   7.25384E+01   5.58130E-02
  0.00000E+00   7.18050E+01   1.62744E-01
  0.00000E+00   7.07623E+01   1.71104E-01
  0.00000E+00   6.91001E+01   2.92314E-01
  0.00000E+00   6.66846E+01   3.52508E-01
  0.00000E+00   6.33481E+01   9.71603E-02
  0.00000E+00   6.01178E+01  -4.01017E-01
  0.00000E+00   5.73440E+01  -6.17872E-01
  0.00000E+00   5.48142E+01  -8.18786E-01
  0.00000E+00   5.16887E+01  -8.13682E-01
  0.00000E+00   4.81522E+01  -6.52505E-01
  0.00000E+00   4.46672E+01  -6.58533E-01
  0.00000E+00   4.23533E+01  -6.97105E-01
  0.00000E+00   4.12487E+01  -5.53432E-01
  0.00000E+00   4.03050E+01  -3.08501E-01
  0.00000E+00   3.93403E+01  -3.83693E-03
  0.00000E+00   3.96125E+01   1.60920E-01
  0.00000E+00   4.06577E+01   2.18274E-01
  0.00000E+00   4.17264E+01   3.23978E-01
  0.00000E+00   4.15567E+01   3.67056E-01
  0.00000E+00   4.05838E+01   3.26984E-01
  0.00000E+00   4.01824E+01   2.99783E-01
  0.00000E+00   4.07787E+01   2.75978E-01
  0.00000E+00   4.20744E+01   2.42762E-01
  0.00000E+00   4.33237E+01   2.22059E-01
  0.00000E+00   4.47415E+01   2.06390E-01
  0.00000E+00   4.65088E+01   2.73553E-01
  0.00000E+00   4.82368E+01   3.56981E-01
  0.00000E+00   4.92531E+01   4.39253E-01
  0.00000E+00   4.98023E+01   5.09937E-01
  0.00000E+00   5.05047E+01   5.59897E-01
  0.00000E+00   5.15900E+01   5.75736E-01
  0.00000E+00   5.27081E+01   6.44924E-01
  0.00000E+00   5.30805E+01   8.00615E-01
  0.00000E+00   5.35716E+01   9.63041E-01
  0.00000E+00   5.48205E+01   1.16260E+00
  0.00000E+00   5.68839E+01   1.35494E+00
  0.00000E+00   5.91372E+01   1.48688E+00
  0.00000E+00   6.04977E+01   1.58461E+00
  0.00000E+00   6.10082E+01   1.62045E+00
  0.00000E+00   6.16287E+01   1.65572E+00
  0.00000E+00   6.28036E+01   1.52515E+00
  0.00000E+00   6.51517E+01   1.25165E+00
  0.00000E+00   6.77573E+01   9.69431E-01
  0.00000E+00   6.99760E+01   8.46350E-01
  0.00000E+00   7.17433E+01   7.51977E-01
  0.00000E+00   7.31542E+01   6.88615E-01
  0.00000E+00   7.48143E+01   5.33686E-01
  0.00000E+00   7.66724E+01   2.77185E-01
  0.00000E+00   7.96449E+01  -3.81568E-03
  0.00000E+00   8.37740E+01  -3.15762E-01
  0.00000E+00   8.72053E+01  -5.49911E-01
  0.00000E+00   8.68742E+01  -6.56122E-01
  0.00000E+00   8.40454E+01  -5.87616E-01
  0.00000E+00   8.00198E+01  -3.56722E-01
  0.00000E+00   7.60171E+01  -2.24077E-01
  0.00000E+00   7.25445E+01  -2.38572E-01
  0.00000E+00   7.01658E+01  -1.89642E-01
  0.00000E+00   6.95726E+01  -2.48179E-01
  0.00000E+00   7.10417E+01  -3.15161E-01
  0.00000E+00   7.37727E+01  -6.59643E-01
  0.00000E+00   7.49761E+01  -9.97241E-01
  0.00000E+00   7.37478E+01  -1.26913E+00
  0.00000E+00   7.12342E+01  -1.46277E+00
  0.00000E+00   6.90304E+01  -1.44883E+00
  0.00000E+00   6.77347E+01  -1.30310E+00
  0.00000E+00   6.76908E+01  -1.34047E+00
  0.00000E+00   6.75853E+01  -1.30877E+00
  0.00000E+00   6.67832E+01  -1.15155E+00
  0.00000E+00   6.57759E+01  -1.01011E+00
  0.00000E+00   6.46383E+01  -9.74983E-01
  0.00000E+00   6.40772E+01  -8.71276E-01
  0.00000E+00   6.37139E+01  -8.66588E-01
  0.00000E+00   6.40893E+01  -9.72969E-01
  0.00000E+00   6.56456E+01  -9.73772E-01
  0.00000E+00   6.72429E+01  -1.00688E+00
  0.00000E+00   6.74986E+01  -9.01341E-01
  0.00000E+00   6.70215E+01  -5.63787E-01
  0.00000E+00   6.71822E+01  -2.58660E-01
  0.00000E+00   6.83503E+01  -2.42664E-02
  0.00000E+00   7.07527E+01   1.49304E-01
  0.00000E+00   7.22245E+01   2.20735E-01
  0.00000E+00   7.10236E+01   2.94089E-01
  0.00000E+00   6.85548E+01   2.02908E-01
  0.00000E+00   6.63136E+01  -7.44464E-02
  0.00000E+00   6.51371E+01  -4.19039E-01
  0.00000E+00   6.51610E+01  -5.96236E-01
  0.00000E+00   6.61536E+01  -4.15930E-01
  0.00000E+00   6.80841E+01  -3.68378E-01
  0.00000E+00   6.96854E+01  -3.08586E-01
  0.00000E+00   6.97879E+01  -1.99219E-01
  0.00000E+00   6.86158E+01  -9.93896E-02
  0.00000E+00   6.70328E+01  -1.50263E-02
  0.00000E+00   6.62100E+01  -1.31688E-01
  0.00000E+00   6.65203E+01  -2.12724E-01
  0.00000E+00   6.71356E+01  -1.69923E-01
  0.00000E+00   6.72891E+01   5.82012E-02
  0.00000E+00   6.77156E+01   3.61599E-01
  0.00000E+00   6.92859E+01   5.79096E-01
  0.00000E+00   7.15836E+01   6.40372E-01
  0.00000E+00   7.33398E+01   5.45821E-01
  0.00000E+00   7.40613E+01   5.43812E-01
  0.00000E+00   7.42428E+01   4.53101E-01
  0.00000E+00   7.42072E+01   3.42955E-01
  0.00000E+00   7.37034E+01   2.43393E-01
  0.00000E+00   7.28187E+01   1.21341E-01
  0.00000E+00   7.09246E+01  -2.20081E-02
  0.00000E+00   6.99232E+01  -6.83671E-02
  0.00000E+00   6.97047E+01  -5.18878E-02
  0.00000E+00   6.96362E+01  -5.73556E-02
  0.00000E+00   7.00667E+01   1.18624E-01
  0.00000E+00   7.02369E+01   4.12247E-01
  0.00000E+00   7.03910E+01   5.29122E-01
  0.00000E+00   7.07963E+01   6.76187E-01
  0.00000E+00   7.14998E+01   8.92527E-01
  0.00000E+00   7.21728E+01   1.02929E+00
  0.00000E+00   7.19214E+01   8.17603E-01
  0.00000E+00   7.20665E+01   5.64276E-01
  0.00000E+00   7.30785E+01   3.85945E-01
  0.00000E+00   7.47103E+01   3.59942E-01
  0.00000E+00   7.59032E+01   4.02454E-01
  0.00000E+00   7.62509E+01   2.94341E-01
  0.00000E+00   7.53282E+01  -3.13038E-02
  0.00000E+00   7.35782E+01  -3.94093E-01
  0.00000E+00   7.14450E+01  -6.25815E-01
  0.00000E+00   6.92202E+01  -9.67984E-01
  0.00000E+00   6.86167E+01  -1.13208E+00
  0.00000E+00   7.00842E+01  -9.60540E-01
  0.00000E+00   7.24578E+01  -7.91880E-01
  0.00000E+00   7.37715E+01  -7.51858E-01
  0.00000E+00   7.38038E+01  -5.71869E-01
  0.00000E+00   7.37770E+01  -5.21773E-01
  0.00000E+00   7.42299E+01  -6.27705E-01
  0.00000E+00   7.52449E+01  -6.58351E-01
  0.00000E+00   7.60052E+01  -5.21424E-01
  0.00000E+00   7.57633E+01  -5.31081E-01
  0.00000E+00   7.54124E+01  -6.20232E-01
  0.00000E+00   7.56377E+01  -8.55732E-01
  0.00000E+00   7.67036E+01  -1.17202E+00
  0.00000E+00   7.72985E+01  -1.42950E+00
  0.00000E+00   7.70855E+01  -1.65803E+00
  0.00000E+00   7.69494E+01  -1.79171E+00
  0.00000E+00   7.85211E+01  -1.84701E+00
  0.00000E+00   8.13096E+01  -1.83148E+00
  0.00000E+00   8.32786E+01  -1.90521E+00
  0.00000E+00   8.30715E+01  -1.97851E+00
  0.00000E+00   8.12522E+01  -2.07980E+00
  0.00000E+00   7.83820E+01  -2.03854E+00
  0.00000E+00   7.59433E+01  -2.07437E+00
  0.00000E+00   7.41676E+01  -2.13589E+00
  0.00000E+00   7.31958E+01  -1.82109E+00
  0.00000E+00   7.33850E+01  -1.42723E+00
  0.00000E+00   7.40622E+01  -1.08638E+00
  0.00000E+00   7.46010E+01  -9.11656E-01
  0.00000E+00   7.48299E+01  -7.39059E-01
  0.00000E+00   7.50378E+01  -4.58899E-01
  0.00000E+00   7.54430E+01  -1.94478E-01
  0.00000E+00   7.62268E+01   2.37369E-01
  0.00000E+00   7.74864E+01   5.42554E-01
  0.00000E+00   7.78442E+01   7.22898E-01
  0.00000E+00   7.77648E+01   7.61983E-01
  0.00000E+00   7.72661E+01   7.96538E-01
  0.00000E+00   7.66346E+01   9.93238E-01
  0.00000E+00   7.57496E+01   1.11125E+00
  0.00000E+00   7.60579E+01   1.19508E+00
  0.00000E+00   7.78410E+01   1.40877E+00
  0.00000E+00   8.09129E+01   1.51930E+00
  0.00000E+00   8.49212E+01   1.78776E+00
  0.00000E+00   8.86049E+01   2.10217E+00
  0.00000E+00   9.16402E+01   2.21861E+00
  0.00000E+00   9.45112E+01   1.99450E+00
  0.00000E+00   9.71544E+01   1.81860E+00
  0.00000E+00   9.81799E+01   1.70765E+00
  0.00000E+00   9.69071E+01   1.58809E+00
  0.00000E+00   9.37605E+01   1.64966E+00
  0.00000E+00   9.08754E+01   1.68431E+00
  0.00000E+00   8.90315E+01   1.62859E+00
  0.00000E+00   8.77579E+01   1.58730E+00
  0.00000E+00   8.72936E+01   1.43106E+00
  0.00000E+00   8.70936E+01   1.27810E+00
  0.00000E+00   8.76242E+01   1.26774E+00
  0.00000E+00   8.93169E+01   1.26369E+00
  0.00000E+00   9.18608E+01   1.18326E+00
  0.00000E+00   9.41094E+01   1.08348E+00
  0.00000E+00   9.47685E+01   1.00765E+00
  0.00000E+00   9.46142E+01   1.12524E+00
  0.00000E+00   9.45953E+01   1.19802E+00
  0.00000E+00   9.44035E+01   1.16659E+00
  0.00000E+00   9.46823E+01   1.16747E+00
  0.00000E+00   9.63644E+01   1.04171E+00
  0.00000E+00   9.79131E+01   8.88241E-01
  0.00000E+00   9.98373E+01   9.37689E-01
  0.00000E+00   1.02172E+02   1.30895E+00
  0.00000E+00   1.05447E+02   1.92393E+00
  0.00000E+00   1.08682E+02   2.41076E+00
  0.00000E+00   1.11762E+02   2.75036E+00
  0.00000E+00   1.15551E+02   3.07872E+00
  0.00000E+00   1.18497E+02   3.34566E+00
  0.00000E+00   1.19361E+02   3.41715E+00
  0.00000E+00   1.18808E+02   3.34715E+00
  0.00000E+00   1.17268E+02   3.21075E+00
  0.00000E+00   1.15379E+02   2.96946E+00
  0.00000E+00   1.13766E+02   2.80235E+00
  0.00000E+00   1.12441E+02   2.88672E+00
  0.00000E+00   1.11172E+02   3.07286E+00
  0.00000E+00   1.10418E+02   3.33404E+00
  0.00000E+00   1.09597E+02   3.46282E+00
  0.00000E+00   1.08998E+02   3.61327E+00
  0.00000E+00   1.08294E+02   3.42343E+00
  0.00000E+00   1.08560E+02   3.13893E+00
  0.00000E+00   1.08962E+02   3.22491E+00
  0.00000E+00   1.08975E+02   3.19418E+00
  0.00000E+00   1.08534E+02   2.80398E+00
  0.00000E+00   1.09125E+02   2.60342E+00
  0.00000E+00   1.08359E+02   2.47885E+00
  0.00000E+00   1.06253E+02   2.41405E+00
  0.00000E+00   1.04851E+02   2.44908E+00
  0.00000E+00   1.04373E+02   2.65561E+00
  0.00000E+00   1.04224E+02   2.77370E+00
  0.00000E+00   1.06597E+02   2.79394E+00
  0.00000E+00   1.10302E+02   2.86325E+00
  0.00000E+00   1.14220E+02   2.84254E+00
  0.00000E+00   1.16419E+02   2.76734E+00
  0.00000E+00   1.16619E+02   2.73744E+00
  0.00000E+00   1.15277E+02   2.83762E+00
  0.00000E+00   1.15162E+02   2.93128E+00
  0.00000E+00   1.16887E+02   3.01307E+00
  0.00000E+00   1.19884E+02   3.36936E+00
  0.00000E+00   1.23551E+02   3.87437E+00
  0.00000E+00   1.26263E+02   4.32413E+00
  0.00000E+00   1.26877E+02   4.62483E+00
  0.00000E+00   1.24475E+02   4.36704E+00
  0.00000E+00   1.21734E+02   4.04852E+00
  0.00000E+00   1.20528E+02   4.09509E+00
  0.00000E+00   1.21185E+02   4.63245E+00
  0.00000E+00   1.22829E+02   4.99229E+00
  0.00000E+00   1.23259E+02   5.15632E+00
  0.00000E+00   1.21823E+02   4.88413E+00
  0.00000E+00   1.19139E+02   4.66085E+00
  0.00000E+00   1.18002E+02   4.71379E+00
  0.00000E+00   1.19262E+02   4.91896E+00
  0.00000E+00   1.20518E+02   5.34792E+00
  0.00000E+00   1.21230E+02   5.60010E+00
  0.00000E+00   1.21163E+02   5.82678E+00
  0.00000E+00   1.20695E+02   5.84482E+00
  0.00000E+00   1.21023E+02   6.02138E+00
  0.00000E+00   1.21812E+02   6.39367E+00
  0.00000E+00   1.22441E+02   6.73326E+00
  0.00000E+00   1.23358E+02   7.03763E+00
  0.00000E+00   1.24692E+02   7.54583E+00
  0.00000E+00   1.26693E+02   7.93973E+00
  0.00000E+00   1.28320E+02   8.02803E+00
  0.00000E+00   1.29968E+02   7.83855E+00
  0.00000E+00   1.31416E+02   7.70365E+00
  0.00000E+00   1.32965E+02   7.53180E+00
  0.00000E+00   1.34683E+02   7.40006E+00
  0.00000E+00   1.35078E+02   7.28914E+00
  0.00000E+00   1.33947E+02   6.66347E+00
  0.00000E+00   1.31867E+02   6.15024E+00
  0.00000E+00   1.29730E+02   5.58497E+00
  0.00000E+00   1.27442E+02   4.86151E+00
  0.00000E+00   1.26157E+02   4.23066E+00
  0.00000E+00   1.25207E+02   3.63177E+00
  0.00000E+00   1.23688E+02   3.23756E+00
  0.00000E+00   1.23043E+02   2.89140E+00
  0.00000E+00   1.22816E+02   2.44326E+00
  0.00000E+00   1.22206E+02   1.97243E+00
  0.00000E+00   1.21950E+02   1.72814E+00
  0.00000E+00   1.23050E+02   1.59895E+00
  0.00000E+00   1.24356E+02   1.36767E+00
  0.00000E+00   1.23893E+02   1.25154E+00
  0.00000E+00   1.21883E+02   8.01014E-01
  0.00000E+00   1.18860E+02   4.08980E-01
  0.00000E+00   1.16740E+02   4.15357E-01
  0.00000E+00   1.15953E+02   5.07613E-01
  0.00000E+00   1.17011E+02   8.27355E-01
  0.00000E+00   1.19645E+02   7.80041E-01
  0.00000E+00   1.23247E+02   6.84283E-01
  0.00000E+00   1.27017E+02   6.51372E-01
  0.00000E+00   1.29798E+02   7.13301E-01
  0.00000E+00   1.29740E+02   1.21206E+00
  0.00000E+00   1.27706E+02   1.60496E+00
  0.00000E+00   1.25667E+02   1.93008E+00
  0.00000E+00   1.25303E+02   2.32429E+00
  0.00000E+00   1.26510E+02   2.65032E+00
  0.00000E+00   1.28855E+02   2.96898E+00
  0.00000E+00   1.32675E+02   3.27764E+00
  0.00000E+00   1.36176E+02   3.60052E+00
  0.00000E+00   1.39400E+02   3.89927E+00
  0.00000E+00   1.40886E+02   4.12071E+00
  0.00000E+00   1.41744E+02   4.37312E+00
  0.00000E+00   1.41456E+02   4.47867E+00
  0.00000E+00   1.39812E+02   4.60917E+00
  0.00000E+00   1.38290E+02   4.40325E+00
  0.00000E+00   1.36667E+02   4.54912E+00
  0.00000E+00   1.35497E+02   4.62106E+00
  0.00000E+00   1.36120E+02   4.95987E+00
  0.00000E+00   1.37560E+02   5.16606E+00
  0.00000E+00   1.40035E+02   5.51222E+00
  0.00000E+00   1.42765E+02   5.87222E+00
  0.00000E+00   1.43393E+02   6.08720E+00
  0.00000E+00   1.42763E+02   6.06857E+00
  0.00000E+00   1.40787E+02   5.94145E+00
  0.00000E+00   1.38437E+02   5.55241E+00
  0.00000E+00   1.37872E+02   5.31069E+00
  0.00000E+00   1.38755E+02   5.48163E+00
  0.00000E+00   1.40913E+02   5.44010E+00
  0.00000E+00   1.42959E+02   5.02699E+00
  0.00000E+00   1.45164E+02   5.02574E+00
  0.00000E+00   1.47417E+02   5.24594E+00
  0.00000E+00   1.50700E+02   5.25730E+00
  0.00000E+00   1.53970E+02   5.32163E+00
  0.00000E+00   1.56122E+02   5.42371E+00
  0.00000E+00   1.56783E+02   5.14692E+00
  0.00000E+00   1.58059E+02   5.00867E+00
  0.00000E+00   1.60551E+02   4.89821E+00
  0.00000E+00   1.62693E+02   4.66561E+00
  0.00000E+00   1.63992E+02   4.40464E+00
  0.00000E+00   1.66685E+02   4.03614E+00
  0.00000E+00   1.69197E+02   4.00207E+00
  0.00000E+00   1.72548E+02   4.17812E+00
  0.00000E+00   1.75542E+02   4.30046E+00
  0.00000E+00   1.78596E+02   4.58075E+00
  0.00000E+00   1.80497E+02   4.75030E+00
  0.00000E+00   1.79712E+02   4.78085E+00
  0.00000E+00   1.79245E+02   4.70750E+00
  0.00000E+00   1.78084E+02   4.24632E+00
  0.00000E+00   1.76931E+02   3.88654E+00
  0.00000E+00   1.75101E+02   3.79955E+00
  0.00000E+00   1.75418E+02   3.96208E+00
  0.00000E+00   1.77917E+02   4.18046E+00
  0.00000E+00   1.81634E+02   4.26834E+00
  0.00000E+00   1.85839E+02   4.17921E+00
  0.00000E+00   1.90656E+02   4.11372E+00
  0.00000E+00   1.93384E+02   3.93608E+00
  0.00000E+00   1.96480E+02   3.71410E+00
  0.00000E+00   1.99129E+02   3.45789E+00
  0.00000E+00   2.03478E+02   3.14725E+00
  0.00000E+00   2.07839E+02   3.20191E+00
  0.00000E+00   2.11482E+02   3.39075E+00
  0.00000E+00   2.13201E+02   3.48801E+00
  0.00000E+00   2.13326E+02   3.54298E+00
  0.00000E+00   2.13151E+02   3.34417E+00
  0.00000E+00   2.13424E+02   3.33017E+00
  0.00000E+00   2.14435E+02   3.15440E+00
  0.00000E+00   2.16956E+02   3.03917E+00
  0.00000E+00   2.20832E+02   2.95169E+00
  0.00000E+00   2.23030E+02   2.61588E+00
  0.00000E+00   2.22984E+02   2.49082E+00
  0.00000E+00   2.23338E+02   2.49598E+00
  0.00000E+00   2.24765E+02   2.37874E+00
  0.00000E+00   2.26979E+02   2.31520E+00
  0.00000E+00   2.30240E+02   2.69807E+00
  0.00000E+00   2.31593E+02   2.80008E+00
  0.00000E+00   2.29244E+02   3.04277E+00
  0.00000E+00   2.27066E+02   2.98854E+00
  0.00000E+00   2.25168E+02   3.23716E+00
  0.00000E+00   2.24019E+02   3.52607E+00
  0.00000E+00   2.22986E+02   3.66634E+00
  0.00000E+00   2.24341E+02   3.24945E+00
  0.00000E+00   2.28735E+02   3.20270E+00
  0.00000E+00   2.31402E+02   3.48994E+00
  0.00000E+00   2.30904E+02   3.38702E+00
  0.00000E+00   2.31960E+02   3.38976E+00
  0.00000E+00   2.33195E+02   3.24642E+00
  0.00000E+00   2.37143E+02   3.39829E+00
  0.00000E+00   2.39606E+02   3.42413E+00
  0.00000E+00   2.41541E+02   3.39881E+00
  0.00000E+00   2.43227E+02   3.08331E+00
  0.00000E+00   2.45241E+02   3.16684E+00
  0.00000E+00   2.49753E+02   3.19729E+00
  0.00000E+00   2.50775E+02   2.98716E+00
  0.00000E+00   2.48111E+02   2.87421E+00
  0.00000E+00   2.42498E+02   2.44234E+00
  0.00000E+00   2.35686E+02   1.91969E+00
  0.00000E+00   2.31866E+02   1.55493E+00
  0.00000E+00   2.31237E+02   1.40691E+00
  0.00000E+00   2.33414E+02   9.36142E-01
  0.00000E+00   2.36321E+02  -1.42024E-01
  0.00000E+00   2.35452E+02  -7.03549E-01
  0.00000E+00   2.31516E+02  -1.51421E+00
  0.00000E+00   2.28355E+02  -2.06703E+00
  0.00000E+00   2.23840E+02  -2.53647E+00
  0.00000E+00   2.20384E+02  -2.95717E+00
  0.00000E+00   2.18585E+02  -3.19733E+00
  0.00000E+00   2.15283E+02  -3.74376E+00
  0.00000E+00   2.10960E+02  -3.94088E+00
  0.00000E+00   2.08676E+02  -4.03579E+00
  0.00000E+00   2.07328E+02  -4.32416E+00
  0.00000E+00   2.08886E+02  -4.21684E+00
  0.00000E+00   2.10658E+02  -3.86755E+00
  0.00000E+00   2.09191E+02  -3.77746E+00
  0.00000E+00   2.01712E+02  -3.60253E+00
  0.00000E+00   1.91090E+02  -3.09266E+00
  0.00000E+00   1.82040E+02  -2.61283E+00
  0.00000E+00   1.76112E+02  -2.29175E+00
  0.00000E+00   1.73875E+02  -1.89781E+00
  0.00000E+00   1.72860E+02  -1.87251E+00
  0.00000E+00   1.71655E+02  -1.56265E+00
  0.00000E+00   1.68438E+02  -1.18484E+00
  0.00000E+00   1.63814E+02  -1.35640E+00
  0.00000E+00   1.60374E+02  -1.21803E+00
  0.00000E+00   1.55857E+02  -1.13671E+00
  0.00000E+00   1.54338E+02  -1.00437E+00
  0.00000E+00   1.53460E+02  -1.10503E+00
  0.00000E+00   1.53806E+02  -7.33485E-01
  0.00000E+00   1.50632E+02  -4.47539E-01
  0.00000E+00   1.44507E+02  -3.25964E-01
  0.00000E+00   1.38797E+02   3.64764E-01
  0.00000E+00   1.34857E+02   6.88099E-01
  0.00000E+00   1.30352E+02   9.71738E-01
  0.00000E+00   1.26849E+02   1.40745E+00
  0.00000E+00   1.25323E+02   1.65631E+00
  0.00000E+00   1.26077E+02   1.69037E+00
  0.00000E+00   1.25723E+02   1.92264E+00
  0.00000E+00   1.26007E+02   2.14589E+00
  0.00000E+00   1.25175E+02   2.57025E+00
  0.00000E+00   1.26291E+02   2.72826E+00
  0.00000E+00   1.26826E+02   2.87130E+00
  0.00000E+00   1.26571E+02   2.97736E+00
  0.00000E+00   1.27075E+02   2.88560E+00
  0.00000E+00   1.27543E+02   2.71334E+00
  0.00000E+00   1.26652E+02   2.47841E+00
  0.00000E+00   1.23981E+02   1.95234E+00
  0.00000E+00   1.22116E+02   1.56441E+00
  0.00000E+00   1.20178E+02   1.41445E+00
  0.00000E+00   1.18017E+02   1.31944E+00
  0.00000E+00   1.16185E+02   1.39733E+00
  0.00000E+00   1.15689E+02   1.51355E+00
  0.00000E+00   1.15553E+02   1.75670E+00
  0.00000E+00   1.14127E+02   1.89746E+00
  0.00000E+00   1.11581E+02   1.69611E+00
  0.00000E+00   1.08400E+02   1.52296E+00
  0.00000E+00   1.05643E+02   1.45605E+00
  0.00000E+00   1.03982E+02   1.33907E+00
  0.00000E+00   1.03995E+02   1.23582E+00
  0.00000E+00   1.04819E+02   1.16399E+00
  0.00000E+00   1.05890E+02   8.09874E-01
  0.00000E+00   1.06605E+02   4.25581E-01
  0.00000E+00   1.05931E+02  -2.00786E-01
  0.00000E+00   1.04356E+02  -7.64184E-01
  0.00000E+00   1.02519E+02  -1.16591E+00
  0.00000E+00   1.01811E+02  -1.25831E+00
  0.00000E+00   1.01304E+02  -1.11855E+00
  0.00000E+00   1.00828E+02  -1.20905E+00
  0.00000E+00   9.99994E+01  -1.14075E+00
  0.00000E+00   9.94369E+01  -1.18388E+00
  0.00000E+00   9.92576E+01  -1.45389E+00
  0.00000E+00   9.97837E+01  -1.61180E+00
  0.00000E+00   9.97546E+01  -1.63567E+00
  0.00000E+00   9.86211E+01  -1.77327E+00
  0.00000E+00   9.76750E+01  -1.59709E+00
  0.00000E+00   9.72186E+01  -1.25252E+00
  0.00000E+00   9.68239E+01  -9.63481E-01
  0.00000E+00   9.53152E+01  -7.93007E-01
  0.00000E+00   9.37957E+01  -6.78011E-01
  0.00000E+00   9.31264E+01  -7.88076E-01
  0.00000E+00   9.34277E+01  -1.05474E+00
  0.00000E+00   9.33465E+01  -1.39786E+00
  0.00000E+00   9.23029E+01  -1.46171E+00
  0.00000E+00   9.09641E+01  -1.52103E+00
  0.00000E+00   9.03612E+01  -1.44177E+00
  0.00000E+00   9.03716E+01  -1.40065E+00
  0.00000E+00   9.02130E+01  -1.27945E+00
  0.00000E+00   8.94225E+01  -1.17431E+00
  0.00000E+00   8.86636E+01  -9.56043E-01
  0.00000E+00   8.86552E+01  -9.69365E-01
  0.00000E+00   8.83601E+01  -1.19924E+00
  0.00000E+00   8.77438E+01  -1.62668E+00
  0.00000E+00   8.67800E+01  -1.83777E+00
  0.00000E+00   8.57098E+01  -1.78837E+00
  0.00000E+00   8.55969E+01  -1.71203E+00
  0.00000E+00   8.64583E+01  -1.61388E+00
  0.00000E+00   8.71725E+01  -1.47540E+00
  0.00000E+00   8.75128E+01  -1.32205E+00
  0.00000E+00   8.76989E+01  -1.11668E+00
  0.00000E+00   8.82558E+01  -7.92272E-01
  0.00000E+00   8.88508E+01  -5.00699E-01
  0.00000E+00   8.91510E+01  -3.60631E-01
  0.00000E+00   8.80283E+01  -1.70019E-01
  0.00000E+00   8.64121E+01   9.15003E-02
  0.00000E+00   8.51906E+01   4.68628E-01
  0.00000E+00   8.46939E+01   7.91242E-01
  0.00000E+00   8.44506E+01   1.16087E+00
  0.00000E+00   8.41980E+01   1.32847E+00
  0.00000E+00   8.42007E+01   1.45398E+00
  0.00000E+00   8.40678E+01   1.66411E+00
  0.00000E+00   8.40244E+01   1.83634E+00
  0.00000E+00   8.42451E+01   1.98228E+00
  0.00000E+00   8.41380E+01   2.00828E+00
  0.00000E+00   8.34003E+01   1.82875E+00
  0.00000E+00   8.31390E+01   1.85802E+00
  0.00000E+00   8.33719E+01   1.91187E+00
  0.00000E+00   8.34431E+01   2.13666E+00
  0.00000E+00   8.40059E+01   2.36294E+00
  0.00000E+00   8.55986E+01   2.51174E+00
  0.00000E+00   8.76004E+01   2.49408E+00
  0.00000E+00   8.82499E+01   2.38790E+00
  0.00000E+00   8.69864E+01   2.23782E+00
  0.00000E+00   8.48409E+01   1.86047E+00
  0.00000E+00   8.40145E+01   1.33220E+00
  0.00000E+00   8.48781E+01   1.16208E+00
  0.00000E+00   8.65880E+01   1.02512E+00
  0.00000E+00   8.78758E+01   1.06572E+00
  0.00000E+00   8.91225E+01   1.20282E+00
  0.00000E+00   9.08536E+01   1.36313E+00
  0.00000E+00   9.23898E+01   1.50289E+00
  0.00000E+00   9.13586E+01   1.54515E+00
  0.00000E+00   8.83283E+01   1.64316E+00
  0.00000E+00   8.60645E+01   1.78111E+00
  0.00000E+00   8.54982E+01   1.98262E+00
  0.00000E+00   8.60835E+01   2.17091E+00
  0.00000E+00   8.65234E+01   2.23650E+00
  0.00000E+00   8.60437E+01   2.16335E+00
  0.00000E+00   8.63031E+01   1.94645E+00
  0.00000E+00   8.75752E+01   1.62865E+00
  0.00000E+00   8.80413E+01   1.28080E+00
  0.00000E+00   8.81648E+01   9.46197E-01
  0.00000E+00   8.81319E+01   9.13627E-01
  0.00000E+00   8.69605E+01   8.75184E-01
  0.00000E+00   8.42650E+01   6.03542E-01
  0.00000E+00   7.93986E+01   3.31964E-01
  0.00000E+00   7.55583E+01  -5.21079E-02
  0.00000E+00   7.42345E+01  -7.03231E-02
  0.00000E+00   7.50943E+01   4.19116E-02
  0.00000E+00   7.72216E+01   1.82196E-01
  0.00000E+00   7.89153E+01   3.13588E-01
  0.00000E+00   7.91245E+01   2.76336E-01
  0.00000E+00   7.84741E+01   2.31235E-01
  0.00000E+00   7.82777E+01   1.60847E-01
  0.00000E+00   7.87534E+01   1.15964E-01
  0.00000E+00   7.97836E+01   1.69371E-01
  0.00000E+00   8.11106E+01   3.54025E-01
  0.00000E+00   8.27688E+01   2.43785E-01
  0.00000E+00   8.50349E+01   1.08026E-01
  0.00000E+00   8.74464E+01   4.34369E-02
  0.00000E+00   8.85136E+01   7.98981E-02
  0.00000E+00   8.73613E+01   2.06609E-01
  0.00000E+00   8.61354E+01   4.22488E-02
  0.00000E+00   8.66202E+01  -2.37496E-01
  0.00000E+00   8.68944E+01  -2.43037E-01
  0.00000E+00   8.69258E+01   1.15779E-01
  0.00000E+00   8.80539E+01   2.52493E-01
  0.00000E+00   8.94103E+01   3.20413E-01
  0.00000E+00   9.10943E+01   2.97954E-01
  0.00000E+00   9.07741E+01   3.06204E-01
  0.00000E+00   8.85813E+01   4.79371E-01
  0.00000E+00   8.71320E+01   5.99766E-01
  0.00000E+00   8.79867E+01   8.64891E-01
  0.00000E+00   9.02858E+01   1.06484E+00
  0.00000E+00   9.19162E+01   1.03871E+00
  0.00000E+00   9.22533E+01   1.07403E+00
  0.00000E+00   9.15554E+01   1.01495E+00
  0.00000E+00   9.01430E+01   9.59285E-01
  0.00000E+00   8.72215E+01   9.31185E-01
  0.00000E+00   8.36107E+01   7.85305E-01
  0.00000E+00   8.14917E+01   7.22432E-01
  0.00000E+00   8.10538E+01   9.44430E-01
  0.00000E+00   8.19509E+01   1.06804E+00
  0.00000E+00   8.23364E+01   1.14551E+00
  0.00000E+00   8.11100E+01   1.12743E+00
  0.00000E+00   7.97421E+01   9.80233E-01
  0.00000E+00   7.87715E+01   6.95379E-01
  0.00000E+00   7.81826E+01   5.52747E-01
  0.00000E+00   7.70571E+01   5.37822E-01
  0.00000E+00   7.56218E+01   5.26042E-01
  0.00000E+00   7.50956E+01   3.82588E-01
  0.00000E+00   7.53793E+01   3.63162E-01
  0.00000E+00   7.65523E+01   3.90961E-01
  0.00000E+00   7.72892E+01   3.93067E-01
  0.00000E+00   7.73599E+01   3.49281E-01
  0.00000E+00   7.67084E+01   3.15880E-01
  0.00000E+00   7.65513E+01   4.02925E-01
  0.00000E+00   7.68437E+01   5.34871E-01
  0.00000E+00   7.64444E+01   5.85037E-01
  0.00000E+00   7.56666E+01   6.03587E-01
  0.00000E+00   7.58414E+01   6.63453E-01
  0.00000E+00   7.67790E+01   8.04349E-01
  0.00000E+00   7.77307E+01   8.57593E-01
  0.00000E+00   7.79711E+01   7.86071E-01
  0.00000E+00   7.81866E+01   5.39625E-01
  0.00000E+00   7.85131E+01   2.52809E-01
  0.00000E+00   7.89518E+01   1.43743E-01
  0.00000E+00   7.93823E+01   5.04059E-02
  0.00000E+00   7.88259E+01  -3.82508E-02
  0.00000E+00   7.84632E+01   1.79030E-02
  0.00000E+00   7.87382E+01   1.34342E-01
  0.00000E+00   7.98611E+01   1.06530E-01
  0.00000E+00   8.10033E+01   6.53177E-02
  0.00000E+00   8.13612E+01   2.88538E-02
  0.00000E+00   8.20070E+01   8.18879E-02
  0.00000E+00   8.35358E+01  -5.61019E-02
  0.00000E+00   8.56394E+01  -2.00354E-01
  0.00000E+00   8.77918E+01  -3.23193E-01
  0.00000E+00   8.96703E+01  -3.07731E-01
  0.00000E+00   9.10616E+01  -2.23158E-01
  0.00000E+00   9.29815E+01  -1.37188E-01
  0.00000E+00   9.53781E+01  -1.39761E-01
  0.00000E+00   9.76713E+01  -5.13804E-02
  0.00000E+00   9.82269E+01  -4.99823E-02
  0.00000E+00   9.71503E+01  -2.65324E-01
  0.00000E+00   9.62956E+01  -5.41478E-01
  0.00000E+00   9.54058E+01  -7.74412E-01
  0.00000E+00   9.37343E+01  -8.87905E-01
  0.00000E+00   9.17302E+01  -9.28046E-01
  0.00000E+00   9.03035E+01  -6.67075E-01
  0.00000E+00   9.02244E+01  -4.90755E-01
  0.00000E+00   9.17916E+01  -3.31614E-01
  0.00000E+00   9.38134E+01  -4.49777E-01
  0.00000E+00   9.65328E+01  -5.84669E-01
  0.00000E+00   9.96849E+01  -5.46279E-01
  0.00000E+00   1.03002E+02  -5.77124E-01
  0.00000E+00   1.04335E+02  -4.20687E-01
  0.00000E+00   1.02948E+02  -4.28371E-01
  0.00000E+00   1.00820E+02  -2.00843E-01
  0.00000E+00   9.94747E+01  -2.01197E-01
  0.00000E+00   9.90498E+01  -2.71088E-01
  0.00000E+00   9.87881E+01  -3.39403E-01
  0.00000E+00   9.87804E+01  -4.74221E-01
  0.00000E+00   9.87830E+01  -8.88982E-01
  0.00000E+00   9.98018E+01  -1.23285E+00
  0.00000E+00   1.01649E+02  -1.49727E+00
  0.00000E+00   1.02331E+02  -1.83557E+00
  0.00000E+00   1.01004E+02  -1.96040E+00
  0.00000E+00   9.97116E+01  -1.87273E+00
  0.00000E+00   9.92442E+01  -1.90369E+00
  0.00000E+00   9.94386E+01  -1.87265E+00
  0.00000E+00   9.91175E+01  -1.99381E+00
  0.00000E+00   9.81134E+01  -2.21341E+00
  0.00000E+00   9.83106E+01  -2.36760E+00
  0.00000E+00   9.92967E+01  -2.49517E+00
  0.00000E+00   1.00987E+02  -2.71626E+00
  0.00000E+00   1.01924E+02  -2.87379E+00
  0.00000E+00   1.00925E+02  -2.91638E+00
  0.00000E+00   1.00004E+02  -3.28192E+00
  0.00000E+00   9.89615E+01  -3.52176E+00
  0.00000E+00   9.75919E+01  -3.76517E+00
  0.00000E+00   9.64706E+01  -3.92981E+00
  0.00000E+00   9.59905E+01  -3.86953E+00
  0.00000E+00   9.60689E+01  -3.61007E+00
  0.00000E+00   9.76319E+01  -3.46976E+00
  0.00000E+00   9.91022E+01  -3.53637E+00
  0.00000E+00   9.84279E+01  -3.50820E+00
  0.00000E+00   9.72113E+01  -3.68096E+00
  0.00000E+00   9.53379E+01  -3.93718E+00
  0.00000E+00   9.31475E+01  -4.17382E+00
  0.00000E+00   9.03782E+01  -4.26180E+00
  0.00000E+00   8.74966E+01  -4.27780E+00
  0.00000E+00   8.63109E+01  -4.31315E+00
  0.00000E+00   8.67720E+01  -4.25974E+00
  0.00000E+00   8.71266E+01  -4.01983E+00
  0.00000E+00   8.67308E+01  -3.89166E+00
  0.00000E+00   8.57476E+01  -3.74058E+00
  0.00000E+00   8.49565E+01  -3.52597E+00
  0.00000E+00   8.49203E+01  -3.28261E+00
  0.00000E+00   8.44245E+01  -2.92716E+00
  0.00000E+00   8.28703E+01  -2.75748E+00
  0.00000E+00   8.08269E+01  -2.79170E+00
  0.00000E+00   7.87058E+01  -2.77059E+00
  0.00000E+00   7.67703E+01  -2.76796E+00
  0.00000E+00   7.53352E+01  -2.55126E+00
  0.00000E+00   7.49823E+01  -2.57608E+00
  0.00000E+00   7.58184E+01  -2.50763E+00
  0.00000E+00   7.59589E+01  -2.65453E+00
  0.00000E+00   7.61054E+01  -2.87915E+00
  0.00000E+00   7.57410E+01  -2.93762E+00
  0.00000E+00   7.44877E+01  -3.00552E+00
  0.00000E+00   7.39751E+01  -2.97580E+00
  0.00000E+00   7.43277E+01  -3.03661E+00
  0.00000E+00   7.46109E+01  -2.97960E+00
  0.00000E+00   7.50885E+01  -2.88592E+00
  0.00000E+00   7.44246E+01  -2.66728E+00
  0.00000E+00   7.37353E+01  -2.39927E+00
  0.00000E+00   7.36914E+01  -2.11688E+00
  0.00000E+00   7.40796E+01  -1.92238E+00
  0.00000E+00   7.43874E+01  -1.71354E+00
  0.00000E+00   7.49252E+01  -1.57141E+00
  0.00000E+00   7.57116E+01  -1.48173E+00
  0.00000E+00   7.62089E+01  -1.43069E+00
  0.00000E+00   7.68766E+01  -1.41910E+00
  0.00000E+00   7.78686E+01  -1.37891E+00
  0.00000E+00   7.82608E+01  -1.29101E+00
