  0.00000E+00   7.65150E-03   4.21899E-05
  0.00000E+00   7.08835E-03   5.20075E-05
  0.00000E+00   6.40226E-03  -9.48452E-05
  0.00000E+00   6.15319E-03  -5.17989E-05
  0.00000E+00   6.36014E-03  -1.41662E-05
  0.00000E+00   7.54408E-03   3.09054E-08
  0.00000E+00   9.30141E-03  -4.97442E-05
  0.00000E+00   1.15630E-02  -2.45659E-05
  0.00000E+00   1.47411E-02  -1.24020E-04
  0.00000E+00   1.88320E-02  -1.63024E-04
  0.00000E+00   2.45680E-02  -1.64133E-04
  0.00000E+00   3.33041E-02  -2.00473E-04
  0.00000E+00   4.55242E-02  -2.88619E-04
  0.00000E+00   6.26673E-02  -4.29796E-04
  0.00000E+00   8.78152E-02  -6.59492E-04
  0.00000E+00   1.24398E-01  -1.01363E-03
  0.00000E+00   1.77357E-01  -1.51762E-03
  0.00000E+00   2.54688E-01  -2.29859E-03
  0.00000E+00   3.67661E-01  -3.28329E-03
  0.00000E+00   5.32354E-01  -4.57105E-03
  0.00000E+00   7.73625E-01  -6.24758E-03
  0.00000E+00   1.12947E+00  -8.80361E-03
  0.00000E+00   1.65211E+00  -1.27996E-02
  0.00000E+00   2.41884E+00  -1.82013E-02
  0.00000E+00   3.54209E+00  -2.52498E-02
  0.00000E+00   5.17654E+00  -3.47949E-02
  0.00000E+00   7.54189E+00  -4.78733E-02
  0.00000E+00   1.09376E+01  -6.54064E-02
  0.00000E+00   1.57510E+01  -8.79847E-02
  0.00000E+00   2.24690E+01  -1.16963E-01
  0.00000E+00   3.16599E+01  -1.54481E-01
  0.00000E+00   4.39064E+01  -2.01246E-01
  0.00000E+00   5.96368E+01  -2.56179E-01
  0.00000E+00   7.87022E+01  -3.04574E-01
  0.00000E+00   9.94529E+01  -3.10420E-01
  0.00000E+00   1.17343E+02  -2.59968E-01
  0.00000E+00   1.24561E+02  -2.33980E-01
  0.00000E+00   1.13143E+02  -2.67938E-01
  0.00000E+00   8.62852E+01  -1.65613E-01
  0.00000E+00   6.31956E+01  -2.57157E-01
  0.00000E+00   4.99959E+01  -4.26284E-01
  0.00000E+00   4.37458E+01  -4.65926E-01
  0.00000E+00   4.07805E+01  -5.33234E-01
  0.00000E+00   3.86519E+01  -5.69509E-01
  0.00000E+00   3.82151E+01  -5.37417E-01
  0.00000E+00   3.69122E+01  -5.46941E-01
  0.00000E+00   3.58278E+01  -4.37402E-01
  0.00000E+00   3.58669E+01  -5.56978E-01
  0.00000E+00   3.69066E+01  -5.09005E-01
  0.00000E+00   3.86367E+01  -4.88994E-01
  0.00000E+00   4.06953E+01  -4.49672E-01
  0.00000E+00   4.29335E+01  -4.01431E-01
  0.00000E+00   4.58106E+01  -4.14706E-01
  0.00000E+00   4.95145E+01  -4.74738E-01
  0.00000E+00   5.37401E+01  -5.07223E-01
  0.00000E+00   5.70111E+01  -4.72508E-01
  0.00000E+00   5.83589E+01  -4.88852E-01
  0.00000E+00   5.89122E+01  -5.07796E-01
  0.00000E+00   6.02500E+01  -4.04565E-01
  0.00000E+00   6.24077E+01  -2.04000E-01
  0.00000E+00   6.48655E+01   1.22442E-01
  0.00000E+00   6.65526E+01   3.70035E-01
  0.00000E+00   6.76381E+01   4.47168E-01
  0.00000E+00   6.86888E+01   5.23131E-01
  0.00000E+00   6.96589E+01   4.38296E-01
  0.00000E+00   7.04281E+01   3.69231E-01
  0.00000E+00   7.06170E+01   2.97659E-01
  0.00000E+00   6.94386E+01   6.33934E-02
  0.00000E+00   6.78485E+01  -1.82766E-01
  0.00000E+00   6.79472E+01  -3.92154E-01
  0.00000E+00   6.85318E+01  -7.23541E-01
  0.00000E+00   6.69729E+01  -7.90897E-01
  0.00000E+00   6.50702E+01  -8.39410E-01
  0.00000E+00   6.40717E+01  -8.85836E-01
  0.00000E+00   6.44637E+01  -6.60489E-01
  0.00000E+00   6.45983E+01  -3.68079E-01
  0.00000E+00   6.40951E+01  -2.03798E-01
  0.00000E+00   6.32450E+01  -1.45944E-01
  0.00000E+00   6.32791E+01  -6.00334E-02
  0.00000E+00   6.36261E+01   2.00031E-01
  0.00000E+00   6.36778E+01   2.14581E-01
  0.00000E+00   6.40146E+01  -6.86630E-02
  0.00000E+00   6.55826E+01  -2.83222E-01
  0.00000E+00   6.70148E+01  -4.01465E-01
  0.00000E+00   6.85019E+01  -4.21257E-01
  0.00000E+00   7.03064E+01  -4.12179E-01
  0.00000E+00   7.28813E+01  -3.95037E-01
  0.00000E+00   7.58986E+01  -3.39434E-01
  0.00000E+00   7.90378E+01  -3.08692E-01
  0.00000E+00   8.11904E+01  -2.40464E-01
  0.00000E+00   8.04374E+01  -1.90542E-01
  0.00000E+00   7.81380E+01  -2.74207E-01
  0.00000E+00   7.67285E+01  -3.21167E-01
  0.00000E+00   7.67431E+01  -3.42875E-01
  0.00000E+00   7.65509E+01  -4.40830E-01
  0.00000E+00   7.49004E+01  -5.00251E-01
  0.00000E+00   7.30113E+01  -2.67365E-01
  0.00000E+00   7.19302E+01  -4.04058E-02
  0.00000E+00   7.22828E+01  -9.58289E-02
  0.00000E+00   7.40303E+01  -1.40552E-01
  0.00000E+00   7.57488E+01  -1.95763E-01
  0.00000E+00   7.75584E+01  -2.89882E-01
  0.00000E+00   7.90342E+01  -5.50138E-01
  0.00000E+00   7.90130E+01  -7.28920E-01
  0.00000E+00   7.84162E+01  -8.07376E-01
  0.00000E+00   7.74107E+01  -7.92559E-01
  0.00000E+00   7.68091E+01  -7.39470E-01
  0.00000E+00   7.66996E+01  -5.42494E-01
  0.00000E+00   7.59123E+01  -3.55934E-01
  0.00000E+00   7.38765E+01  -3.05591E-01
  0.00000E+00   7.17431E+01  -4.43803E-01
  0.00000E+00   6.94213E+01  -4.77906E-01
  0.00000E+00   6.84251E+01  -6.63559E-01
  0.00000E+00   6.82705E+01  -6.97589E-01
  0.00000E+00   6.83044E+01  -5.48795E-01
  0.00000E+00   6.80758E+01  -2.77922E-01
  0.00000E+00   6.72164E+01  -3.70049E-02
  0.00000E+00   6.57971E+01   2.51208E-01
  0.00000E+00   6.35675E+01   2.73006E-01
  0.00000E+00   6.15588E+01   2.44728E-01
  0.00000E+00   6.07238E+01   1.18266E-01
  0.00000E+00   6.12965E+01  -1.25111E-01
  0.00000E+00   6.08331E+01  -3.14667E-01
  0.00000E+00   5.96168E+01  -6.04641E-01
  0.00000E+00   5.97931E+01  -7.51807E-01
  0.00000E+00   6.15318E+01  -8.17485E-01
  0.00000E+00   6.35855E+01  -7.81955E-01
  0.00000E+00   6.33848E+01  -5.89782E-01
  0.00000E+00   6.14773E+01  -4.79214E-01
  0.00000E+00   6.00300E+01  -4.31334E-01
  0.00000E+00   6.00663E+01  -3.89438E-01
  0.00000E+00   6.10493E+01  -3.74904E-01
  0.00000E+00   6.26653E+01  -3.34234E-01
  0.00000E+00   6.44059E+01  -3.70555E-01
  0.00000E+00   6.59257E+01  -4.18633E-01
  0.00000E+00   6.73477E+01  -4.78116E-01
  0.00000E+00   6.83452E+01  -4.97552E-01
  0.00000E+00   6.89057E+01  -5.11059E-01
  0.00000E+00   6.96243E+01  -5.04182E-01
  0.00000E+00   7.17422E+01  -4.03868E-01
  0.00000E+00   7.50091E+01  -2.54578E-01
  0.00000E+00   7.75949E+01  -1.73227E-01
  0.00000E+00   7.80123E+01  -1.17047E-02
  0.00000E+00   7.76655E+01   4.13585E-02
  0.00000E+00   7.88927E+01   1.02844E-02
  0.00000E+00   8.14603E+01  -7.43850E-02
  0.00000E+00   8.39719E+01   1.57513E-01
  0.00000E+00   8.54278E+01   4.69265E-01
  0.00000E+00   8.53687E+01   6.74550E-01
  0.00000E+00   8.39311E+01   6.66409E-01
  0.00000E+00   8.17708E+01   6.13140E-01
  0.00000E+00   7.97446E+01   8.36168E-01
  0.00000E+00   7.91647E+01   9.28204E-01
  0.00000E+00   8.11100E+01   8.00743E-01
  0.00000E+00   8.26728E+01   7.12610E-01
  0.00000E+00   8.09972E+01   6.26648E-01
  0.00000E+00   7.74046E+01   5.85552E-01
  0.00000E+00   7.38589E+01   5.79377E-01
  0.00000E+00   7.17653E+01   7.29069E-01
  0.00000E+00   7.10183E+01   6.53232E-01
  0.00000E+00   7.11333E+01   2.13493E-01
  0.00000E+00   7.03485E+01  -2.41059E-02
  0.00000E+00   6.95790E+01  -2.66760E-01
  0.00000E+00   6.88334E+01  -5.37072E-01
  0.00000E+00   6.87636E+01  -8.51167E-01
  0.00000E+00   6.74402E+01  -1.07158E+00
  0.00000E+00   6.52755E+01  -1.28744E+00
  0.00000E+00   6.43994E+01  -1.38877E+00
  0.00000E+00   6.57832E+01  -1.39407E+00
  0.00000E+00   6.83768E+01  -1.57989E+00
  0.00000E+00   7.08620E+01  -1.71592E+00
  0.00000E+00   7.28708E+01  -1.67016E+00
  0.00000E+00   7.39902E+01  -1.77080E+00
  0.00000E+00   7.49580E+01  -1.81066E+00
  0.00000E+00   7.57147E+01  -1.95510E+00
  0.00000E+00   7.63467E+01  -2.00545E+00
  0.00000E+00   7.80622E+01  -1.85131E+00
  0.00000E+00   8.12772E+01  -1.80296E+00
  0.00000E+00   8.46775E+01  -1.84987E+00
  0.00000E+00   8.75429E+01  -1.94782E+00
  0.00000E+00   8.92211E+01  -2.04587E+00
  0.00000E+00   9.04020E+01  -2.02900E+00
  0.00000E+00   9.17449E+01  -1.96686E+00
  0.00000E+00   9.41014E+01  -1.90106E+00
  0.00000E+00   9.71610E+01  -1.85330E+00
  0.00000E+00   9.86152E+01  -1.70693E+00
  0.00000E+00   9.80596E+01  -1.54868E+00
  0.00000E+00   9.70883E+01  -1.67038E+00
  0.00000E+00   9.58089E+01  -1.77842E+00
  0.00000E+00   9.60127E+01  -1.76635E+00
  0.00000E+00   9.72575E+01  -1.97803E+00
  0.00000E+00   9.77217E+01  -1.91904E+00
  0.00000E+00   9.59791E+01  -1.91056E+00
  0.00000E+00   9.59033E+01  -1.97047E+00
  0.00000E+00   9.67367E+01  -1.98223E+00
  0.00000E+00   9.85750E+01  -1.86184E+00
  0.00000E+00   1.01768E+02  -1.82929E+00
  0.00000E+00   1.06510E+02  -1.96437E+00
  0.00000E+00   1.12163E+02  -2.20355E+00
  0.00000E+00   1.16805E+02  -2.47564E+00
  0.00000E+00   1.20148E+02  -2.74522E+00
  0.00000E+00   1.20787E+02  -2.84785E+00
  0.00000E+00   1.19320E+02  -2.86224E+00
  0.00000E+00   1.18605E+02  -2.90710E+00
  0.00000E+00   1.18509E+02  -2.97263E+00
  0.00000E+00   1.21162E+02  -3.08926E+00
  0.00000E+00   1.24972E+02  -3.26574E+00
  0.00000E+00   1.28747E+02  -3.46354E+00
  0.00000E+00   1.31046E+02  -3.63143E+00
  0.00000E+00   1.32627E+02  -3.82130E+00
  0.00000E+00   1.33051E+02  -4.12274E+00
  0.00000E+00   1.32252E+02  -4.33038E+00
  0.00000E+00   1.30129E+02  -4.43288E+00
  0.00000E+00   1.28940E+02  -4.54041E+00
  0.00000E+00   1.27800E+02  -4.46416E+00
  0.00000E+00   1.26608E+02  -4.42407E+00
  0.00000E+00   1.25128E+02  -4.30513E+00
  0.00000E+00   1.23601E+02  -4.07504E+00
  0.00000E+00   1.22803E+02  -3.78803E+00
  0.00000E+00   1.20700E+02  -3.51151E+00
  0.00000E+00   1.16240E+02  -3.12236E+00
  0.00000E+00   1.10779E+02  -2.55487E+00
  0.00000E+00   1.06071E+02  -2.02922E+00
  0.00000E+00   1.02815E+02  -1.60828E+00
  0.00000E+00   9.96169E+01  -1.38073E+00
  0.00000E+00   9.43765E+01  -1.31311E+00
  0.00000E+00   8.99125E+01  -1.49861E+00
  0.00000E+00   8.55170E+01  -1.65009E+00
  0.00000E+00   8.30017E+01  -1.84592E+00
  0.00000E+00   8.23117E+01  -1.82199E+00
  0.00000E+00   8.30993E+01  -1.54316E+00
  0.00000E+00   8.37729E+01  -1.23473E+00
  0.00000E+00   8.29750E+01  -1.41227E+00
  0.00000E+00   8.04141E+01  -1.97615E+00
  0.00000E+00   7.72203E+01  -2.23017E+00
  0.00000E+00   7.50742E+01  -2.63477E+00
  0.00000E+00   7.42025E+01  -2.71189E+00
  0.00000E+00   7.40480E+01  -2.80364E+00
  0.00000E+00   7.37059E+01  -2.92686E+00
  0.00000E+00   7.38505E+01  -2.94325E+00
  0.00000E+00   7.44336E+01  -2.89076E+00
  0.00000E+00   7.48868E+01  -2.97811E+00
  0.00000E+00   7.47517E+01  -3.23095E+00
  0.00000E+00   7.47568E+01  -3.42762E+00
  0.00000E+00   7.51845E+01  -3.81743E+00
  0.00000E+00   7.60561E+01  -3.98185E+00
  0.00000E+00   7.74675E+01  -4.17629E+00
  0.00000E+00   7.86191E+01  -4.31061E+00
  0.00000E+00   7.86837E+01  -4.64445E+00
  0.00000E+00   7.83020E+01  -4.77623E+00
  0.00000E+00   7.87406E+01  -5.09175E+00
  0.00000E+00   7.99130E+01  -5.28393E+00
  0.00000E+00   8.08271E+01  -5.37660E+00
  0.00000E+00   8.10470E+01  -5.37277E+00
  0.00000E+00   8.14962E+01  -5.33211E+00
  0.00000E+00   8.32971E+01  -5.16514E+00
  0.00000E+00   8.53469E+01  -5.06238E+00
  0.00000E+00   8.62344E+01  -5.13718E+00
  0.00000E+00   8.61662E+01  -4.96647E+00
  0.00000E+00   8.57361E+01  -4.82013E+00
  0.00000E+00   8.49673E+01  -4.53006E+00
  0.00000E+00   8.38201E+01  -3.92029E+00
  0.00000E+00   8.24934E+01  -3.43398E+00
  0.00000E+00   8.28601E+01  -3.13070E+00
  0.00000E+00   8.44839E+01  -3.08446E+00
  0.00000E+00   8.70949E+01  -2.95989E+00
  0.00000E+00   8.95557E+01  -2.99041E+00
  0.00000E+00   9.12645E+01  -2.90071E+00
  0.00000E+00   9.22370E+01  -2.84553E+00
  0.00000E+00   9.22487E+01  -2.63713E+00
  0.00000E+00   9.25888E+01  -2.40605E+00
  0.00000E+00   9.38322E+01  -2.40314E+00
  0.00000E+00   9.59016E+01  -2.27357E+00
  0.00000E+00   9.90265E+01  -2.20277E+00
  0.00000E+00   1.02478E+02  -2.01744E+00
  0.00000E+00   1.05034E+02  -1.95588E+00
  0.00000E+00   1.04872E+02  -1.96851E+00
  0.00000E+00   1.03180E+02  -1.97594E+00
  0.00000E+00   1.01845E+02  -1.94889E+00
  0.00000E+00   1.02203E+02  -1.87028E+00
  0.00000E+00   1.04007E+02  -1.92986E+00
  0.00000E+00   1.05211E+02  -2.12725E+00
  0.00000E+00   1.04254E+02  -2.16802E+00
  0.00000E+00   1.02244E+02  -1.83347E+00
  0.00000E+00   1.00271E+02  -1.65751E+00
  0.00000E+00   9.80404E+01  -1.55353E+00
  0.00000E+00   9.49565E+01  -1.43842E+00
  0.00000E+00   9.29990E+01  -1.14179E+00
  0.00000E+00   9.41024E+01  -8.99180E-01
  0.00000E+00   9.71389E+01  -9.38253E-01
  0.00000E+00   9.85806E+01  -8.27488E-01
  0.00000E+00   9.66807E+01  -6.91709E-01
  0.00000E+00   9.47005E+01  -6.46823E-01
  0.00000E+00   9.25963E+01  -5.91659E-01
  0.00000E+00   9.19426E+01  -3.75821E-01
  0.00000E+00   9.21371E+01  -3.38303E-01
  0.00000E+00   9.03200E+01  -4.19258E-01
  0.00000E+00   9.05928E+01  -5.83632E-01
  0.00000E+00   9.26360E+01  -6.98171E-01
  0.00000E+00   9.35956E+01  -7.48273E-01
  0.00000E+00   9.24687E+01  -6.29181E-01
  0.00000E+00   9.02532E+01  -6.11108E-01
  0.00000E+00   8.82413E+01  -5.84248E-01
  0.00000E+00   8.80822E+01  -8.05219E-01
  0.00000E+00   8.95006E+01  -9.81985E-01
  0.00000E+00   9.14414E+01  -1.02712E+00
  0.00000E+00   9.39373E+01  -1.23901E+00
  0.00000E+00   9.57868E+01  -1.59651E+00
  0.00000E+00   9.73010E+01  -1.80256E+00
  0.00000E+00   9.94470E+01  -1.97487E+00
  0.00000E+00   1.01382E+02  -2.14232E+00
  0.00000E+00   1.01565E+02  -2.31734E+00
  0.00000E+00   1.02326E+02  -2.43702E+00
  0.00000E+00   1.03558E+02  -2.46448E+00
  0.00000E+00   1.04014E+02  -2.54703E+00
  0.00000E+00   1.04200E+02  -2.68645E+00
  0.00000E+00   1.04926E+02  -2.80164E+00
  0.00000E+00   1.06874E+02  -3.16654E+00
  0.00000E+00   1.10067E+02  -3.30878E+00
  0.00000E+00   1.13451E+02  -3.48182E+00
  0.00000E+00   1.16180E+02  -3.72983E+00
  0.00000E+00   1.17208E+02  -3.81325E+00
  0.00000E+00   1.18736E+02  -4.06575E+00
  0.00000E+00   1.21325E+02  -4.09945E+00
  0.00000E+00   1.22963E+02  -4.28357E+00
  0.00000E+00   1.22652E+02  -4.41800E+00
  0.00000E+00   1.22463E+02  -4.42825E+00
  0.00000E+00   1.22916E+02  -4.49847E+00
  0.00000E+00   1.24759E+02  -4.62758E+00
  0.00000E+00   1.27221E+02  -4.70817E+00
  0.00000E+00   1.29480E+02  -4.95942E+00
  0.00000E+00   1.30488E+02  -4.96268E+00
  0.00000E+00   1.31405E+02  -4.76435E+00
  0.00000E+00   1.31228E+02  -4.30380E+00
  0.00000E+00   1.30386E+02  -3.52910E+00
  0.00000E+00   1.29117E+02  -2.87825E+00
  0.00000E+00   1.27900E+02  -2.51706E+00
  0.00000E+00   1.28001E+02  -2.37802E+00
  0.00000E+00   1.26994E+02  -2.17062E+00
  0.00000E+00   1.26355E+02  -2.15216E+00
  0.00000E+00   1.24819E+02  -1.99371E+00
  0.00000E+00   1.23480E+02  -2.12800E+00
  0.00000E+00   1.22471E+02  -2.26542E+00
  0.00000E+00   1.20915E+02  -2.03861E+00
  0.00000E+00   1.18999E+02  -1.83004E+00
  0.00000E+00   1.18023E+02  -1.51305E+00
  0.00000E+00   1.18990E+02  -1.16899E+00
  0.00000E+00   1.21707E+02  -1.08388E+00
  0.00000E+00   1.24600E+02  -8.22221E-01
  0.00000E+00   1.25316E+02  -6.12385E-01
  0.00000E+00   1.24009E+02  -5.41525E-01
  0.00000E+00   1.24650E+02  -3.89691E-01
  0.00000E+00   1.26300E+02   1.32178E-01
  0.00000E+00   1.28191E+02   7.58087E-01
  0.00000E+00   1.29869E+02   1.17748E+00
  0.00000E+00   1.31509E+02   1.35679E+00
  0.00000E+00   1.33854E+02   1.56746E+00
  0.00000E+00   1.35698E+02   1.66226E+00
  0.00000E+00   1.37086E+02   1.83899E+00
  0.00000E+00   1.36222E+02   2.12139E+00
  0.00000E+00   1.34717E+02   2.66064E+00
  0.00000E+00   1.34265E+02   3.15762E+00
  0.00000E+00   1.33997E+02   3.48278E+00
  0.00000E+00   1.33981E+02   3.77386E+00
  0.00000E+00   1.32861E+02   4.02556E+00
  0.00000E+00   1.31727E+02   4.26528E+00
  0.00000E+00   1.32144E+02   4.54305E+00
  0.00000E+00   1.35355E+02   4.85974E+00
  0.00000E+00   1.38689E+02   4.93549E+00
  0.00000E+00   1.41487E+02   4.99806E+00
  0.00000E+00   1.44956E+02   4.92850E+00
  0.00000E+00   1.48526E+02   4.72949E+00
  0.00000E+00   1.51624E+02   4.73377E+00
  0.00000E+00   1.53188E+02   4.97213E+00
  0.00000E+00   1.55117E+02   4.92045E+00
  0.00000E+00   1.56264E+02   4.87988E+00
  0.00000E+00   1.58622E+02   4.88017E+00
  0.00000E+00   1.61852E+02   4.73546E+00
  0.00000E+00   1.65262E+02   4.51071E+00
  0.00000E+00   1.67204E+02   4.43740E+00
  0.00000E+00   1.67753E+02   4.36964E+00
  0.00000E+00   1.70307E+02   4.04714E+00
  0.00000E+00   1.72672E+02   3.72099E+00
  0.00000E+00   1.73607E+02   3.39600E+00
  0.00000E+00   1.72777E+02   3.26822E+00
  0.00000E+00   1.72393E+02   3.22899E+00
  0.00000E+00   1.72609E+02   3.28285E+00
  0.00000E+00   1.71307E+02   3.15770E+00
  0.00000E+00   1.67631E+02   2.88969E+00
  0.00000E+00   1.63707E+02   2.42205E+00
  0.00000E+00   1.60571E+02   2.28145E+00
  0.00000E+00   1.59080E+02   2.34721E+00
  0.00000E+00   1.57189E+02   2.11996E+00
  0.00000E+00   1.56719E+02   1.90514E+00
  0.00000E+00   1.55461E+02   1.80097E+00
  0.00000E+00   1.55267E+02   1.81143E+00
  0.00000E+00   1.56726E+02   1.59041E+00
  0.00000E+00   1.59151E+02   1.28670E+00
  0.00000E+00   1.60091E+02   8.47088E-01
  0.00000E+00   1.61464E+02   6.90561E-01
  0.00000E+00   1.60614E+02   3.53198E-01
  0.00000E+00   1.59586E+02   2.32261E-01
  0.00000E+00   1.59590E+02  -3.62235E-02
  0.00000E+00   1.59438E+02  -2.42764E-01
  0.00000E+00   1.60695E+02  -1.16521E-01
  0.00000E+00   1.62581E+02  -1.33788E-01
  0.00000E+00   1.63495E+02  -3.88176E-01
  0.00000E+00   1.59259E+02  -4.73808E-01
  0.00000E+00   1.51832E+02  -7.63715E-01
  0.00000E+00   1.45556E+02  -1.04741E+00
  0.00000E+00   1.42156E+02  -1.17785E+00
  0.00000E+00   1.43101E+02  -1.16227E+00
  0.00000E+00   1.44419E+02  -1.27463E+00
  0.00000E+00   1.44719E+02  -8.92505E-01
  0.00000E+00   1.43754E+02  -7.99224E-01
  0.00000E+00   1.44421E+02  -9.00403E-01
  0.00000E+00   1.43757E+02  -1.05958E+00
  0.00000E+00   1.43656E+02  -8.00192E-01
  0.00000E+00   1.43260E+02  -6.64129E-01
  0.00000E+00   1.43371E+02  -5.47323E-01
  0.00000E+00   1.44383E+02  -5.00767E-01
  0.00000E+00   1.46046E+02  -4.61864E-01
  0.00000E+00   1.46465E+02  -3.88068E-01
  0.00000E+00   1.47967E+02  -2.10180E-01
  0.00000E+00   1.50337E+02  -3.20467E-01
  0.00000E+00   1.53383E+02  -4.22200E-01
  0.00000E+00   1.56131E+02  -3.22426E-01
  0.00000E+00   1.57095E+02  -3.05787E-01
  0.00000E+00   1.57653E+02  -2.45498E-01
  0.00000E+00   1.57524E+02  -2.33591E-01
  0.00000E+00   1.58265E+02  -1.98630E-01
  0.00000E+00   1.61491E+02  -2.49683E-01
  0.00000E+00   1.66825E+02  -2.41078E-01
  0.00000E+00   1.71786E+02  -2.95831E-01
  0.00000E+00   1.75193E+02  -2.65434E-01
  0.00000E+00   1.77279E+02  -2.48997E-01
  0.00000E+00   1.79217E+02  -3.28482E-01
  0.00000E+00   1.80594E+02  -1.38877E-01
  0.00000E+00   1.83722E+02  -1.16923E-01
  0.00000E+00   1.86394E+02   6.02694E-02
  0.00000E+00   1.89091E+02   2.79226E-01
  0.00000E+00   1.93372E+02   2.65462E-01
  0.00000E+00   1.96291E+02   2.45786E-01
  0.00000E+00   1.98661E+02  -1.88583E-02
  0.00000E+00   2.00010E+02   2.64901E-01
  0.00000E+00   2.00904E+02   4.61510E-01
  0.00000E+00   2.00854E+02   1.03726E+00
  0.00000E+00   2.00704E+02   1.41321E+00
  0.00000E+00   2.03120E+02   1.47957E+00
  0.00000E+00   2.06608E+02   1.63875E+00
  0.00000E+00   2.12892E+02   1.74174E+00
  0.00000E+00   2.20450E+02   1.87108E+00
  0.00000E+00   2.26198E+02   1.73112E+00
  0.00000E+00   2.27900E+02   2.05143E+00
  0.00000E+00   2.26676E+02   2.38882E+00
  0.00000E+00   2.24997E+02   2.92650E+00
  0.00000E+00   2.24696E+02   3.24454E+00
  0.00000E+00   2.25800E+02   3.70538E+00
  0.00000E+00   2.29749E+02   3.94699E+00
  0.00000E+00   2.33556E+02   4.10210E+00
  0.00000E+00   2.37414E+02   4.71811E+00
  0.00000E+00   2.39780E+02   4.97855E+00
  0.00000E+00   2.41405E+02   5.41667E+00
  0.00000E+00   2.42324E+02   5.60214E+00
  0.00000E+00   2.43477E+02   5.56317E+00
  0.00000E+00   2.45898E+02   5.55832E+00
  0.00000E+00   2.46989E+02   5.51922E+00
  0.00000E+00   2.47519E+02   5.31933E+00
  0.00000E+00   2.48326E+02   5.57488E+00
  0.00000E+00   2.46377E+02   5.73979E+00
  0.00000E+00   2.45189E+02   5.94269E+00
  0.00000E+00   2.48291E+02   5.98416E+00
  0.00000E+00   2.50876E+02   6.09136E+00
  0.00000E+00   2.54153E+02   5.98729E+00
  0.00000E+00   2.56762E+02   5.69086E+00
  0.00000E+00   2.57105E+02   5.65012E+00
  0.00000E+00   2.54497E+02   5.38246E+00
  0.00000E+00   2.50621E+02   5.54828E+00
  0.00000E+00   2.46066E+02   5.82744E+00
  0.00000E+00   2.43553E+02   6.52929E+00
  0.00000E+00   2.42747E+02   6.75833E+00
  0.00000E+00   2.40814E+02   6.55387E+00
  0.00000E+00   2.41028E+02   6.36387E+00
  0.00000E+00   2.40422E+02   6.17229E+00
  0.00000E+00   2.36436E+02   5.98201E+00
  0.00000E+00   2.30341E+02   5.58883E+00
  0.00000E+00   2.24103E+02   5.46620E+00
  0.00000E+00   2.18288E+02   5.83422E+00
  0.00000E+00   2.15679E+02   5.87620E+00
  0.00000E+00   2.14900E+02   5.68851E+00
  0.00000E+00   2.12185E+02   5.71382E+00
  0.00000E+00   2.04983E+02   5.56699E+00
  0.00000E+00   1.96849E+02   5.75377E+00
  0.00000E+00   1.91792E+02   5.63279E+00
  0.00000E+00   1.88237E+02   5.36312E+00
  0.00000E+00   1.85461E+02   5.22443E+00
  0.00000E+00   1.83760E+02   4.82784E+00
  0.00000E+00   1.82762E+02   4.65189E+00
  0.00000E+00   1.79607E+02   4.74048E+00
  0.00000E+00   1.76536E+02   4.73712E+00
  0.00000E+00   1.75593E+02   4.69865E+00
  0.00000E+00   1.75878E+02   4.55173E+00
  0.00000E+00   1.77646E+02   4.64349E+00
  0.00000E+00   1.79688E+02   4.51257E+00
  0.00000E+00   1.81515E+02   4.47739E+00
  0.00000E+00   1.80465E+02   4.69948E+00
  0.00000E+00   1.77694E+02   5.04494E+00
  0.00000E+00   1.75041E+02   5.47249E+00
  0.00000E+00   1.71968E+02   5.78038E+00
  0.00000E+00   1.69110E+02   6.16888E+00
  0.00000E+00   1.66741E+02   6.41271E+00
  0.00000E+00   1.65856E+02   6.52996E+00
  0.00000E+00   1.63568E+02   6.61398E+00
  0.00000E+00   1.61792E+02   6.31493E+00
  0.00000E+00   1.58261E+02   6.11745E+00
  0.00000E+00   1.56115E+02   6.19421E+00
  0.00000E+00   1.51267E+02   6.14254E+00
  0.00000E+00   1.46878E+02   5.74146E+00
  0.00000E+00   1.42895E+02   6.11316E+00
  0.00000E+00   1.39716E+02   6.27938E+00
  0.00000E+00   1.35168E+02   6.13548E+00
  0.00000E+00   1.32223E+02   6.60314E+00
  0.00000E+00   1.30743E+02   6.99107E+00
  0.00000E+00   1.29550E+02   7.08238E+00
  0.00000E+00   1.28254E+02   6.61121E+00
  0.00000E+00   1.24776E+02   6.07194E+00
  0.00000E+00   1.22383E+02   5.69450E+00
  0.00000E+00   1.20447E+02   5.59019E+00
  0.00000E+00   1.18782E+02   5.44630E+00
  0.00000E+00   1.17732E+02   5.09077E+00
  0.00000E+00   1.17444E+02   5.05431E+00
  0.00000E+00   1.15740E+02   4.67414E+00
  0.00000E+00   1.13628E+02   4.59369E+00
  0.00000E+00   1.11386E+02   4.67302E+00
  0.00000E+00   1.09980E+02   4.51957E+00
  0.00000E+00   1.08376E+02   4.49439E+00
  0.00000E+00   1.06793E+02   4.34164E+00
  0.00000E+00   1.04820E+02   4.04936E+00
  0.00000E+00   1.03769E+02   3.74935E+00
  0.00000E+00   1.03313E+02   3.50188E+00
  0.00000E+00   1.02577E+02   3.33161E+00
  0.00000E+00   1.02136E+02   3.42567E+00
  0.00000E+00   1.00479E+02   3.65480E+00
  0.00000E+00   9.83932E+01   3.84325E+00
  0.00000E+00   9.63802E+01   3.80197E+00
  0.00000E+00   9.48742E+01   3.82507E+00
  0.00000E+00   9.33573E+01   3.92854E+00
  0.00000E+00   9.15529E+01   4.05232E+00
  0.00000E+00   9.00910E+01   4.24101E+00
  0.00000E+00   8.84659E+01   4.49767E+00
  0.00000E+00   8.83366E+01   4.58697E+00
  0.00000E+00   8.97675E+01   4.56220E+00
  0.00000E+00   9.05316E+01   4.58813E+00
  0.00000E+00   9.09437E+01   4.48947E+00
  0.00000E+00   9.00219E+01   4.40724E+00
  0.00000E+00   8.88849E+01   4.27497E+00
  0.00000E+00   8.91927E+01   4.26209E+00
  0.00000E+00   8.96232E+01   4.09357E+00
  0.00000E+00   8.92026E+01   3.83767E+00
  0.00000E+00   8.84247E+01   3.33998E+00
  0.00000E+00   8.79339E+01   2.89502E+00
  0.00000E+00   8.73593E+01   2.41411E+00
  0.00000E+00   8.67679E+01   2.08824E+00
  0.00000E+00   8.60715E+01   1.80156E+00
  0.00000E+00   8.48109E+01   1.48915E+00
  0.00000E+00   8.48538E+01   1.37703E+00
  0.00000E+00   8.63791E+01   1.30375E+00
  0.00000E+00   8.80174E+01   1.26972E+00
  0.00000E+00   8.83444E+01   1.14617E+00
  0.00000E+00   8.77845E+01   1.00370E+00
  0.00000E+00   8.73808E+01   8.10963E-01
  0.00000E+00   8.78442E+01   7.56790E-01
  0.00000E+00   8.81042E+01   7.76436E-01
  0.00000E+00   8.78435E+01   6.48163E-01
  0.00000E+00   8.76333E+01   7.67793E-01
  0.00000E+00   8.82315E+01   8.31903E-01
  0.00000E+00   8.76130E+01   9.39787E-01
  0.00000E+00   8.62828E+01   9.45755E-01
  0.00000E+00   8.59934E+01   1.17696E+00
  0.00000E+00   8.70712E+01   1.30843E+00
  0.00000E+00   8.87308E+01   1.22824E+00
  0.00000E+00   8.93837E+01   1.18168E+00
  0.00000E+00   8.81522E+01   1.04261E+00
  0.00000E+00   8.63379E+01   1.03441E+00
  0.00000E+00   8.57790E+01   1.25060E+00
  0.00000E+00   8.64708E+01   1.42590E+00
  0.00000E+00   8.80654E+01   1.44691E+00
  0.00000E+00   8.86890E+01   1.32192E+00
  0.00000E+00   8.83859E+01   1.12845E+00
  0.00000E+00   8.74328E+01   8.69912E-01
  0.00000E+00   8.67772E+01   6.36400E-01
  0.00000E+00   8.61511E+01   4.63898E-01
  0.00000E+00   8.47691E+01   1.11342E-01
  0.00000E+00   8.30649E+01  -2.72107E-01
  0.00000E+00   8.19910E+01  -5.69388E-01
  0.00000E+00   8.27838E+01  -6.76423E-01
  0.00000E+00   8.38112E+01  -8.24665E-01
  0.00000E+00   8.40499E+01  -6.80460E-01
  0.00000E+00   8.44333E+01  -7.19320E-01
  0.00000E+00   8.61015E+01  -6.16393E-01
  0.00000E+00   8.75266E+01  -5.44603E-01
  0.00000E+00   8.75476E+01  -4.01300E-01
  0.00000E+00   8.65679E+01  -6.74985E-01
  0.00000E+00   8.64762E+01  -8.46770E-01
  0.00000E+00   8.73694E+01  -1.14268E+00
  0.00000E+00   8.91260E+01  -1.39217E+00
  0.00000E+00   9.01176E+01  -1.64103E+00
  0.00000E+00   9.05066E+01  -2.09429E+00
  0.00000E+00   9.12544E+01  -2.69032E+00
  0.00000E+00   9.34200E+01  -3.02135E+00
  0.00000E+00   9.61256E+01  -3.27465E+00
  0.00000E+00   9.74381E+01  -3.41835E+00
  0.00000E+00   9.77075E+01  -3.50003E+00
  0.00000E+00   9.89353E+01  -3.70248E+00
  0.00000E+00   1.01834E+02  -3.82570E+00
  0.00000E+00   1.03261E+02  -3.98978E+00
  0.00000E+00   1.03019E+02  -4.24007E+00
  0.00000E+00   1.03000E+02  -4.43618E+00
  0.00000E+00   1.05166E+02  -4.61678E+00
  0.00000E+00   1.08024E+02  -4.57240E+00
  0.00000E+00   1.08587E+02  -4.31666E+00
  0.00000E+00   1.06738E+02  -4.22912E+00
  0.00000E+00   1.04318E+02  -4.18903E+00
  0.00000E+00   1.02826E+02  -4.16895E+00
  0.00000E+00   1.03147E+02  -4.11598E+00
  0.00000E+00   1.04846E+02  -4.08652E+00
  0.00000E+00   1.06031E+02  -4.22162E+00
  0.00000E+00   1.06817E+02  -4.40277E+00
  0.00000E+00   1.08444E+02  -4.46826E+00
  0.00000E+00   1.10582E+02  -4.47884E+00
  0.00000E+00   1.11387E+02  -4.41857E+00
  0.00000E+00   1.10486E+02  -4.29780E+00
  0.00000E+00   1.09452E+02  -4.08490E+00
  0.00000E+00   1.09926E+02  -3.93377E+00
  0.00000E+00   1.08997E+02  -4.04589E+00
  0.00000E+00   1.05454E+02  -3.93880E+00
  0.00000E+00   1.01106E+02  -3.62650E+00
  0.00000E+00   9.87014E+01  -3.65691E+00
  0.00000E+00   9.87632E+01  -3.54795E+00
  0.00000E+00   9.85747E+01  -3.25824E+00
  0.00000E+00   9.81395E+01  -2.78737E+00
  0.00000E+00   9.74820E+01  -2.70190E+00
  0.00000E+00   9.64582E+01  -2.51991E+00
  0.00000E+00   9.67501E+01  -2.47576E+00
  0.00000E+00   9.59835E+01  -2.31294E+00
  0.00000E+00   9.42658E+01  -2.38368E+00
  0.00000E+00   9.24816E+01  -2.51111E+00
  0.00000E+00   9.21019E+01  -2.56145E+00
  0.00000E+00   9.31475E+01  -2.51399E+00
  0.00000E+00   9.35964E+01  -2.45134E+00
  0.00000E+00   9.34291E+01  -2.60158E+00
  0.00000E+00   9.34052E+01  -2.44098E+00
  0.00000E+00   9.41704E+01  -2.40116E+00
  0.00000E+00   9.62421E+01  -2.19622E+00
  0.00000E+00   9.80850E+01  -2.03456E+00
  0.00000E+00   9.77664E+01  -1.98054E+00
  0.00000E+00   9.67898E+01  -1.86927E+00
  0.00000E+00   9.63952E+01  -1.67937E+00
  0.00000E+00   9.48127E+01  -1.55143E+00
  0.00000E+00   9.29908E+01  -1.64710E+00
  0.00000E+00   9.20791E+01  -1.47802E+00
  0.00000E+00   9.31861E+01  -1.21822E+00
  0.00000E+00   9.48925E+01  -1.00164E+00
  0.00000E+00   9.68381E+01  -9.17764E-01
  0.00000E+00   9.68732E+01  -8.12602E-01
  0.00000E+00   9.63938E+01  -7.30768E-01
  0.00000E+00   9.57034E+01  -7.33262E-01
  0.00000E+00   9.53484E+01  -8.42284E-01
  0.00000E+00   9.41808E+01  -9.11320E-01
  0.00000E+00   9.15176E+01  -9.38522E-01
  0.00000E+00   8.88524E+01  -9.48523E-01
  0.00000E+00   8.87169E+01  -9.93271E-01
  0.00000E+00   9.02086E+01  -9.75341E-01
  0.00000E+00   9.13035E+01  -1.02686E+00
  0.00000E+00   9.07232E+01  -1.35039E+00
  0.00000E+00   8.99376E+01  -1.50429E+00
  0.00000E+00   9.08064E+01  -1.64595E+00
  0.00000E+00   9.22336E+01  -1.85619E+00
  0.00000E+00   9.22518E+01  -1.90101E+00
  0.00000E+00   9.03025E+01  -1.62102E+00
  0.00000E+00   8.86393E+01  -1.27969E+00
  0.00000E+00   8.76066E+01  -1.28939E+00
  0.00000E+00   8.67176E+01  -1.30264E+00
  0.00000E+00   8.56179E+01  -1.14833E+00
  0.00000E+00   8.34320E+01  -8.83279E-01
  0.00000E+00   8.15793E+01  -7.58692E-01
  0.00000E+00   7.97862E+01  -6.46351E-01
  0.00000E+00   7.88086E+01  -5.40835E-01
  0.00000E+00   7.64424E+01  -3.34113E-01
  0.00000E+00   7.47600E+01  -1.16625E-01
  0.00000E+00   7.49404E+01   7.94689E-03
  0.00000E+00   7.65419E+01  -5.60961E-02
  0.00000E+00   7.72468E+01  -5.36879E-02
  0.00000E+00   7.71280E+01  -2.31557E-02
  0.00000E+00   7.69413E+01   2.09738E-01
  0.00000E+00   7.73589E+01   5.24201E-01
  0.00000E+00   7.87342E+01   6.29610E-01
  0.00000E+00   7.98562E+01   6.31664E-01
  0.00000E+00   8.11029E+01   4.49595E-01
  0.00000E+00   8.22677E+01   3.93256E-02
  0.00000E+00   8.30366E+01  -6.30362E-01
  0.00000E+00   8.34386E+01  -1.13173E+00
  0.00000E+00   8.28880E+01  -1.24992E+00
  0.00000E+00   8.17411E+01  -1.24472E+00
  0.00000E+00   8.24129E+01  -1.29826E+00
  0.00000E+00   8.49047E+01  -1.49744E+00
  0.00000E+00   8.81003E+01  -1.64114E+00
  0.00000E+00   8.90801E+01  -1.92876E+00
  0.00000E+00   8.77518E+01  -2.15533E+00
  0.00000E+00   8.75979E+01  -2.56762E+00
  0.00000E+00   8.89556E+01  -3.00653E+00
  0.00000E+00   9.07440E+01  -3.23515E+00
  0.00000E+00   9.19359E+01  -3.22622E+00
  0.00000E+00   9.26500E+01  -3.23992E+00
  0.00000E+00   9.46692E+01  -3.38260E+00
  0.00000E+00   9.73157E+01  -3.64861E+00
  0.00000E+00   9.90719E+01  -3.71982E+00
  0.00000E+00   9.84829E+01  -3.46390E+00
  0.00000E+00   9.73498E+01  -3.20678E+00
  0.00000E+00   9.76583E+01  -2.89595E+00
  0.00000E+00   9.85902E+01  -2.89483E+00
  0.00000E+00   9.89798E+01  -2.94936E+00
  0.00000E+00   9.82931E+01  -3.08901E+00
  0.00000E+00   9.70556E+01  -3.16504E+00
  0.00000E+00   9.61863E+01  -3.37902E+00
  0.00000E+00   9.47746E+01  -3.61741E+00
  0.00000E+00   9.16942E+01  -3.66367E+00
  0.00000E+00   8.72615E+01  -3.62948E+00
  0.00000E+00   8.28760E+01  -3.42874E+00
  0.00000E+00   8.09674E+01  -3.54088E+00
  0.00000E+00   8.13796E+01  -3.83326E+00
  0.00000E+00   8.14613E+01  -3.97953E+00
  0.00000E+00   8.07239E+01  -4.05632E+00
  0.00000E+00   8.02395E+01  -4.12242E+00
  0.00000E+00   8.04659E+01  -4.17668E+00
  0.00000E+00   8.10728E+01  -4.10987E+00
  0.00000E+00   8.00881E+01  -4.14944E+00
  0.00000E+00   7.77799E+01  -4.05007E+00
  0.00000E+00   7.51831E+01  -4.08975E+00
  0.00000E+00   7.34774E+01  -4.14231E+00
  0.00000E+00   7.30919E+01  -4.19615E+00
  0.00000E+00   7.21780E+01  -4.33091E+00
  0.00000E+00   7.07728E+01  -4.10214E+00
  0.00000E+00   7.14510E+01  -4.06426E+00
  0.00000E+00   7.32549E+01  -3.97521E+00
  0.00000E+00   7.40343E+01  -3.87256E+00
  0.00000E+00   7.20637E+01  -3.58014E+00
  0.00000E+00   6.97874E+01  -3.33965E+00
  0.00000E+00   6.91260E+01  -3.34960E+00
  0.00000E+00   7.00457E+01  -3.45586E+00
  0.00000E+00   7.16690E+01  -3.43487E+00
  0.00000E+00   7.23511E+01  -3.19723E+00
  0.00000E+00   7.30142E+01  -2.90458E+00
  0.00000E+00   7.41242E+01  -2.68325E+00
  0.00000E+00   7.57245E+01  -2.40066E+00
  0.00000E+00   7.62301E+01  -2.06546E+00
  0.00000E+00   7.45682E+01  -1.77164E+00
  0.00000E+00   7.24906E+01  -1.75180E+00
  0.00000E+00   7.24392E+01  -1.91931E+00
  0.00000E+00   7.28689E+01  -1.94923E+00
  0.00000E+00   7.20453E+01  -1.89796E+00
  0.00000E+00   7.06154E+01  -1.88241E+00
  0.00000E+00   7.03960E+01  -2.07252E+00
  0.00000E+00   7.14356E+01  -2.15441E+00
  0.00000E+00   7.21302E+01  -2.31553E+00
  0.00000E+00   7.15268E+01  -2.32438E+00
  0.00000E+00   7.06255E+01  -2.07431E+00
  0.00000E+00   7.06125E+01  -2.00981E+00
  0.00000E+00   7.14217E+01  -1.92520E+00
  0.00000E+00   7.27362E+01  -1.86323E+00
  0.00000E+00   7.40215E+01  -1.82799E+00
  0.00000E+00   7.51860E+01  -1.80284E+00
  0.00000E+00   7.65828E+01  -1.67544E+00
  0.00000E+00   7.87430E+01  -1.64847E+00
  0.00000E+00   8.10600E+01  -1.68169E+00
  0.00000E+00   8.12552E+01  -1.69358E+00
  0.00000E+00   7.98751E+01  -1.47113E+00
  0.00000E+00   8.05243E+01  -1.09173E+00
  0.00000E+00   8.32034E+01  -8.07750E-01
  0.00000E+00   8.54335E+01  -7.50845E-01
  0.00000E+00   8.60401E+01  -7.70010E-01
  0.00000E+00   8.73302E+01  -8.20523E-01
  0.00000E+00   9.00191E+01  -6.79000E-01
  0.00000E+00   9.21388E+01  -5.67880E-01
  0.00000E+00   9.23106E+01  -3.74874E-01
  0.00000E+00   9.12162E+01  -2.14541E-01
  0.00000E+00   9.02137E+01   2.52647E-02
  0.00000E+00   9.06930E+01   2.08571E-01
  0.00000E+00   9.15935E+01   2.89634E-01
  0.00000E+00   9.18872E+01   2.73155E-01
  0.00000E+00   9.22932E+01   3.99638E-01
  0.00000E+00   9.34035E+01   3.70274E-01
  0.00000E+00   9.48381E+01   3.19023E-01
  0.00000E+00   9.54326E+01   1.88471E-01
  0.00000E+00   9.55775E+01   1.20990E-02
  0.00000E+00   9.56746E+01  -1.44839E-01
  0.00000E+00   9.69462E+01  -1.52627E-01
  0.00000E+00   9.85398E+01  -1.12266E-01
  0.00000E+00   9.80075E+01   2.26973E-01
  0.00000E+00   9.48864E+01   1.58461E-01
