  0.00000E+00   1.14779E-04   2.74698E-06
  0.00000E+00   1.17090E-04   2.40385E-06
  0.00000E+00   1.20300E-04  -3.18051E-07
  0.00000E+00   1.32309E-04  -1.49333E-06
  0.00000E+00   1.53348E-04  -1.80508E-06
  0.00000E+00   1.84538E-04  -1.68522E-06
  0.00000E+00   2.28219E-04  -1.14893E-06
  0.00000E+00   2.88426E-04  -1.36249E-07
  0.00000E+00   3.70723E-04   1.44797E-06
  0.00000E+00   4.82647E-04   3.74975E-06
  0.00000E+00   6.34457E-04   6.99468E-06
  0.00000E+00   8.40162E-04   1.15333E-05
  0.00000E+00   1.11889E-03   1.78682E-05
  0.00000E+00   1.49691E-03   2.66987E-05
  0.00000E+00   2.01021E-03   3.89766E-05
  0.00000E+00   2.70840E-03   5.59944E-05
  0.00000E+00   3.65854E-03   7.95500E-05
  0.00000E+00   4.95499E-03   1.11925E-04
  0.00000E+00   6.72368E-03   1.56426E-04
  0.00000E+00   9.14023E-03   2.17292E-04
  0.00000E+00   1.24434E-02   3.00095E-04
  0.00000E+00   1.69585E-02   4.12529E-04
  0.00000E+00   2.31286E-02   5.64251E-04
  0.00000E+00   3.15544E-02   7.67941E-04
  0.00000E+00   4.30405E-02   1.04034E-03
  0.00000E+00   5.86638E-02   1.40178E-03
  0.00000E+00   7.98459E-02   1.87909E-03
  0.00000E+00   1.08438E-01   2.50626E-03
  0.00000E+00   1.46824E-01   3.32524E-03
  0.00000E+00   1.98021E-01   4.38959E-03
  0.00000E+00   2.65779E-01   5.76542E-03
  0.00000E+00   3.54697E-01   7.52938E-03
  0.00000E+00   4.70310E-01   9.76502E-03
  0.00000E+00   6.19183E-01   1.25514E-02
  0.00000E+00   8.08959E-01   1.59441E-02
  0.00000E+00   1.04835E+00   1.99489E-02
  0.00000E+00   1.34701E+00   2.44910E-02
  0.00000E+00   1.71518E+00   2.93803E-02
  0.00000E+00   2.16321E+00   3.42702E-02
  0.00000E+00   2.70067E+00   3.85993E-02
  0.00000E+00   3.33531E+00   4.15120E-02
  0.00000E+00   4.07200E+00   4.17734E-02
  0.00000E+00   4.91195E+00   3.77335E-02
  0.00000E+00   5.85281E+00   2.74111E-02
  0.00000E+00   6.88984E+00   8.72957E-03
  0.00000E+00   8.01736E+00  -2.01768E-02
  0.00000E+00   9.22905E+00  -6.08215E-02
  0.00000E+00   1.05155E+01  -1.14608E-01
  0.00000E+00   1.18605E+01  -1.83170E-01
  0.00000E+00   1.32370E+01  -2.67315E-01
  0.00000E+00   1.46057E+01  -3.66203E-01
  0.00000E+00   1.59160E+01  -4.76491E-01
  0.00000E+00   1.71240E+01  -5.89579E-01
  0.00000E+00   1.82690E+01  -6.70405E-01
  0.00000E+00   1.94811E+01  -7.13710E-01
  0.00000E+00   2.07774E+01  -7.01881E-01
  0.00000E+00   2.19958E+01  -6.22441E-01
  0.00000E+00   2.31330E+01  -4.71668E-01
  0.00000E+00   2.42447E+01  -3.03678E-01
  0.00000E+00   2.53344E+01  -1.26482E-01
  0.00000E+00   2.63664E+01   1.72953E-02
  0.00000E+00   2.72617E+01   1.68438E-01
  0.00000E+00   2.78157E+01   2.70065E-01
  0.00000E+00   2.80024E+01   2.63515E-01
  0.00000E+00   2.84329E+01   7.80161E-02
  0.00000E+00   2.95268E+01  -1.27665E-01
  0.00000E+00   3.06883E+01  -4.53222E-01
  0.00000E+00   3.17890E+01  -7.48462E-01
  0.00000E+00   3.29634E+01  -9.43771E-01
  0.00000E+00   3.37764E+01  -1.04329E+00
  0.00000E+00   3.42639E+01  -9.43529E-01
  0.00000E+00   3.48675E+01  -7.88996E-01
  0.00000E+00   3.51895E+01  -6.35047E-01
  0.00000E+00   3.55814E+01  -7.41243E-01
  0.00000E+00   3.63187E+01  -1.11349E+00
  0.00000E+00   3.69708E+01  -1.31335E+00
  0.00000E+00   3.77140E+01  -1.33715E+00
  0.00000E+00   3.80717E+01  -1.22336E+00
  0.00000E+00   3.73881E+01  -1.00249E+00
  0.00000E+00   3.58771E+01  -8.97593E-01
  0.00000E+00   3.44128E+01  -9.58064E-01
  0.00000E+00   3.33352E+01  -1.02025E+00
  0.00000E+00   3.29344E+01  -9.37591E-01
  0.00000E+00   3.31870E+01  -7.60444E-01
  0.00000E+00   3.37485E+01  -4.82174E-01
  0.00000E+00   3.44669E+01  -1.51530E-01
  0.00000E+00   3.52445E+01   1.63798E-01
  0.00000E+00   3.63298E+01   3.90568E-01
  0.00000E+00   3.80398E+01   4.94585E-01
  0.00000E+00   3.98674E+01   5.50917E-01
  0.00000E+00   4.12817E+01   7.09572E-01
  0.00000E+00   4.21894E+01   7.97999E-01
  0.00000E+00   4.30016E+01   8.62301E-01
  0.00000E+00   4.41283E+01   8.53102E-01
  0.00000E+00   4.59375E+01   7.92588E-01
  0.00000E+00   4.81436E+01   8.17646E-01
  0.00000E+00   5.01796E+01   1.00108E+00
  0.00000E+00   5.14160E+01   1.15829E+00
  0.00000E+00   5.16539E+01   1.22777E+00
  0.00000E+00   5.14128E+01   1.09384E+00
  0.00000E+00   5.12306E+01   8.08029E-01
  0.00000E+00   5.11522E+01   5.55286E-01
  0.00000E+00   5.09890E+01   5.27392E-01
  0.00000E+00   5.09862E+01   5.70919E-01
  0.00000E+00   5.13804E+01   5.87983E-01
  0.00000E+00   5.18010E+01   6.10087E-01
  0.00000E+00   5.18071E+01   7.31118E-01
  0.00000E+00   5.11060E+01   6.98835E-01
  0.00000E+00   4.98099E+01   6.58684E-01
  0.00000E+00   4.84058E+01   6.71637E-01
  0.00000E+00   4.72780E+01   6.35857E-01
  0.00000E+00   4.65651E+01   5.15338E-01
  0.00000E+00   4.63644E+01   3.50484E-01
  0.00000E+00   4.63762E+01   2.28461E-01
  0.00000E+00   4.64773E+01   1.21099E-01
  0.00000E+00   4.66759E+01   9.51787E-02
  0.00000E+00   4.72603E+01   3.40831E-02
  0.00000E+00   4.87573E+01  -1.05968E-01
  0.00000E+00   5.06972E+01  -2.55405E-01
  0.00000E+00   5.24561E+01  -2.76814E-01
  0.00000E+00   5.32512E+01  -3.24903E-01
  0.00000E+00   5.35778E+01  -4.66905E-01
  0.00000E+00   5.42229E+01  -6.97668E-01
  0.00000E+00   5.51080E+01  -8.83268E-01
  0.00000E+00   5.59841E+01  -9.88746E-01
  0.00000E+00   5.62919E+01  -9.98042E-01
  0.00000E+00   5.64072E+01  -9.09569E-01
  0.00000E+00   5.69800E+01  -7.32514E-01
  0.00000E+00   5.75912E+01  -4.42970E-01
  0.00000E+00   5.81163E+01  -2.49032E-01
  0.00000E+00   5.84182E+01  -1.30741E-01
  0.00000E+00   5.89526E+01  -3.37369E-02
  0.00000E+00   6.00732E+01  -2.71838E-02
  0.00000E+00   6.18820E+01  -8.33056E-02
  0.00000E+00   6.35570E+01  -1.58480E-01
  0.00000E+00   6.50853E+01  -2.76520E-01
  0.00000E+00   6.70971E+01  -3.14607E-01
  0.00000E+00   6.99418E+01  -4.33683E-01
  0.00000E+00   7.24591E+01  -5.02841E-01
  0.00000E+00   7.35961E+01  -7.29510E-01
  0.00000E+00   7.31956E+01  -7.96743E-01
  0.00000E+00   7.14182E+01  -7.63281E-01
  0.00000E+00   6.92836E+01  -7.63686E-01
  0.00000E+00   6.74160E+01  -8.47138E-01
  0.00000E+00   6.67598E+01  -7.77380E-01
  0.00000E+00   6.69821E+01  -7.16179E-01
  0.00000E+00   6.70195E+01  -6.22769E-01
  0.00000E+00   6.69165E+01  -4.78449E-01
  0.00000E+00   6.65104E+01  -3.25506E-01
  0.00000E+00   6.55846E+01  -9.58525E-02
  0.00000E+00   6.44782E+01  -5.28034E-02
  0.00000E+00   6.35866E+01  -1.67736E-01
  0.00000E+00   6.31946E+01  -3.12913E-01
  0.00000E+00   6.24504E+01  -4.19680E-01
  0.00000E+00   6.16061E+01  -5.11345E-01
  0.00000E+00   6.09029E+01  -4.64629E-01
  0.00000E+00   6.13501E+01  -4.41387E-01
  0.00000E+00   6.33395E+01  -4.59556E-01
  0.00000E+00   6.61022E+01  -5.08184E-01
  0.00000E+00   6.86473E+01  -5.59907E-01
  0.00000E+00   7.00130E+01  -5.81136E-01
  0.00000E+00   7.03338E+01  -7.24792E-01
  0.00000E+00   7.03940E+01  -9.88114E-01
  0.00000E+00   7.10600E+01  -1.22935E+00
  0.00000E+00   7.30533E+01  -1.40080E+00
  0.00000E+00   7.63618E+01  -1.55046E+00
  0.00000E+00   8.05509E+01  -1.57563E+00
  0.00000E+00   8.35126E+01  -1.61002E+00
  0.00000E+00   8.43462E+01  -1.66750E+00
  0.00000E+00   8.30385E+01  -1.70262E+00
  0.00000E+00   8.07482E+01  -1.72387E+00
  0.00000E+00   7.85245E+01  -1.55237E+00
  0.00000E+00   7.73501E+01  -1.36820E+00
  0.00000E+00   7.72390E+01  -9.81236E-01
  0.00000E+00   7.75780E+01  -6.50540E-01
  0.00000E+00   7.83447E+01  -3.20503E-01
  0.00000E+00   7.79354E+01   9.49608E-02
  0.00000E+00   7.58896E+01   4.12595E-01
  0.00000E+00   7.33249E+01   5.59026E-01
  0.00000E+00   7.17938E+01   5.06817E-01
  0.00000E+00   7.22716E+01   7.22386E-01
  0.00000E+00   7.28598E+01   8.00328E-01
  0.00000E+00   7.20893E+01   8.11336E-01
  0.00000E+00   6.95860E+01   7.92178E-01
  0.00000E+00   6.61454E+01   7.41454E-01
  0.00000E+00   6.33082E+01   6.91529E-01
  0.00000E+00   6.20680E+01   5.74582E-01
  0.00000E+00   6.13419E+01   5.45409E-01
  0.00000E+00   6.06052E+01   4.20938E-01
  0.00000E+00   5.90448E+01   2.42339E-01
  0.00000E+00   5.75479E+01   2.30278E-01
  0.00000E+00   5.69342E+01   2.03313E-01
  0.00000E+00   5.73063E+01   8.47849E-02
  0.00000E+00   5.76289E+01   4.80475E-02
  0.00000E+00   5.75280E+01   5.41633E-02
  0.00000E+00   5.77315E+01   1.65667E-01
  0.00000E+00   5.85985E+01   2.87967E-01
  0.00000E+00   5.98887E+01   3.88542E-01
  0.00000E+00   6.09971E+01   2.59664E-01
  0.00000E+00   6.10307E+01   1.29192E-02
  0.00000E+00   6.01346E+01  -2.96208E-02
  0.00000E+00   5.87984E+01  -1.28803E-01
  0.00000E+00   5.80598E+01  -1.14158E-01
  0.00000E+00   5.82269E+01   2.10876E-02
  0.00000E+00   5.86922E+01   1.56975E-01
  0.00000E+00   5.88525E+01   2.08270E-01
  0.00000E+00   5.83941E+01   3.45147E-01
  0.00000E+00   5.82499E+01   5.29970E-01
  0.00000E+00   5.89872E+01   6.27377E-01
  0.00000E+00   6.02663E+01   7.24522E-01
  0.00000E+00   6.11861E+01   8.30357E-01
  0.00000E+00   6.11296E+01   9.84997E-01
  0.00000E+00   6.04254E+01   9.54416E-01
  0.00000E+00   5.97504E+01   7.87187E-01
  0.00000E+00   5.95921E+01   7.33760E-01
  0.00000E+00   6.00065E+01   6.76001E-01
  0.00000E+00   6.10799E+01   6.58171E-01
  0.00000E+00   6.24518E+01   6.01988E-01
  0.00000E+00   6.38327E+01   6.66683E-01
  0.00000E+00   6.52019E+01   8.71470E-01
  0.00000E+00   6.69027E+01   1.14792E+00
  0.00000E+00   6.88008E+01   1.45649E+00
  0.00000E+00   7.05176E+01   1.58025E+00
  0.00000E+00   7.20356E+01   1.57640E+00
  0.00000E+00   7.30425E+01   1.58422E+00
  0.00000E+00   7.38386E+01   1.57396E+00
  0.00000E+00   7.46654E+01   1.59266E+00
  0.00000E+00   7.49511E+01   1.63795E+00
  0.00000E+00   7.52333E+01   1.67906E+00
  0.00000E+00   7.52281E+01   1.64831E+00
  0.00000E+00   7.56359E+01   1.40531E+00
  0.00000E+00   7.66874E+01   1.14555E+00
  0.00000E+00   7.86788E+01   6.69343E-01
  0.00000E+00   8.05914E+01   1.80338E-01
  0.00000E+00   8.08625E+01  -1.46955E-01
  0.00000E+00   7.86907E+01  -2.22282E-01
  0.00000E+00   7.46150E+01  -2.88872E-01
  0.00000E+00   7.06324E+01  -1.40862E-01
  0.00000E+00   6.83339E+01   3.19238E-01
  0.00000E+00   6.82373E+01   5.74438E-01
  0.00000E+00   6.96616E+01   7.01050E-01
  0.00000E+00   7.10653E+01   6.21697E-01
  0.00000E+00   7.20627E+01   6.31902E-01
  0.00000E+00   7.26719E+01   8.41411E-01
  0.00000E+00   7.22149E+01   1.01974E+00
  0.00000E+00   7.14349E+01   1.24540E+00
  0.00000E+00   7.15093E+01   1.62502E+00
  0.00000E+00   7.23888E+01   1.98260E+00
  0.00000E+00   7.44762E+01   2.22007E+00
  0.00000E+00   7.73373E+01   2.43093E+00
  0.00000E+00   7.93326E+01   2.59150E+00
  0.00000E+00   7.95364E+01   2.83101E+00
  0.00000E+00   7.83883E+01   2.95925E+00
  0.00000E+00   7.61079E+01   3.04262E+00
  0.00000E+00   7.30171E+01   2.93902E+00
  0.00000E+00   7.10525E+01   2.81694E+00
  0.00000E+00   7.09704E+01   2.66686E+00
  0.00000E+00   7.11506E+01   2.32839E+00
  0.00000E+00   7.09739E+01   2.27359E+00
  0.00000E+00   7.11866E+01   2.13822E+00
  0.00000E+00   7.18997E+01   2.10769E+00
  0.00000E+00   7.26399E+01   2.08584E+00
  0.00000E+00   7.30195E+01   2.04019E+00
  0.00000E+00   7.32803E+01   2.07879E+00
  0.00000E+00   7.37757E+01   2.02935E+00
  0.00000E+00   7.37089E+01   2.18072E+00
  0.00000E+00   7.35414E+01   2.50136E+00
  0.00000E+00   7.42142E+01   2.82093E+00
  0.00000E+00   7.51911E+01   3.08713E+00
  0.00000E+00   7.57372E+01   3.15349E+00
  0.00000E+00   7.59905E+01   3.34679E+00
  0.00000E+00   7.57570E+01   3.52904E+00
  0.00000E+00   7.54588E+01   3.55944E+00
  0.00000E+00   7.55182E+01   3.28060E+00
  0.00000E+00   7.64145E+01   2.93789E+00
  0.00000E+00   7.84049E+01   2.87984E+00
  0.00000E+00   8.08996E+01   2.91377E+00
  0.00000E+00   8.33335E+01   2.81049E+00
  0.00000E+00   8.55301E+01   2.78900E+00
  0.00000E+00   8.80060E+01   2.98754E+00
  0.00000E+00   9.06078E+01   3.10554E+00
  0.00000E+00   9.30992E+01   3.25961E+00
  0.00000E+00   9.51567E+01   3.47460E+00
  0.00000E+00   9.57913E+01   3.78442E+00
  0.00000E+00   9.47876E+01   4.11897E+00
  0.00000E+00   9.37769E+01   4.32720E+00
  0.00000E+00   9.32091E+01   4.60419E+00
  0.00000E+00   9.41728E+01   4.84815E+00
  0.00000E+00   9.67739E+01   5.07595E+00
  0.00000E+00   1.00077E+02   5.31995E+00
  0.00000E+00   1.03556E+02   5.36488E+00
  0.00000E+00   1.05071E+02   5.38480E+00
  0.00000E+00   1.04850E+02   5.55842E+00
  0.00000E+00   1.04990E+02   5.66173E+00
  0.00000E+00   1.04891E+02   5.56194E+00
  0.00000E+00   1.05116E+02   5.63523E+00
  0.00000E+00   1.05850E+02   5.75915E+00
  0.00000E+00   1.07411E+02   6.01953E+00
  0.00000E+00   1.09268E+02   6.33268E+00
  0.00000E+00   1.10896E+02   6.44103E+00
  0.00000E+00   1.11733E+02   6.57860E+00
  0.00000E+00   1.11519E+02   6.69783E+00
  0.00000E+00   1.11537E+02   6.79745E+00
  0.00000E+00   1.10363E+02   6.66266E+00
  0.00000E+00   1.08325E+02   6.50644E+00
  0.00000E+00   1.05989E+02   6.66928E+00
  0.00000E+00   1.03678E+02   6.99810E+00
  0.00000E+00   1.02617E+02   7.25195E+00
  0.00000E+00   1.02902E+02   7.39997E+00
  0.00000E+00   1.02977E+02   7.38604E+00
  0.00000E+00   1.02168E+02   7.17194E+00
  0.00000E+00   1.01324E+02   7.04096E+00
  0.00000E+00   1.00359E+02   7.08488E+00
  0.00000E+00   9.81343E+01   7.43286E+00
  0.00000E+00   9.46783E+01   7.62826E+00
  0.00000E+00   9.19032E+01   7.71287E+00
  0.00000E+00   9.02749E+01   7.59945E+00
  0.00000E+00   8.82288E+01   7.21712E+00
  0.00000E+00   8.58803E+01   7.13101E+00
  0.00000E+00   8.37394E+01   7.02293E+00
  0.00000E+00   8.32752E+01   6.50700E+00
  0.00000E+00   8.41328E+01   5.98935E+00
  0.00000E+00   8.51498E+01   5.50363E+00
  0.00000E+00   8.48070E+01   4.78411E+00
  0.00000E+00   8.36968E+01   4.47162E+00
  0.00000E+00   8.27356E+01   4.22141E+00
  0.00000E+00   8.17573E+01   4.04660E+00
  0.00000E+00   8.10920E+01   3.86780E+00
  0.00000E+00   8.05557E+01   3.61640E+00
  0.00000E+00   8.09700E+01   3.35302E+00
  0.00000E+00   8.10184E+01   3.05959E+00
  0.00000E+00   7.95639E+01   2.68005E+00
  0.00000E+00   7.77559E+01   2.29105E+00
  0.00000E+00   7.56278E+01   2.10699E+00
  0.00000E+00   7.31494E+01   1.68974E+00
  0.00000E+00   7.05020E+01   1.34974E+00
  0.00000E+00   6.77639E+01   1.10865E+00
  0.00000E+00   6.57415E+01   8.47718E-01
  0.00000E+00   6.43056E+01   5.40733E-01
  0.00000E+00   6.42161E+01   3.80667E-01
  0.00000E+00   6.47704E+01   2.45028E-01
  0.00000E+00   6.48118E+01   4.70935E-02
  0.00000E+00   6.43415E+01  -1.65478E-01
  0.00000E+00   6.37284E+01  -2.41398E-01
  0.00000E+00   6.36679E+01  -4.42253E-01
  0.00000E+00   6.36020E+01  -8.29030E-01
  0.00000E+00   6.38794E+01  -1.03974E+00
  0.00000E+00   6.48235E+01  -1.13115E+00
  0.00000E+00   6.60943E+01  -1.13573E+00
  0.00000E+00   6.72509E+01  -1.15784E+00
  0.00000E+00   6.82075E+01  -1.06095E+00
  0.00000E+00   6.88035E+01  -9.77434E-01
  0.00000E+00   6.91517E+01  -9.79708E-01
  0.00000E+00   6.96395E+01  -8.37798E-01
  0.00000E+00   7.05412E+01  -7.35480E-01
  0.00000E+00   7.16244E+01  -5.31403E-01
  0.00000E+00   7.30753E+01  -2.18801E-01
  0.00000E+00   7.48654E+01  -1.61350E-01
  0.00000E+00   7.66486E+01  -4.74419E-02
  0.00000E+00   7.84089E+01   6.55622E-03
  0.00000E+00   8.06436E+01   3.88434E-02
  0.00000E+00   8.36721E+01   8.38004E-02
  0.00000E+00   8.68074E+01   5.45314E-02
  0.00000E+00   8.83655E+01   1.22574E-01
  0.00000E+00   8.83747E+01   5.21633E-01
  0.00000E+00   8.79683E+01   8.48146E-01
  0.00000E+00   8.76784E+01   1.14912E+00
  0.00000E+00   8.74431E+01   1.37501E+00
  0.00000E+00   8.86786E+01   1.60678E+00
  0.00000E+00   9.15196E+01   1.76597E+00
  0.00000E+00   9.48987E+01   2.07567E+00
  0.00000E+00   9.67223E+01   2.35710E+00
  0.00000E+00   9.70934E+01   2.67851E+00
  0.00000E+00   9.57725E+01   3.01112E+00
  0.00000E+00   9.38259E+01   3.29451E+00
  0.00000E+00   9.28012E+01   3.51515E+00
  0.00000E+00   9.32601E+01   3.83507E+00
  0.00000E+00   9.50558E+01   4.00665E+00
  0.00000E+00   9.76018E+01   4.13217E+00
  0.00000E+00   9.94610E+01   3.97861E+00
  0.00000E+00   9.95843E+01   4.00704E+00
  0.00000E+00   9.79145E+01   3.99589E+00
  0.00000E+00   9.64733E+01   3.89005E+00
  0.00000E+00   9.62515E+01   3.75973E+00
  0.00000E+00   9.68941E+01   3.52048E+00
  0.00000E+00   9.73651E+01   3.21861E+00
  0.00000E+00   9.70013E+01   3.12232E+00
  0.00000E+00   9.55162E+01   3.20929E+00
  0.00000E+00   9.48306E+01   3.40762E+00
  0.00000E+00   9.53297E+01   3.54129E+00
  0.00000E+00   9.63223E+01   3.57491E+00
  0.00000E+00   9.77332E+01   3.62588E+00
  0.00000E+00   1.00362E+02   3.70882E+00
  0.00000E+00   1.04255E+02   3.61375E+00
  0.00000E+00   1.07833E+02   3.42315E+00
  0.00000E+00   1.09860E+02   3.19940E+00
  0.00000E+00   1.09900E+02   2.82549E+00
  0.00000E+00   1.08139E+02   2.45022E+00
  0.00000E+00   1.05881E+02   2.08251E+00
  0.00000E+00   1.03272E+02   2.10449E+00
  0.00000E+00   1.00498E+02   2.41552E+00
  0.00000E+00   9.89085E+01   2.46868E+00
  0.00000E+00   9.78596E+01   2.39791E+00
  0.00000E+00   9.68754E+01   2.31874E+00
  0.00000E+00   9.61912E+01   2.30440E+00
  0.00000E+00   9.62194E+01   2.05883E+00
  0.00000E+00   9.79629E+01   1.99686E+00
  0.00000E+00   1.00796E+02   1.91284E+00
  0.00000E+00   1.03947E+02   1.92391E+00
  0.00000E+00   1.06473E+02   1.75018E+00
  0.00000E+00   1.07936E+02   1.65495E+00
  0.00000E+00   1.08134E+02   1.58260E+00
  0.00000E+00   1.07214E+02   1.53168E+00
  0.00000E+00   1.05739E+02   1.75663E+00
  0.00000E+00   1.04791E+02   1.92397E+00
  0.00000E+00   1.05289E+02   2.10270E+00
  0.00000E+00   1.06805E+02   2.34458E+00
  0.00000E+00   1.09269E+02   2.36748E+00
  0.00000E+00   1.12498E+02   2.47465E+00
  0.00000E+00   1.15426E+02   2.67585E+00
  0.00000E+00   1.17526E+02   2.86787E+00
  0.00000E+00   1.19180E+02   2.99695E+00
  0.00000E+00   1.20772E+02   3.07195E+00
  0.00000E+00   1.23121E+02   3.21879E+00
  0.00000E+00   1.25347E+02   3.38736E+00
  0.00000E+00   1.26908E+02   3.53749E+00
  0.00000E+00   1.27687E+02   3.72324E+00
  0.00000E+00   1.27303E+02   3.96313E+00
  0.00000E+00   1.25820E+02   4.05193E+00
  0.00000E+00   1.24648E+02   4.10198E+00
  0.00000E+00   1.25049E+02   3.86751E+00
  0.00000E+00   1.25591E+02   3.51143E+00
  0.00000E+00   1.26114E+02   3.34767E+00
  0.00000E+00   1.27882E+02   3.66936E+00
  0.00000E+00   1.30465E+02   4.29829E+00
  0.00000E+00   1.31972E+02   4.40811E+00
  0.00000E+00   1.30718E+02   4.42305E+00
  0.00000E+00   1.26828E+02   4.63394E+00
  0.00000E+00   1.20653E+02   4.79760E+00
  0.00000E+00   1.13217E+02   4.67140E+00
  0.00000E+00   1.06107E+02   4.52343E+00
  0.00000E+00   1.01778E+02   4.35307E+00
  0.00000E+00   1.00354E+02   4.11537E+00
  0.00000E+00   9.98268E+01   4.02944E+00
  0.00000E+00   1.00587E+02   3.97546E+00
  0.00000E+00   1.00521E+02   4.07432E+00
  0.00000E+00   9.95045E+01   4.07832E+00
  0.00000E+00   9.71165E+01   3.84914E+00
  0.00000E+00   9.46057E+01   3.59065E+00
  0.00000E+00   9.23873E+01   3.24529E+00
  0.00000E+00   9.15381E+01   2.91708E+00
  0.00000E+00   9.10925E+01   3.04603E+00
  0.00000E+00   8.98274E+01   3.05969E+00
  0.00000E+00   9.04253E+01   2.95423E+00
  0.00000E+00   9.18919E+01   3.09968E+00
  0.00000E+00   9.36359E+01   3.24723E+00
  0.00000E+00   9.57840E+01   3.21132E+00
  0.00000E+00   9.83440E+01   3.33119E+00
  0.00000E+00   1.00018E+02   3.27586E+00
  0.00000E+00   1.00793E+02   3.20489E+00
  0.00000E+00   1.01100E+02   3.02469E+00
  0.00000E+00   1.01144E+02   2.80330E+00
  0.00000E+00   1.00978E+02   2.83844E+00
  0.00000E+00   1.01460E+02   2.88175E+00
  0.00000E+00   1.03690E+02   2.96490E+00
  0.00000E+00   1.07075E+02   2.90787E+00
  0.00000E+00   1.10244E+02   2.79944E+00
  0.00000E+00   1.11854E+02   2.45609E+00
  0.00000E+00   1.12451E+02   2.05377E+00
  0.00000E+00   1.13202E+02   1.53961E+00
  0.00000E+00   1.13731E+02   1.17921E+00
  0.00000E+00   1.13444E+02   9.61535E-01
  0.00000E+00   1.12704E+02   6.21804E-01
  0.00000E+00   1.12504E+02   1.85272E-01
  0.00000E+00   1.12729E+02  -8.10887E-02
  0.00000E+00   1.12247E+02  -1.72977E-01
  0.00000E+00   1.10915E+02  -3.61674E-01
  0.00000E+00   1.09892E+02  -6.02204E-01
  0.00000E+00   1.09470E+02  -9.77027E-01
  0.00000E+00   1.09496E+02  -1.18499E+00
  0.00000E+00   1.09617E+02  -1.03980E+00
  0.00000E+00   1.09930E+02  -7.68381E-01
  0.00000E+00   1.11606E+02  -6.08399E-01
  0.00000E+00   1.13536E+02  -6.16571E-01
  0.00000E+00   1.14817E+02  -7.82456E-01
  0.00000E+00   1.15283E+02  -1.06112E+00
  0.00000E+00   1.15848E+02  -1.54802E+00
  0.00000E+00   1.18031E+02  -1.88715E+00
  0.00000E+00   1.21684E+02  -2.15842E+00
  0.00000E+00   1.25414E+02  -2.46500E+00
  0.00000E+00   1.28561E+02  -2.65157E+00
  0.00000E+00   1.31365E+02  -2.95250E+00
  0.00000E+00   1.34837E+02  -3.43433E+00
  0.00000E+00   1.38786E+02  -4.13889E+00
  0.00000E+00   1.42149E+02  -4.91662E+00
  0.00000E+00   1.44004E+02  -5.69305E+00
  0.00000E+00   1.45461E+02  -6.24020E+00
  0.00000E+00   1.47144E+02  -6.62007E+00
  0.00000E+00   1.49575E+02  -6.90447E+00
  0.00000E+00   1.52411E+02  -7.17666E+00
  0.00000E+00   1.54804E+02  -7.50998E+00
  0.00000E+00   1.55756E+02  -7.37759E+00
  0.00000E+00   1.55532E+02  -7.27748E+00
  0.00000E+00   1.53199E+02  -7.23468E+00
  0.00000E+00   1.49511E+02  -7.07808E+00
  0.00000E+00   1.45862E+02  -6.85943E+00
  0.00000E+00   1.44144E+02  -6.97032E+00
  0.00000E+00   1.45042E+02  -6.98185E+00
  0.00000E+00   1.48233E+02  -7.12389E+00
  0.00000E+00   1.50951E+02  -7.35893E+00
  0.00000E+00   1.51107E+02  -7.43601E+00
  0.00000E+00   1.48263E+02  -7.39397E+00
  0.00000E+00   1.45896E+02  -7.20571E+00
  0.00000E+00   1.46168E+02  -7.12108E+00
  0.00000E+00   1.48481E+02  -6.96112E+00
  0.00000E+00   1.52411E+02  -6.83449E+00
  0.00000E+00   1.56580E+02  -6.57062E+00
  0.00000E+00   1.59940E+02  -6.16911E+00
  0.00000E+00   1.62774E+02  -5.93549E+00
  0.00000E+00   1.65275E+02  -5.65298E+00
  0.00000E+00   1.69066E+02  -5.48593E+00
  0.00000E+00   1.73275E+02  -5.47023E+00
  0.00000E+00   1.78466E+02  -5.21601E+00
  0.00000E+00   1.83978E+02  -5.02358E+00
  0.00000E+00   1.88488E+02  -4.84241E+00
  0.00000E+00   1.91971E+02  -4.58733E+00
  0.00000E+00   1.94235E+02  -4.38326E+00
  0.00000E+00   1.95764E+02  -4.17707E+00
  0.00000E+00   1.96027E+02  -3.95022E+00
  0.00000E+00   1.97576E+02  -3.73131E+00
  0.00000E+00   2.01424E+02  -3.66839E+00
  0.00000E+00   2.07391E+02  -3.73455E+00
  0.00000E+00   2.12849E+02  -3.88075E+00
  0.00000E+00   2.17844E+02  -4.18316E+00
  0.00000E+00   2.21900E+02  -4.61515E+00
  0.00000E+00   2.25832E+02  -4.46668E+00
  0.00000E+00   2.30129E+02  -4.41711E+00
  0.00000E+00   2.34236E+02  -4.31685E+00
  0.00000E+00   2.37084E+02  -4.42168E+00
  0.00000E+00   2.38533E+02  -4.29741E+00
  0.00000E+00   2.40305E+02  -3.99466E+00
  0.00000E+00   2.41459E+02  -3.89466E+00
  0.00000E+00   2.43269E+02  -3.72752E+00
  0.00000E+00   2.43403E+02  -3.53659E+00
  0.00000E+00   2.42909E+02  -3.26727E+00
  0.00000E+00   2.43150E+02  -2.81937E+00
  0.00000E+00   2.42476E+02  -2.31143E+00
  0.00000E+00   2.40104E+02  -1.66620E+00
  0.00000E+00   2.34578E+02  -1.05996E+00
  0.00000E+00   2.29696E+02  -2.62605E-02
  0.00000E+00   2.26546E+02   9.21819E-01
  0.00000E+00   2.23607E+02   1.40113E+00
  0.00000E+00   2.20830E+02   1.55218E+00
  0.00000E+00   2.17823E+02   1.53229E+00
  0.00000E+00   2.15719E+02   1.40319E+00
  0.00000E+00   2.11984E+02   1.36580E+00
  0.00000E+00   2.06904E+02   1.11186E+00
  0.00000E+00   1.99491E+02   9.37051E-01
  0.00000E+00   1.89372E+02   8.41531E-01
  0.00000E+00   1.83429E+02   4.41424E-01
  0.00000E+00   1.81616E+02   2.97585E-01
  0.00000E+00   1.79991E+02   2.90620E-01
  0.00000E+00   1.79835E+02   1.00388E-01
  0.00000E+00   1.78059E+02   2.07168E-01
  0.00000E+00   1.72250E+02   5.97477E-01
  0.00000E+00   1.66086E+02   7.59549E-01
  0.00000E+00   1.62127E+02   9.96099E-01
  0.00000E+00   1.59931E+02   8.29786E-01
  0.00000E+00   1.58841E+02   6.68584E-01
  0.00000E+00   1.55698E+02   4.37935E-01
  0.00000E+00   1.52298E+02   4.45376E-01
  0.00000E+00   1.48995E+02   6.27177E-01
  0.00000E+00   1.45186E+02   9.48413E-01
  0.00000E+00   1.43163E+02   1.33336E+00
  0.00000E+00   1.41377E+02   1.67242E+00
  0.00000E+00   1.41087E+02   2.09952E+00
  0.00000E+00   1.42350E+02   2.22763E+00
  0.00000E+00   1.43035E+02   2.59676E+00
  0.00000E+00   1.43582E+02   2.94880E+00
  0.00000E+00   1.42911E+02   3.24537E+00
  0.00000E+00   1.39661E+02   3.50710E+00
  0.00000E+00   1.36782E+02   3.39374E+00
  0.00000E+00   1.35437E+02   3.18876E+00
  0.00000E+00   1.34740E+02   3.23065E+00
  0.00000E+00   1.33973E+02   3.11329E+00
  0.00000E+00   1.33827E+02   2.98186E+00
  0.00000E+00   1.33548E+02   2.51425E+00
  0.00000E+00   1.32344E+02   1.87594E+00
  0.00000E+00   1.29630E+02   1.39951E+00
  0.00000E+00   1.28332E+02   8.09847E-01
  0.00000E+00   1.27559E+02   5.53017E-01
  0.00000E+00   1.27095E+02   4.87151E-01
  0.00000E+00   1.27886E+02   4.19398E-01
  0.00000E+00   1.27902E+02   5.70395E-02
  0.00000E+00   1.27730E+02  -2.56800E-01
  0.00000E+00   1.27009E+02  -5.98772E-01
  0.00000E+00   1.26254E+02  -9.58793E-01
  0.00000E+00   1.26743E+02  -1.23624E+00
  0.00000E+00   1.28048E+02  -1.48488E+00
  0.00000E+00   1.28246E+02  -1.49671E+00
  0.00000E+00   1.29252E+02  -1.67748E+00
  0.00000E+00   1.30085E+02  -1.63342E+00
  0.00000E+00   1.30476E+02  -1.53050E+00
  0.00000E+00   1.31393E+02  -1.54313E+00
  0.00000E+00   1.32124E+02  -1.76878E+00
  0.00000E+00   1.32434E+02  -1.99609E+00
  0.00000E+00   1.32821E+02  -1.99796E+00
  0.00000E+00   1.32528E+02  -1.89644E+00
  0.00000E+00   1.32088E+02  -2.11790E+00
  0.00000E+00   1.30954E+02  -2.16477E+00
  0.00000E+00   1.28864E+02  -2.07853E+00
  0.00000E+00   1.27885E+02  -1.84073E+00
  0.00000E+00   1.28495E+02  -1.60453E+00
  0.00000E+00   1.30237E+02  -1.25959E+00
  0.00000E+00   1.31964E+02  -1.04227E+00
  0.00000E+00   1.33428E+02  -1.16348E+00
  0.00000E+00   1.33214E+02  -1.04099E+00
  0.00000E+00   1.33276E+02  -7.82620E-01
  0.00000E+00   1.34245E+02  -5.48199E-01
  0.00000E+00   1.34979E+02  -3.49238E-01
  0.00000E+00   1.35125E+02  -1.49740E-01
  0.00000E+00   1.35201E+02   2.41488E-02
  0.00000E+00   1.36066E+02   2.99375E-01
  0.00000E+00   1.36687E+02   7.14742E-01
  0.00000E+00   1.37034E+02   8.05362E-01
  0.00000E+00   1.36823E+02   1.01448E+00
  0.00000E+00   1.35577E+02   1.07036E+00
  0.00000E+00   1.34080E+02   1.47425E+00
  0.00000E+00   1.32577E+02   1.98165E+00
  0.00000E+00   1.31880E+02   2.33383E+00
  0.00000E+00   1.30814E+02   2.43895E+00
  0.00000E+00   1.28939E+02   2.36493E+00
  0.00000E+00   1.26543E+02   2.26813E+00
  0.00000E+00   1.23195E+02   2.06721E+00
  0.00000E+00   1.19215E+02   1.69551E+00
  0.00000E+00   1.16150E+02   1.45543E+00
  0.00000E+00   1.14574E+02   1.28413E+00
  0.00000E+00   1.13410E+02   1.51373E+00
  0.00000E+00   1.13139E+02   1.80085E+00
  0.00000E+00   1.13233E+02   1.78678E+00
  0.00000E+00   1.12374E+02   1.70259E+00
  0.00000E+00   1.11433E+02   1.81560E+00
  0.00000E+00   1.10701E+02   1.96296E+00
  0.00000E+00   1.10003E+02   2.04097E+00
  0.00000E+00   1.08684E+02   2.26677E+00
  0.00000E+00   1.07157E+02   2.29872E+00
  0.00000E+00   1.05991E+02   2.07541E+00
  0.00000E+00   1.05590E+02   1.76997E+00
  0.00000E+00   1.05174E+02   1.50765E+00
  0.00000E+00   1.05340E+02   9.23871E-01
  0.00000E+00   1.04950E+02   4.55114E-01
  0.00000E+00   1.04081E+02  -9.78304E-02
  0.00000E+00   1.02438E+02  -4.68401E-01
  0.00000E+00   1.00041E+02  -8.40488E-01
  0.00000E+00   9.73664E+01  -9.29289E-01
  0.00000E+00   9.49257E+01  -1.05735E+00
  0.00000E+00   9.30515E+01  -9.95779E-01
  0.00000E+00   9.21445E+01  -1.09112E+00
  0.00000E+00   9.11240E+01  -1.09411E+00
  0.00000E+00   8.97669E+01  -1.21954E+00
  0.00000E+00   8.81557E+01  -1.06873E+00
  0.00000E+00   8.68136E+01  -9.89729E-01
  0.00000E+00   8.53970E+01  -1.16728E+00
  0.00000E+00   8.43634E+01  -1.20601E+00
  0.00000E+00   8.35651E+01  -1.24221E+00
  0.00000E+00   8.24123E+01  -1.40020E+00
  0.00000E+00   8.10972E+01  -1.33634E+00
  0.00000E+00   8.01707E+01  -1.10429E+00
  0.00000E+00   7.97320E+01  -9.38115E-01
  0.00000E+00   7.89921E+01  -6.51068E-01
  0.00000E+00   7.81031E+01  -3.21121E-01
  0.00000E+00   7.72634E+01   9.65770E-02
  0.00000E+00   7.63631E+01   6.81669E-01
  0.00000E+00   7.49574E+01   8.92984E-01
  0.00000E+00   7.31067E+01   1.09315E+00
  0.00000E+00   7.17710E+01   1.15678E+00
  0.00000E+00   7.09594E+01   1.27768E+00
  0.00000E+00   7.04586E+01   1.48845E+00
  0.00000E+00   6.97555E+01   1.69753E+00
  0.00000E+00   6.91417E+01   1.86659E+00
  0.00000E+00   6.83927E+01   1.78663E+00
  0.00000E+00   6.71801E+01   1.41076E+00
  0.00000E+00   6.56692E+01   1.01245E+00
  0.00000E+00   6.41550E+01   6.71304E-01
  0.00000E+00   6.34892E+01   4.18170E-01
  0.00000E+00   6.36785E+01   3.57140E-01
  0.00000E+00   6.39491E+01   3.32825E-01
  0.00000E+00   6.36102E+01   2.50416E-01
  0.00000E+00   6.31341E+01   8.95155E-02
  0.00000E+00   6.32370E+01  -1.42584E-02
  0.00000E+00   6.33708E+01   1.27313E-01
  0.00000E+00   6.29460E+01   3.98055E-01
  0.00000E+00   6.25490E+01   6.62198E-01
  0.00000E+00   6.23088E+01   1.02119E+00
  0.00000E+00   6.23197E+01   1.21157E+00
  0.00000E+00   6.25311E+01   1.31590E+00
  0.00000E+00   6.28426E+01   1.28594E+00
  0.00000E+00   6.34713E+01   1.34133E+00
  0.00000E+00   6.42417E+01   1.58370E+00
  0.00000E+00   6.47194E+01   1.84294E+00
  0.00000E+00   6.46371E+01   2.02508E+00
  0.00000E+00   6.34279E+01   1.96926E+00
  0.00000E+00   6.08548E+01   1.92032E+00
  0.00000E+00   5.81842E+01   1.89347E+00
  0.00000E+00   5.65996E+01   2.08724E+00
  0.00000E+00   5.58967E+01   2.29579E+00
  0.00000E+00   5.62859E+01   2.47251E+00
  0.00000E+00   5.77250E+01   2.56551E+00
  0.00000E+00   6.02744E+01   2.63285E+00
  0.00000E+00   6.32943E+01   2.61591E+00
  0.00000E+00   6.57306E+01   2.59329E+00
  0.00000E+00   6.69315E+01   2.65733E+00
  0.00000E+00   6.76019E+01   2.63782E+00
  0.00000E+00   6.81592E+01   2.68468E+00
  0.00000E+00   6.93868E+01   2.76210E+00
  0.00000E+00   7.08851E+01   2.90680E+00
  0.00000E+00   7.21868E+01   3.11850E+00
  0.00000E+00   7.33913E+01   3.39655E+00
  0.00000E+00   7.49366E+01   3.67986E+00
  0.00000E+00   7.68990E+01   3.74017E+00
  0.00000E+00   7.83539E+01   3.61083E+00
  0.00000E+00   7.86157E+01   3.46722E+00
  0.00000E+00   7.78862E+01   3.32188E+00
  0.00000E+00   7.74389E+01   3.09588E+00
  0.00000E+00   7.75983E+01   2.79017E+00
  0.00000E+00   7.75272E+01   2.63071E+00
  0.00000E+00   7.69512E+01   2.43973E+00
  0.00000E+00   7.65647E+01   2.28594E+00
  0.00000E+00   7.63177E+01   2.16874E+00
  0.00000E+00   7.63524E+01   2.21486E+00
  0.00000E+00   7.67320E+01   2.32792E+00
  0.00000E+00   7.69646E+01   2.53471E+00
  0.00000E+00   7.66712E+01   2.68246E+00
  0.00000E+00   7.65727E+01   2.64198E+00
  0.00000E+00   7.65523E+01   2.61352E+00
  0.00000E+00   7.62599E+01   2.50474E+00
  0.00000E+00   7.54483E+01   2.22023E+00
  0.00000E+00   7.53549E+01   2.08123E+00
  0.00000E+00   7.69059E+01   1.87035E+00
  0.00000E+00   7.82096E+01   1.71212E+00
  0.00000E+00   7.85460E+01   1.50734E+00
  0.00000E+00   7.81876E+01   1.26884E+00
  0.00000E+00   7.78340E+01   1.17082E+00
  0.00000E+00   7.81513E+01   1.14781E+00
  0.00000E+00   7.90707E+01   1.02441E+00
  0.00000E+00   8.03514E+01   8.86777E-01
  0.00000E+00   8.26756E+01   9.03597E-01
  0.00000E+00   8.53315E+01   1.04297E+00
  0.00000E+00   8.76580E+01   1.17994E+00
  0.00000E+00   8.86145E+01   1.21858E+00
  0.00000E+00   8.87007E+01   1.22565E+00
  0.00000E+00   8.82993E+01   1.22936E+00
  0.00000E+00   8.78885E+01   1.35413E+00
  0.00000E+00   8.76884E+01   1.50080E+00
  0.00000E+00   8.72231E+01   1.74584E+00
  0.00000E+00   8.62194E+01   1.84525E+00
  0.00000E+00   8.63233E+01   1.86785E+00
  0.00000E+00   8.81174E+01   2.22423E+00
  0.00000E+00   9.00850E+01   2.66759E+00
  0.00000E+00   9.10406E+01   2.99968E+00
  0.00000E+00   9.11849E+01   3.25536E+00
  0.00000E+00   9.14728E+01   3.25942E+00
  0.00000E+00   9.27838E+01   3.09037E+00
  0.00000E+00   9.44132E+01   3.14338E+00
  0.00000E+00   9.58766E+01   3.24953E+00
  0.00000E+00   9.72539E+01   3.35658E+00
  0.00000E+00   9.83938E+01   3.43491E+00
  0.00000E+00   9.95596E+01   3.63997E+00
  0.00000E+00   1.00775E+02   3.82256E+00
  0.00000E+00   1.01387E+02   3.74899E+00
  0.00000E+00   1.01875E+02   3.48754E+00
  0.00000E+00   1.02798E+02   3.25037E+00
  0.00000E+00   1.03877E+02   3.01744E+00
  0.00000E+00   1.04184E+02   2.76828E+00
  0.00000E+00   1.03902E+02   2.25660E+00
  0.00000E+00   1.04377E+02   1.66859E+00
  0.00000E+00   1.06831E+02   1.07561E+00
  0.00000E+00   1.10262E+02   7.96475E-01
  0.00000E+00   1.12687E+02   8.16256E-01
  0.00000E+00   1.13324E+02   9.00926E-01
  0.00000E+00   1.12902E+02   1.05654E+00
  0.00000E+00   1.13142E+02   1.02982E+00
  0.00000E+00   1.14572E+02   8.61072E-01
  0.00000E+00   1.15839E+02   6.92388E-01
  0.00000E+00   1.15372E+02   6.56803E-01
  0.00000E+00   1.14876E+02   6.93999E-01
  0.00000E+00   1.14490E+02   6.83511E-01
  0.00000E+00   1.13988E+02   6.40696E-01
  0.00000E+00   1.13206E+02   6.62844E-01
  0.00000E+00   1.13381E+02   4.90190E-01
  0.00000E+00   1.14766E+02   4.44658E-01
  0.00000E+00   1.17989E+02   6.14390E-01
  0.00000E+00   1.20299E+02   5.27629E-01
  0.00000E+00   1.19905E+02   5.66019E-01
  0.00000E+00   1.17824E+02   4.06192E-01
  0.00000E+00   1.16084E+02   1.40685E-01
  0.00000E+00   1.15127E+02  -7.51641E-02
  0.00000E+00   1.14729E+02  -2.46348E-01
  0.00000E+00   1.13510E+02  -4.12948E-01
  0.00000E+00   1.11162E+02  -6.34779E-01
