  0.00000E+00   5.22025E-03   1.08044E-05
  0.00000E+00   4.61930E-03  -2.90896E-05
  0.00000E+00   4.07651E-03  -6.81504E-05
  0.00000E+00   3.53651E-03  -1.87113E-05
  0.00000E+00   3.40106E-03  -6.66171E-06
  0.00000E+00   3.64024E-03  -1.33363E-05
  0.00000E+00   3.88980E-03  -1.65942E-05
  0.00000E+00   4.29384E-03  -5.01007E-05
  0.00000E+00   4.75968E-03  -7.51777E-05
  0.00000E+00   5.25044E-03  -4.99857E-05
  0.00000E+00   6.03822E-03  -6.97945E-05
  0.00000E+00   7.00425E-03  -5.39940E-05
  0.00000E+00   8.27784E-03  -2.80872E-05
  0.00000E+00   9.83134E-03  -5.32303E-05
  0.00000E+00   1.18909E-02  -1.02907E-04
  0.00000E+00   1.44512E-02  -1.17558E-04
  0.00000E+00   1.78223E-02  -1.12288E-04
  0.00000E+00   2.21236E-02  -1.08887E-04
  0.00000E+00   2.74171E-02  -1.09882E-04
  0.00000E+00   3.41565E-02  -1.06207E-04
  0.00000E+00   4.27653E-02  -9.27065E-05
  0.00000E+00   5.37615E-02  -8.86092E-05
  0.00000E+00   6.77752E-02  -8.32386E-05
  0.00000E+00   8.56103E-02  -7.19252E-05
  0.00000E+00   1.08323E-01  -3.30129E-05
  0.00000E+00   1.37302E-01   4.91078E-05
  0.00000E+00   1.74308E-01   1.68326E-04
  0.00000E+00   2.21693E-01   3.12836E-04
  0.00000E+00   2.82286E-01   5.01779E-04
  0.00000E+00   3.59631E-01   7.97963E-04
  0.00000E+00   4.58460E-01   1.20518E-03
  0.00000E+00   5.84672E-01   1.72794E-03
  0.00000E+00   7.45674E-01   2.39858E-03
  0.00000E+00   9.50825E-01   3.26688E-03
  0.00000E+00   1.21163E+00   4.37467E-03
  0.00000E+00   1.54229E+00   5.76667E-03
  0.00000E+00   1.96026E+00   7.52025E-03
  0.00000E+00   2.48637E+00   9.79035E-03
  0.00000E+00   3.14537E+00   1.27996E-02
  0.00000E+00   3.96594E+00   1.69523E-02
  0.00000E+00   4.98037E+00   2.28860E-02
  0.00000E+00   6.22406E+00   3.15235E-02
  0.00000E+00   7.73396E+00   4.41236E-02
  0.00000E+00   9.54603E+00   6.21903E-02
  0.00000E+00   1.16915E+01   8.72970E-02
  0.00000E+00   1.41912E+01   1.20794E-01
  0.00000E+00   1.70479E+01   1.63207E-01
  0.00000E+00   2.02348E+01   2.13828E-01
  0.00000E+00   2.36818E+01   2.71391E-01
  0.00000E+00   2.72639E+01   3.34620E-01
  0.00000E+00   3.07966E+01   4.02408E-01
  0.00000E+00   3.40353E+01   4.73545E-01
  0.00000E+00   3.66822E+01   5.44782E-01
  0.00000E+00   3.84065E+01   6.05255E-01
  0.00000E+00   3.89063E+01   6.26821E-01
  0.00000E+00   3.80236E+01   5.73343E-01
  0.00000E+00   3.58779E+01   4.08961E-01
  0.00000E+00   3.27310E+01   1.87951E-01
  0.00000E+00   2.89548E+01   3.04357E-02
  0.00000E+00   2.52120E+01  -6.07275E-02
  0.00000E+00   2.22720E+01  -5.46189E-02
  0.00000E+00   2.06262E+01   5.23513E-03
  0.00000E+00   1.99349E+01   2.73201E-02
  0.00000E+00   1.99114E+01  -4.31149E-02
  0.00000E+00   2.05754E+01  -5.15403E-02
  0.00000E+00   2.16506E+01   2.99205E-03
  0.00000E+00   2.29063E+01   1.74529E-02
  0.00000E+00   2.42309E+01  -5.68153E-03
  0.00000E+00   2.55032E+01   1.73003E-02
  0.00000E+00   2.65816E+01  -3.95915E-02
  0.00000E+00   2.74564E+01  -4.60861E-02
  0.00000E+00   2.83238E+01  -1.99402E-02
  0.00000E+00   2.92486E+01   4.00093E-02
  0.00000E+00   3.01709E+01   7.61945E-02
  0.00000E+00   3.09928E+01   8.06089E-02
  0.00000E+00   3.17146E+01   6.76994E-02
  0.00000E+00   3.25345E+01   9.98974E-02
  0.00000E+00   3.35613E+01   1.92032E-01
  0.00000E+00   3.47972E+01   2.80617E-01
  0.00000E+00   3.62364E+01   3.43745E-01
  0.00000E+00   3.78560E+01   3.69840E-01
  0.00000E+00   3.93773E+01   4.32034E-01
  0.00000E+00   4.03541E+01   5.28588E-01
  0.00000E+00   4.04772E+01   6.43086E-01
  0.00000E+00   3.97771E+01   6.73258E-01
  0.00000E+00   3.88483E+01   6.26841E-01
  0.00000E+00   3.84590E+01   5.58316E-01
  0.00000E+00   3.89112E+01   4.49611E-01
  0.00000E+00   4.01150E+01   3.31492E-01
  0.00000E+00   4.16179E+01   2.82889E-01
  0.00000E+00   4.27370E+01   3.25098E-01
  0.00000E+00   4.31037E+01   4.18020E-01
  0.00000E+00   4.29017E+01   5.77876E-01
  0.00000E+00   4.27598E+01   6.56465E-01
  0.00000E+00   4.30052E+01   6.43579E-01
  0.00000E+00   4.32198E+01   5.40655E-01
  0.00000E+00   4.30813E+01   4.31439E-01
  0.00000E+00   4.26788E+01   3.08738E-01
  0.00000E+00   4.24323E+01   1.66252E-01
  0.00000E+00   4.21903E+01   6.90172E-02
  0.00000E+00   4.17117E+01   6.97791E-02
  0.00000E+00   4.10926E+01   2.73398E-02
  0.00000E+00   4.07660E+01  -6.95152E-02
  0.00000E+00   4.09530E+01  -7.89531E-02
  0.00000E+00   4.15337E+01  -6.08006E-02
  0.00000E+00   4.21839E+01  -5.14332E-02
  0.00000E+00   4.27352E+01  -5.24351E-03
  0.00000E+00   4.31813E+01   4.65448E-02
  0.00000E+00   4.36706E+01   7.16574E-02
  0.00000E+00   4.42537E+01   6.47943E-02
  0.00000E+00   4.47981E+01   4.97114E-02
  0.00000E+00   4.50293E+01   5.69980E-02
  0.00000E+00   4.46502E+01   1.25318E-01
  0.00000E+00   4.39269E+01   2.13042E-01
  0.00000E+00   4.34584E+01   2.85128E-01
  0.00000E+00   4.36030E+01   4.05828E-01
  0.00000E+00   4.42966E+01   5.81671E-01
  0.00000E+00   4.54474E+01   7.27246E-01
  0.00000E+00   4.68499E+01   9.20548E-01
  0.00000E+00   4.80939E+01   1.02564E+00
  0.00000E+00   4.88399E+01   9.95909E-01
  0.00000E+00   4.89303E+01   9.17202E-01
  0.00000E+00   4.88180E+01   8.13387E-01
  0.00000E+00   4.92272E+01   8.11771E-01
  0.00000E+00   5.02104E+01   7.79821E-01
  0.00000E+00   5.15995E+01   7.24502E-01
  0.00000E+00   5.29729E+01   7.05310E-01
  0.00000E+00   5.42548E+01   6.82709E-01
  0.00000E+00   5.52620E+01   6.76026E-01
  0.00000E+00   5.61036E+01   6.59196E-01
  0.00000E+00   5.69522E+01   6.56280E-01
  0.00000E+00   5.77075E+01   6.21821E-01
  0.00000E+00   5.78721E+01   6.30121E-01
  0.00000E+00   5.73115E+01   6.82839E-01
  0.00000E+00   5.63427E+01   8.06834E-01
  0.00000E+00   5.51517E+01   1.08627E+00
  0.00000E+00   5.39367E+01   1.35762E+00
  0.00000E+00   5.27983E+01   1.49357E+00
  0.00000E+00   5.15118E+01   1.56713E+00
  0.00000E+00   5.00577E+01   1.61533E+00
  0.00000E+00   4.87199E+01   1.64028E+00
  0.00000E+00   4.75066E+01   1.70775E+00
  0.00000E+00   4.60457E+01   1.64855E+00
  0.00000E+00   4.48018E+01   1.61591E+00
  0.00000E+00   4.44516E+01   1.67557E+00
  0.00000E+00   4.52847E+01   1.71848E+00
  0.00000E+00   4.65234E+01   1.73689E+00
  0.00000E+00   4.75208E+01   1.76869E+00
  0.00000E+00   4.75994E+01   1.81009E+00
  0.00000E+00   4.72224E+01   1.75500E+00
  0.00000E+00   4.71057E+01   1.62031E+00
  0.00000E+00   4.78238E+01   1.53190E+00
  0.00000E+00   4.89138E+01   1.41291E+00
  0.00000E+00   5.00567E+01   1.28199E+00
  0.00000E+00   5.10618E+01   1.14019E+00
  0.00000E+00   5.16927E+01   1.12192E+00
  0.00000E+00   5.17793E+01   1.13857E+00
  0.00000E+00   5.14712E+01   1.16108E+00
  0.00000E+00   5.07921E+01   1.20930E+00
  0.00000E+00   5.00953E+01   1.24809E+00
  0.00000E+00   4.95212E+01   1.33613E+00
  0.00000E+00   4.88945E+01   1.44320E+00
  0.00000E+00   4.84269E+01   1.50986E+00
  0.00000E+00   4.83818E+01   1.62180E+00
  0.00000E+00   4.87420E+01   1.64506E+00
  0.00000E+00   4.93391E+01   1.60224E+00
  0.00000E+00   5.00749E+01   1.62217E+00
  0.00000E+00   5.09339E+01   1.62124E+00
  0.00000E+00   5.16801E+01   1.70951E+00
  0.00000E+00   5.23702E+01   1.81221E+00
  0.00000E+00   5.30505E+01   1.99457E+00
  0.00000E+00   5.40826E+01   2.10878E+00
  0.00000E+00   5.48828E+01   2.09535E+00
  0.00000E+00   5.49068E+01   1.99819E+00
  0.00000E+00   5.41790E+01   1.91491E+00
  0.00000E+00   5.33834E+01   1.92053E+00
  0.00000E+00   5.30235E+01   1.96889E+00
  0.00000E+00   5.35041E+01   2.13084E+00
  0.00000E+00   5.46822E+01   2.30620E+00
  0.00000E+00   5.58471E+01   2.39374E+00
  0.00000E+00   5.64823E+01   2.38638E+00
  0.00000E+00   5.61757E+01   2.32225E+00
  0.00000E+00   5.52903E+01   2.33282E+00
  0.00000E+00   5.45650E+01   2.44635E+00
  0.00000E+00   5.47105E+01   2.54537E+00
  0.00000E+00   5.59413E+01   2.56003E+00
  0.00000E+00   5.77622E+01   2.58190E+00
  0.00000E+00   5.96805E+01   2.64839E+00
  0.00000E+00   6.11089E+01   2.61110E+00
  0.00000E+00   6.14626E+01   2.46048E+00
  0.00000E+00   6.10224E+01   2.34574E+00
  0.00000E+00   6.07160E+01   2.25057E+00
  0.00000E+00   6.12308E+01   2.18201E+00
  0.00000E+00   6.26659E+01   2.12378E+00
  0.00000E+00   6.48649E+01   2.01762E+00
  0.00000E+00   6.70563E+01   1.94101E+00
  0.00000E+00   6.81993E+01   1.95900E+00
  0.00000E+00   6.80843E+01   1.92690E+00
  0.00000E+00   6.74276E+01   1.88680E+00
  0.00000E+00   6.68542E+01   1.81605E+00
  0.00000E+00   6.66029E+01   1.62052E+00
  0.00000E+00   6.60996E+01   1.47567E+00
  0.00000E+00   6.44753E+01   1.38751E+00
  0.00000E+00   6.27418E+01   1.53869E+00
  0.00000E+00   6.14408E+01   1.52527E+00
  0.00000E+00   6.07221E+01   1.39855E+00
  0.00000E+00   6.04784E+01   1.33230E+00
  0.00000E+00   6.05001E+01   1.28915E+00
  0.00000E+00   6.03715E+01   1.16933E+00
  0.00000E+00   6.00464E+01   1.16534E+00
  0.00000E+00   5.99041E+01   1.29575E+00
  0.00000E+00   6.05766E+01   1.48707E+00
  0.00000E+00   6.21250E+01   1.62902E+00
  0.00000E+00   6.38447E+01   1.76304E+00
  0.00000E+00   6.49266E+01   1.83433E+00
  0.00000E+00   6.49891E+01   1.76994E+00
  0.00000E+00   6.40220E+01   1.70021E+00
  0.00000E+00   6.25417E+01   1.69973E+00
  0.00000E+00   6.12657E+01   1.89365E+00
  0.00000E+00   6.05981E+01   2.10737E+00
  0.00000E+00   6.07231E+01   2.29106E+00
  0.00000E+00   6.12420E+01   2.46474E+00
  0.00000E+00   6.12455E+01   2.63413E+00
  0.00000E+00   6.03997E+01   2.65273E+00
  0.00000E+00   5.89704E+01   2.57786E+00
  0.00000E+00   5.75762E+01   2.48190E+00
  0.00000E+00   5.69792E+01   2.27716E+00
  0.00000E+00   5.72887E+01   2.20880E+00
  0.00000E+00   5.83368E+01   2.10244E+00
  0.00000E+00   5.94195E+01   1.95816E+00
  0.00000E+00   6.03432E+01   1.98804E+00
  0.00000E+00   6.07592E+01   2.05639E+00
  0.00000E+00   6.07039E+01   2.00143E+00
  0.00000E+00   6.05627E+01   1.90815E+00
  0.00000E+00   6.09106E+01   1.74367E+00
  0.00000E+00   6.23130E+01   1.66076E+00
  0.00000E+00   6.42634E+01   1.60194E+00
  0.00000E+00   6.60968E+01   1.48205E+00
  0.00000E+00   6.78613E+01   1.32653E+00
  0.00000E+00   6.96475E+01   1.30270E+00
  0.00000E+00   7.11717E+01   1.40332E+00
  0.00000E+00   7.20889E+01   1.53840E+00
  0.00000E+00   7.25184E+01   1.60527E+00
  0.00000E+00   7.27073E+01   1.57594E+00
  0.00000E+00   7.29498E+01   1.50131E+00
  0.00000E+00   7.30976E+01   1.33875E+00
  0.00000E+00   7.35443E+01   1.33974E+00
  0.00000E+00   7.41205E+01   1.41340E+00
  0.00000E+00   7.45473E+01   1.53929E+00
  0.00000E+00   7.44287E+01   1.68924E+00
  0.00000E+00   7.37716E+01   1.91091E+00
  0.00000E+00   7.26223E+01   2.17308E+00
  0.00000E+00   7.12909E+01   2.46248E+00
  0.00000E+00   7.03886E+01   2.63457E+00
  0.00000E+00   6.98390E+01   2.61763E+00
  0.00000E+00   6.93108E+01   2.46680E+00
  0.00000E+00   6.90604E+01   2.25963E+00
  0.00000E+00   6.86708E+01   2.10682E+00
  0.00000E+00   6.85247E+01   2.13965E+00
  0.00000E+00   6.88502E+01   2.09915E+00
  0.00000E+00   6.90546E+01   2.04555E+00
  0.00000E+00   6.90372E+01   1.86706E+00
  0.00000E+00   6.91163E+01   1.68075E+00
  0.00000E+00   6.87492E+01   1.53736E+00
  0.00000E+00   6.73023E+01   1.38699E+00
  0.00000E+00   6.47126E+01   1.32209E+00
  0.00000E+00   6.18006E+01   1.23562E+00
  0.00000E+00   5.97446E+01   1.17605E+00
  0.00000E+00   5.91912E+01   1.25177E+00
  0.00000E+00   5.98346E+01   1.34365E+00
  0.00000E+00   6.06742E+01   1.37038E+00
  0.00000E+00   6.08297E+01   1.35983E+00
  0.00000E+00   6.02920E+01   1.28169E+00
  0.00000E+00   5.97223E+01   1.23206E+00
  0.00000E+00   6.00163E+01   1.30352E+00
  0.00000E+00   6.13083E+01   1.38292E+00
  0.00000E+00   6.34726E+01   1.49460E+00
  0.00000E+00   6.60408E+01   1.83167E+00
  0.00000E+00   6.86181E+01   2.14498E+00
  0.00000E+00   7.06249E+01   2.33920E+00
  0.00000E+00   7.16572E+01   2.50534E+00
  0.00000E+00   7.16997E+01   2.69687E+00
  0.00000E+00   7.07304E+01   2.83433E+00
  0.00000E+00   6.94403E+01   2.86677E+00
  0.00000E+00   6.89251E+01   2.91531E+00
  0.00000E+00   6.97742E+01   2.95770E+00
  0.00000E+00   7.15059E+01   2.90579E+00
  0.00000E+00   7.27195E+01   2.83990E+00
  0.00000E+00   7.30766E+01   2.64258E+00
  0.00000E+00   7.34453E+01   2.38578E+00
  0.00000E+00   7.42653E+01   2.18392E+00
  0.00000E+00   7.56072E+01   2.03312E+00
  0.00000E+00   7.71915E+01   1.85945E+00
  0.00000E+00   7.86968E+01   1.71975E+00
  0.00000E+00   7.97054E+01   1.64868E+00
  0.00000E+00   7.99267E+01   1.49089E+00
  0.00000E+00   7.92465E+01   1.29661E+00
  0.00000E+00   7.87235E+01   1.23625E+00
  0.00000E+00   7.88303E+01   1.23312E+00
  0.00000E+00   7.98946E+01   1.33998E+00
  0.00000E+00   8.18585E+01   1.40564E+00
  0.00000E+00   8.36201E+01   1.42870E+00
  0.00000E+00   8.40212E+01   1.50154E+00
  0.00000E+00   8.28193E+01   1.61494E+00
  0.00000E+00   8.09080E+01   1.74283E+00
  0.00000E+00   7.87814E+01   1.82012E+00
  0.00000E+00   7.70801E+01   1.92339E+00
  0.00000E+00   7.61516E+01   2.11135E+00
  0.00000E+00   7.62544E+01   2.26723E+00
  0.00000E+00   7.69277E+01   2.34941E+00
  0.00000E+00   7.74773E+01   2.38392E+00
  0.00000E+00   7.67973E+01   2.35232E+00
  0.00000E+00   7.48363E+01   2.17048E+00
  0.00000E+00   7.24856E+01   2.00270E+00
  0.00000E+00   7.12829E+01   1.97578E+00
  0.00000E+00   7.13992E+01   1.96085E+00
  0.00000E+00   7.25937E+01   1.89198E+00
  0.00000E+00   7.38541E+01   1.90331E+00
  0.00000E+00   7.42186E+01   2.00040E+00
  0.00000E+00   7.40099E+01   1.99257E+00
  0.00000E+00   7.29962E+01   1.88654E+00
  0.00000E+00   7.20762E+01   1.86236E+00
  0.00000E+00   7.19760E+01   1.83018E+00
  0.00000E+00   7.17710E+01   1.78868E+00
  0.00000E+00   7.11811E+01   1.72995E+00
  0.00000E+00   6.98474E+01   1.50280E+00
  0.00000E+00   6.77763E+01   1.20103E+00
  0.00000E+00   6.47007E+01   9.60869E-01
  0.00000E+00   6.13075E+01   6.10541E-01
  0.00000E+00   5.89948E+01   1.97930E-01
  0.00000E+00   5.84076E+01  -7.62526E-02
  0.00000E+00   5.94036E+01  -2.35835E-01
  0.00000E+00   6.11688E+01  -3.14105E-01
  0.00000E+00   6.21335E+01  -1.61166E-01
  0.00000E+00   6.19852E+01   8.75947E-02
  0.00000E+00   6.15293E+01   3.37923E-01
  0.00000E+00   6.11031E+01   5.79744E-01
  0.00000E+00   6.10978E+01   8.79548E-01
  0.00000E+00   6.11117E+01   1.24009E+00
  0.00000E+00   6.10868E+01   1.61161E+00
  0.00000E+00   6.09740E+01   1.85719E+00
  0.00000E+00   6.12539E+01   2.03506E+00
  0.00000E+00   6.19302E+01   2.09258E+00
  0.00000E+00   6.24687E+01   2.04343E+00
  0.00000E+00   6.27030E+01   1.85285E+00
  0.00000E+00   6.24534E+01   1.75335E+00
  0.00000E+00   6.17373E+01   1.67390E+00
  0.00000E+00   6.11415E+01   1.56407E+00
  0.00000E+00   6.11249E+01   1.48476E+00
  0.00000E+00   6.16237E+01   1.41949E+00
  0.00000E+00   6.22191E+01   1.23099E+00
  0.00000E+00   6.30070E+01   1.09197E+00
  0.00000E+00   6.37516E+01   1.10016E+00
  0.00000E+00   6.43625E+01   1.10975E+00
  0.00000E+00   6.46830E+01   1.05725E+00
  0.00000E+00   6.43138E+01   1.01692E+00
  0.00000E+00   6.31765E+01   1.08425E+00
  0.00000E+00   6.17201E+01   1.05447E+00
  0.00000E+00   6.05953E+01   9.70856E-01
  0.00000E+00   6.00310E+01   9.26439E-01
  0.00000E+00   6.01055E+01   7.82952E-01
  0.00000E+00   6.04115E+01   5.84001E-01
  0.00000E+00   6.08444E+01   5.32861E-01
  0.00000E+00   6.11733E+01   5.72311E-01
  0.00000E+00   6.14014E+01   5.73053E-01
  0.00000E+00   6.18856E+01   6.08561E-01
  0.00000E+00   6.28520E+01   6.52640E-01
  0.00000E+00   6.45069E+01   7.51803E-01
  0.00000E+00   6.66438E+01   8.86695E-01
  0.00000E+00   6.83032E+01   9.91259E-01
  0.00000E+00   6.90022E+01   1.13191E+00
  0.00000E+00   6.86712E+01   1.23423E+00
  0.00000E+00   6.79185E+01   1.31664E+00
  0.00000E+00   6.73033E+01   1.52029E+00
  0.00000E+00   6.75474E+01   1.75924E+00
  0.00000E+00   6.88068E+01   1.74915E+00
  0.00000E+00   7.01400E+01   1.69637E+00
  0.00000E+00   7.07311E+01   1.75688E+00
  0.00000E+00   7.06728E+01   1.71814E+00
  0.00000E+00   6.99969E+01   1.56942E+00
  0.00000E+00   6.90389E+01   1.46793E+00
  0.00000E+00   6.86221E+01   1.33991E+00
  0.00000E+00   6.87653E+01   1.20844E+00
  0.00000E+00   6.98478E+01   1.15904E+00
  0.00000E+00   7.15670E+01   1.25066E+00
  0.00000E+00   7.27503E+01   1.22512E+00
  0.00000E+00   7.33071E+01   1.10421E+00
  0.00000E+00   7.36568E+01   9.71284E-01
  0.00000E+00   7.41216E+01   9.08728E-01
  0.00000E+00   7.46418E+01   7.53195E-01
  0.00000E+00   7.48197E+01   5.21635E-01
  0.00000E+00   7.44477E+01   2.55941E-01
  0.00000E+00   7.31326E+01   1.03840E-01
  0.00000E+00   7.10479E+01   1.60590E-01
  0.00000E+00   6.96562E+01   3.18861E-01
  0.00000E+00   6.97792E+01   3.36997E-01
  0.00000E+00   7.20011E+01   2.93801E-01
  0.00000E+00   7.55375E+01   2.78994E-01
  0.00000E+00   7.89274E+01   2.69509E-01
  0.00000E+00   8.11921E+01   2.90271E-01
  0.00000E+00   8.18860E+01   3.85718E-01
  0.00000E+00   8.16948E+01   5.16188E-01
  0.00000E+00   8.17936E+01   6.30314E-01
  0.00000E+00   8.24625E+01   6.69119E-01
  0.00000E+00   8.36589E+01   6.45196E-01
  0.00000E+00   8.57072E+01   5.31410E-01
  0.00000E+00   8.82281E+01   3.57730E-01
  0.00000E+00   9.05186E+01   1.59977E-01
  0.00000E+00   9.13435E+01  -3.97805E-02
  0.00000E+00   9.06082E+01  -3.68291E-01
  0.00000E+00   8.91203E+01  -5.90108E-01
  0.00000E+00   8.77464E+01  -6.90433E-01
  0.00000E+00   8.74579E+01  -6.16392E-01
  0.00000E+00   8.87989E+01  -4.38777E-01
  0.00000E+00   9.13076E+01  -1.39929E-01
  0.00000E+00   9.39189E+01   1.01025E-01
  0.00000E+00   9.56894E+01   1.98456E-01
  0.00000E+00   9.58174E+01   3.01836E-01
  0.00000E+00   9.45456E+01   1.95156E-01
  0.00000E+00   9.28702E+01   7.93510E-02
  0.00000E+00   9.22386E+01  -1.20105E-01
  0.00000E+00   9.39416E+01  -3.95381E-01
  0.00000E+00   9.70862E+01  -5.90952E-01
  0.00000E+00   9.95116E+01  -7.70773E-01
  0.00000E+00   9.94558E+01  -9.66419E-01
  0.00000E+00   9.65909E+01  -1.12457E+00
  0.00000E+00   9.08281E+01  -1.29299E+00
  0.00000E+00   8.44726E+01  -1.63393E+00
  0.00000E+00   8.06413E+01  -1.88442E+00
  0.00000E+00   8.10511E+01  -2.17578E+00
  0.00000E+00   8.47421E+01  -2.26352E+00
  0.00000E+00   8.96747E+01  -2.38683E+00
  0.00000E+00   9.26520E+01  -2.70418E+00
  0.00000E+00   9.23091E+01  -2.86842E+00
  0.00000E+00   8.96474E+01  -3.20306E+00
  0.00000E+00   8.70174E+01  -3.53488E+00
  0.00000E+00   8.52925E+01  -3.86767E+00
  0.00000E+00   8.50910E+01  -4.12991E+00
  0.00000E+00   8.69639E+01  -4.27517E+00
  0.00000E+00   8.94475E+01  -4.49016E+00
  0.00000E+00   9.02580E+01  -4.62230E+00
  0.00000E+00   8.86511E+01  -4.67843E+00
  0.00000E+00   8.50639E+01  -4.70173E+00
  0.00000E+00   8.10935E+01  -4.64058E+00
  0.00000E+00   7.84039E+01  -4.38836E+00
  0.00000E+00   7.78889E+01  -4.18762E+00
  0.00000E+00   7.90355E+01  -3.86345E+00
  0.00000E+00   7.99884E+01  -3.60436E+00
  0.00000E+00   7.93350E+01  -3.37185E+00
  0.00000E+00   7.76207E+01  -3.04403E+00
  0.00000E+00   7.55057E+01  -2.84838E+00
  0.00000E+00   7.38967E+01  -2.52900E+00
  0.00000E+00   7.31989E+01  -2.47723E+00
  0.00000E+00   7.38758E+01  -2.61051E+00
  0.00000E+00   7.49636E+01  -2.66371E+00
  0.00000E+00   7.53700E+01  -2.76018E+00
  0.00000E+00   7.46426E+01  -2.75690E+00
  0.00000E+00   7.32481E+01  -2.87122E+00
  0.00000E+00   7.18857E+01  -2.91543E+00
  0.00000E+00   7.07305E+01  -3.03613E+00
  0.00000E+00   7.01990E+01  -3.15194E+00
  0.00000E+00   7.01855E+01  -3.22600E+00
  0.00000E+00   7.12464E+01  -3.29693E+00
  0.00000E+00   7.25336E+01  -3.40965E+00
  0.00000E+00   7.37021E+01  -3.47705E+00
  0.00000E+00   7.49076E+01  -3.38370E+00
  0.00000E+00   7.55474E+01  -3.26948E+00
  0.00000E+00   7.54626E+01  -3.06559E+00
  0.00000E+00   7.47328E+01  -2.95559E+00
  0.00000E+00   7.36974E+01  -2.84777E+00
  0.00000E+00   7.30613E+01  -2.72282E+00
  0.00000E+00   7.30152E+01  -2.53407E+00
  0.00000E+00   7.34724E+01  -2.32150E+00
  0.00000E+00   7.41042E+01  -2.01018E+00
  0.00000E+00   7.37619E+01  -1.65963E+00
  0.00000E+00   7.19188E+01  -1.30971E+00
  0.00000E+00   6.98181E+01  -9.49359E-01
  0.00000E+00   6.87019E+01  -7.61684E-01
  0.00000E+00   6.86922E+01  -6.59516E-01
  0.00000E+00   6.95187E+01  -6.37406E-01
  0.00000E+00   7.08544E+01  -6.65787E-01
  0.00000E+00   7.20139E+01  -7.40851E-01
  0.00000E+00   7.25196E+01  -8.43405E-01
  0.00000E+00   7.18081E+01  -1.06262E+00
  0.00000E+00   7.04829E+01  -1.23997E+00
  0.00000E+00   6.96780E+01  -1.32191E+00
  0.00000E+00   6.96608E+01  -1.26020E+00
  0.00000E+00   7.05079E+01  -1.27304E+00
  0.00000E+00   7.19353E+01  -1.32883E+00
  0.00000E+00   7.32636E+01  -1.27403E+00
  0.00000E+00   7.44231E+01  -1.18647E+00
  0.00000E+00   7.54681E+01  -1.18518E+00
  0.00000E+00   7.59297E+01  -1.21351E+00
  0.00000E+00   7.57173E+01  -1.25891E+00
  0.00000E+00   7.53753E+01  -1.36031E+00
  0.00000E+00   7.49438E+01  -1.54729E+00
  0.00000E+00   7.48878E+01  -1.71432E+00
  0.00000E+00   7.54379E+01  -1.75494E+00
  0.00000E+00   7.62735E+01  -1.72825E+00
  0.00000E+00   7.75189E+01  -1.63875E+00
  0.00000E+00   7.85555E+01  -1.59070E+00
  0.00000E+00   7.94050E+01  -1.56951E+00
  0.00000E+00   8.03804E+01  -1.55647E+00
  0.00000E+00   8.15787E+01  -1.52787E+00
  0.00000E+00   8.26151E+01  -1.54925E+00
  0.00000E+00   8.29574E+01  -1.53777E+00
  0.00000E+00   8.29546E+01  -1.47596E+00
  0.00000E+00   8.31972E+01  -1.36635E+00
  0.00000E+00   8.37397E+01  -1.31335E+00
  0.00000E+00   8.44416E+01  -1.33227E+00
  0.00000E+00   8.49724E+01  -1.39868E+00
  0.00000E+00   8.51194E+01  -1.51319E+00
  0.00000E+00   8.49474E+01  -1.65833E+00
  0.00000E+00   8.47725E+01  -1.80655E+00
  0.00000E+00   8.49438E+01  -1.96263E+00
  0.00000E+00   8.54758E+01  -2.13636E+00
  0.00000E+00   8.61256E+01  -2.38885E+00
  0.00000E+00   8.68607E+01  -2.66903E+00
  0.00000E+00   8.74799E+01  -2.84374E+00
  0.00000E+00   8.79992E+01  -2.90873E+00
  0.00000E+00   8.79192E+01  -2.78790E+00
  0.00000E+00   8.72365E+01  -2.46216E+00
  0.00000E+00   8.59869E+01  -2.26989E+00
  0.00000E+00   8.42302E+01  -2.03991E+00
  0.00000E+00   8.29358E+01  -1.78349E+00
  0.00000E+00   8.24356E+01  -1.72287E+00
  0.00000E+00   8.26732E+01  -1.62469E+00
  0.00000E+00   8.31864E+01  -1.66484E+00
  0.00000E+00   8.34572E+01  -1.62640E+00
  0.00000E+00   8.32638E+01  -1.55861E+00
  0.00000E+00   8.30095E+01  -1.29465E+00
  0.00000E+00   8.31761E+01  -8.67565E-01
  0.00000E+00   8.36078E+01  -6.06930E-01
  0.00000E+00   8.37531E+01  -6.59111E-01
  0.00000E+00   8.29541E+01  -9.51475E-01
  0.00000E+00   8.15317E+01  -1.23495E+00
  0.00000E+00   7.97093E+01  -1.32738E+00
  0.00000E+00   7.82792E+01  -1.13408E+00
  0.00000E+00   7.74882E+01  -8.41595E-01
  0.00000E+00   7.68934E+01  -7.33570E-01
  0.00000E+00   7.60564E+01  -7.62044E-01
  0.00000E+00   7.47534E+01  -9.24174E-01
  0.00000E+00   7.28708E+01  -8.76284E-01
  0.00000E+00   7.11935E+01  -7.31238E-01
  0.00000E+00   6.99085E+01  -7.48382E-01
  0.00000E+00   6.97486E+01  -8.38667E-01
  0.00000E+00   7.05858E+01  -9.43527E-01
  0.00000E+00   7.14734E+01  -1.09839E+00
  0.00000E+00   7.21395E+01  -1.11891E+00
  0.00000E+00   7.27612E+01  -9.28430E-01
  0.00000E+00   7.38913E+01  -7.60914E-01
  0.00000E+00   7.52970E+01  -6.64994E-01
  0.00000E+00   7.65807E+01  -7.12983E-01
  0.00000E+00   7.79956E+01  -8.37689E-01
  0.00000E+00   7.94702E+01  -1.05891E+00
  0.00000E+00   8.09969E+01  -1.23119E+00
  0.00000E+00   8.23204E+01  -1.31711E+00
  0.00000E+00   8.33935E+01  -1.38551E+00
  0.00000E+00   8.43682E+01  -1.45371E+00
  0.00000E+00   8.53346E+01  -1.64232E+00
  0.00000E+00   8.61284E+01  -1.70974E+00
  0.00000E+00   8.65727E+01  -1.65354E+00
  0.00000E+00   8.67561E+01  -1.53729E+00
  0.00000E+00   8.72928E+01  -1.27518E+00
  0.00000E+00   8.81869E+01  -1.00842E+00
  0.00000E+00   8.90123E+01  -6.46672E-01
  0.00000E+00   8.96887E+01  -3.11501E-01
  0.00000E+00   9.03253E+01  -2.70971E-02
  0.00000E+00   9.10885E+01   2.71401E-01
  0.00000E+00   9.14708E+01   5.07650E-01
  0.00000E+00   9.12767E+01   5.95781E-01
  0.00000E+00   9.07656E+01   6.13590E-01
  0.00000E+00   9.03048E+01   6.71659E-01
  0.00000E+00   8.98444E+01   7.09577E-01
  0.00000E+00   8.93276E+01   6.90327E-01
  0.00000E+00   8.85280E+01   7.34531E-01
  0.00000E+00   8.77819E+01   9.24926E-01
  0.00000E+00   8.70225E+01   1.08384E+00
  0.00000E+00   8.65014E+01   1.15829E+00
  0.00000E+00   8.59973E+01   1.11546E+00
  0.00000E+00   8.55638E+01   1.22887E+00
  0.00000E+00   8.54784E+01   1.45912E+00
  0.00000E+00   8.53546E+01   1.68778E+00
  0.00000E+00   8.47097E+01   1.94920E+00
  0.00000E+00   8.37006E+01   2.27457E+00
  0.00000E+00   8.29952E+01   2.48706E+00
  0.00000E+00   8.25276E+01   2.65619E+00
  0.00000E+00   8.27679E+01   2.67162E+00
  0.00000E+00   8.37056E+01   2.69156E+00
  0.00000E+00   8.50773E+01   2.57418E+00
  0.00000E+00   8.68359E+01   2.58692E+00
  0.00000E+00   8.89148E+01   2.52697E+00
  0.00000E+00   9.10542E+01   2.49076E+00
  0.00000E+00   9.30868E+01   2.49858E+00
  0.00000E+00   9.50092E+01   2.50843E+00
  0.00000E+00   9.68925E+01   2.54772E+00
  0.00000E+00   9.87495E+01   2.62290E+00
  0.00000E+00   1.00012E+02   2.73690E+00
  0.00000E+00   1.00991E+02   2.72371E+00
  0.00000E+00   1.02339E+02   2.88212E+00
  0.00000E+00   1.03985E+02   2.95269E+00
  0.00000E+00   1.05774E+02   2.92642E+00
  0.00000E+00   1.06851E+02   2.88563E+00
  0.00000E+00   1.06716E+02   2.86481E+00
  0.00000E+00   1.05769E+02   2.73083E+00
  0.00000E+00   1.05039E+02   2.61907E+00
  0.00000E+00   1.05491E+02   2.27944E+00
  0.00000E+00   1.07404E+02   2.07337E+00
  0.00000E+00   1.09854E+02   1.95250E+00
  0.00000E+00   1.11149E+02   1.98152E+00
  0.00000E+00   1.10396E+02   1.91557E+00
  0.00000E+00   1.07880E+02   1.65964E+00
  0.00000E+00   1.04654E+02   1.57550E+00
  0.00000E+00   1.01441E+02   1.58304E+00
  0.00000E+00   9.92189E+01   1.63241E+00
  0.00000E+00   9.84940E+01   1.72056E+00
  0.00000E+00   9.79774E+01   1.73700E+00
  0.00000E+00   9.66309E+01   1.68105E+00
  0.00000E+00   9.45566E+01   1.58906E+00
  0.00000E+00   9.26285E+01   1.64328E+00
  0.00000E+00   9.23587E+01   1.81220E+00
  0.00000E+00   9.26906E+01   1.91793E+00
  0.00000E+00   9.38760E+01   1.92335E+00
  0.00000E+00   9.51551E+01   1.94129E+00
  0.00000E+00   9.56597E+01   2.01096E+00
  0.00000E+00   9.54390E+01   2.11725E+00
  0.00000E+00   9.46428E+01   2.12597E+00
  0.00000E+00   9.42572E+01   2.04255E+00
  0.00000E+00   9.45161E+01   2.14429E+00
  0.00000E+00   9.52560E+01   2.19479E+00
  0.00000E+00   9.62181E+01   2.33461E+00
  0.00000E+00   9.72023E+01   2.45567E+00
  0.00000E+00   9.77430E+01   2.31038E+00
  0.00000E+00   9.74318E+01   2.15565E+00
  0.00000E+00   9.59434E+01   1.95241E+00
  0.00000E+00   9.36329E+01   1.88670E+00
  0.00000E+00   9.21467E+01   1.80000E+00
  0.00000E+00   9.18457E+01   1.60386E+00
  0.00000E+00   9.24908E+01   1.36419E+00
  0.00000E+00   9.41585E+01   1.06871E+00
  0.00000E+00   9.57839E+01   7.36639E-01
  0.00000E+00   9.69336E+01   4.19544E-01
  0.00000E+00   9.75313E+01   1.35879E-01
  0.00000E+00   9.78740E+01  -1.48152E-01
  0.00000E+00   9.79547E+01  -4.47440E-01
  0.00000E+00   9.80532E+01  -5.77921E-01
  0.00000E+00   9.81772E+01  -7.07091E-01
  0.00000E+00   9.83245E+01  -9.51904E-01
  0.00000E+00   9.91365E+01  -1.13485E+00
  0.00000E+00   1.01029E+02  -1.39015E+00
  0.00000E+00   1.03136E+02  -1.61090E+00
  0.00000E+00   1.04789E+02  -1.84399E+00
  0.00000E+00   1.05534E+02  -1.99054E+00
  0.00000E+00   1.06046E+02  -2.06436E+00
  0.00000E+00   1.06486E+02  -1.94940E+00
  0.00000E+00   1.06747E+02  -1.96631E+00
  0.00000E+00   1.06579E+02  -2.09739E+00
  0.00000E+00   1.06067E+02  -2.04214E+00
  0.00000E+00   1.05621E+02  -1.96640E+00
  0.00000E+00   1.05639E+02  -1.93947E+00
  0.00000E+00   1.06099E+02  -1.80779E+00
  0.00000E+00   1.06562E+02  -1.63525E+00
  0.00000E+00   1.07113E+02  -1.52778E+00
  0.00000E+00   1.07574E+02  -1.39760E+00
  0.00000E+00   1.07574E+02  -1.25287E+00
  0.00000E+00   1.07728E+02  -1.11253E+00
  0.00000E+00   1.08682E+02  -8.96033E-01
  0.00000E+00   1.09912E+02  -5.75925E-01
  0.00000E+00   1.11140E+02  -3.95704E-01
  0.00000E+00   1.12434E+02  -2.69684E-01
  0.00000E+00   1.13750E+02  -1.86668E-01
  0.00000E+00   1.14788E+02  -1.14492E-01
  0.00000E+00   1.15833E+02   1.03250E-01
  0.00000E+00   1.17057E+02   2.46781E-01
  0.00000E+00   1.18209E+02   3.83386E-01
  0.00000E+00   1.19004E+02   4.34913E-01
  0.00000E+00   1.19416E+02   3.16690E-01
  0.00000E+00   1.19534E+02   6.24465E-02
  0.00000E+00   1.19561E+02  -3.03017E-02
  0.00000E+00   1.20345E+02  -1.21612E-01
  0.00000E+00   1.21494E+02  -1.41727E-01
  0.00000E+00   1.22861E+02   5.62156E-02
  0.00000E+00   1.23938E+02   1.85254E-01
  0.00000E+00   1.24509E+02   3.88685E-01
  0.00000E+00   1.24747E+02   5.13493E-01
  0.00000E+00   1.24232E+02   6.49326E-01
  0.00000E+00   1.23241E+02   8.91430E-01
  0.00000E+00   1.22917E+02   1.22879E+00
  0.00000E+00   1.23405E+02   1.66577E+00
  0.00000E+00   1.24565E+02   2.08618E+00
  0.00000E+00   1.25490E+02   2.46830E+00
  0.00000E+00   1.25904E+02   2.84215E+00
  0.00000E+00   1.25383E+02   2.99107E+00
  0.00000E+00   1.24497E+02   3.14335E+00
  0.00000E+00   1.23681E+02   3.30059E+00
  0.00000E+00   1.22903E+02   3.24301E+00
  0.00000E+00   1.23359E+02   3.28815E+00
  0.00000E+00   1.25037E+02   3.37724E+00
  0.00000E+00   1.26814E+02   3.32952E+00
  0.00000E+00   1.28301E+02   3.31037E+00
  0.00000E+00   1.28832E+02   3.28257E+00
  0.00000E+00   1.28717E+02   3.10694E+00
  0.00000E+00   1.28744E+02   2.83503E+00
  0.00000E+00   1.29120E+02   2.71193E+00
  0.00000E+00   1.29547E+02   2.61044E+00
  0.00000E+00   1.29687E+02   2.56659E+00
  0.00000E+00   1.29181E+02   2.52265E+00
  0.00000E+00   1.27537E+02   2.29594E+00
  0.00000E+00   1.24932E+02   2.00465E+00
  0.00000E+00   1.21974E+02   1.82891E+00
  0.00000E+00   1.19752E+02   1.69086E+00
  0.00000E+00   1.18485E+02   1.57001E+00
  0.00000E+00   1.17980E+02   1.38143E+00
  0.00000E+00   1.17646E+02   1.34039E+00
  0.00000E+00   1.17804E+02   1.10150E+00
  0.00000E+00   1.17802E+02   1.07010E+00
  0.00000E+00   1.16752E+02   1.06681E+00
  0.00000E+00   1.15603E+02   9.45452E-01
  0.00000E+00   1.14704E+02   9.76321E-01
  0.00000E+00   1.13982E+02   8.73860E-01
  0.00000E+00   1.13552E+02   6.63896E-01
  0.00000E+00   1.13699E+02   7.22192E-01
  0.00000E+00   1.14587E+02   8.62192E-01
  0.00000E+00   1.15708E+02   1.08812E+00
  0.00000E+00   1.16212E+02   1.27113E+00
  0.00000E+00   1.14655E+02   1.41371E+00
  0.00000E+00   1.11790E+02   1.31217E+00
  0.00000E+00   1.08417E+02   1.09461E+00
  0.00000E+00   1.06093E+02   1.04110E+00
  0.00000E+00   1.04343E+02   1.17765E+00
  0.00000E+00   1.02866E+02   1.27780E+00
  0.00000E+00   1.01429E+02   1.22601E+00
  0.00000E+00   1.00315E+02   1.42521E+00
  0.00000E+00   9.86343E+01   1.57806E+00
  0.00000E+00   9.67788E+01   1.68878E+00
  0.00000E+00   9.56531E+01   1.97932E+00
  0.00000E+00   9.48942E+01   1.98905E+00
  0.00000E+00   9.36357E+01   1.91399E+00
  0.00000E+00   9.17666E+01   1.78970E+00
  0.00000E+00   8.89254E+01   1.60311E+00
  0.00000E+00   8.54578E+01   1.61136E+00
  0.00000E+00   8.29448E+01   1.81488E+00
  0.00000E+00   8.10635E+01   2.00219E+00
  0.00000E+00   7.98704E+01   1.96021E+00
  0.00000E+00   7.91276E+01   1.88761E+00
  0.00000E+00   7.81312E+01   1.87377E+00
  0.00000E+00   7.58538E+01   1.82499E+00
  0.00000E+00   7.30771E+01   1.74268E+00
  0.00000E+00   7.03625E+01   1.77368E+00
  0.00000E+00   6.85939E+01   1.72157E+00
  0.00000E+00   6.77922E+01   1.71295E+00
  0.00000E+00   6.74411E+01   1.66754E+00
  0.00000E+00   6.64750E+01   1.57428E+00
  0.00000E+00   6.49611E+01   1.68059E+00
  0.00000E+00   6.32267E+01   1.95057E+00
  0.00000E+00   6.19536E+01   2.21766E+00
  0.00000E+00   6.13654E+01   2.38282E+00
  0.00000E+00   6.12213E+01   2.31449E+00
  0.00000E+00   6.11199E+01   2.08041E+00
  0.00000E+00   6.08777E+01   2.02942E+00
  0.00000E+00   6.02876E+01   1.91094E+00
  0.00000E+00   5.95604E+01   1.81434E+00
  0.00000E+00   5.87993E+01   1.72926E+00
  0.00000E+00   5.84298E+01   1.58724E+00
  0.00000E+00   5.80953E+01   1.45931E+00
  0.00000E+00   5.83979E+01   1.50076E+00
  0.00000E+00   5.82434E+01   1.57448E+00
  0.00000E+00   5.74580E+01   1.63096E+00
  0.00000E+00   5.65335E+01   1.74137E+00
  0.00000E+00   5.56753E+01   1.82900E+00
  0.00000E+00   5.52570E+01   1.82651E+00
  0.00000E+00   5.53161E+01   1.82552E+00
  0.00000E+00   5.52162E+01   1.86968E+00
  0.00000E+00   5.48562E+01   2.01552E+00
  0.00000E+00   5.46561E+01   2.00079E+00
  0.00000E+00   5.50126E+01   1.95723E+00
  0.00000E+00   5.56849E+01   1.88388E+00
  0.00000E+00   5.56079E+01   1.71235E+00
  0.00000E+00   5.51645E+01   1.49440E+00
  0.00000E+00   5.46134E+01   1.32083E+00
  0.00000E+00   5.35124E+01   1.16744E+00
  0.00000E+00   5.22334E+01   1.04684E+00
  0.00000E+00   5.12118E+01   8.68985E-01
  0.00000E+00   5.03442E+01   8.59458E-01
  0.00000E+00   4.98054E+01   7.97209E-01
  0.00000E+00   4.97333E+01   7.96614E-01
  0.00000E+00   4.98672E+01   8.93342E-01
  0.00000E+00   4.95519E+01   1.06505E+00
  0.00000E+00   4.86143E+01   1.07645E+00
  0.00000E+00   4.78135E+01   1.11576E+00
  0.00000E+00   4.73521E+01   1.03314E+00
  0.00000E+00   4.72638E+01   9.66333E-01
  0.00000E+00   4.70890E+01   8.90363E-01
  0.00000E+00   4.64740E+01   8.95641E-01
  0.00000E+00   4.51427E+01   1.05621E+00
  0.00000E+00   4.33780E+01   1.22160E+00
  0.00000E+00   4.19115E+01   1.29332E+00
  0.00000E+00   4.12744E+01   1.18310E+00
  0.00000E+00   4.15641E+01   1.07503E+00
  0.00000E+00   4.23580E+01   9.44540E-01
