  0.00000E+00  -1.65418E-04  -8.05632E-06
  0.00000E+00  -1.39419E-04  -7.16884E-06
  0.00000E+00  -8.78617E-05  -3.35695E-06
  0.00000E+00  -4.85895E-05  -1.84634E-06
  0.00000E+00  -2.31970E-05  -1.42085E-06
  0.00000E+00  -8.48578E-06  -1.59917E-06
  0.00000E+00  -1.25781E-06  -1.77258E-06
  0.00000E+00   1.53691E-06  -1.54360E-06
  0.00000E+00   2.12448E-06  -1.17441E-06
  0.00000E+00   1.83423E-06  -8.40864E-07
  0.00000E+00   1.45330E-06  -5.59064E-07
  0.00000E+00   1.26188E-06  -3.49762E-07
  0.00000E+00   1.14625E-06  -1.97364E-07
  0.00000E+00   1.01588E-06  -8.73555E-08
  0.00000E+00   8.88698E-07  -2.04680E-08
  0.00000E+00   7.72768E-07   1.22244E-08
  0.00000E+00   6.68361E-07   2.45172E-08
  0.00000E+00   5.96245E-07   2.40356E-08
  0.00000E+00   5.68480E-07   1.55073E-08
  0.00000E+00   5.70941E-07   1.77527E-09
  0.00000E+00   5.84411E-07  -1.50262E-08
  0.00000E+00   5.98764E-07  -3.25856E-08
  0.00000E+00   6.10028E-07  -4.96500E-08
  0.00000E+00   6.18277E-07  -6.57558E-08
  0.00000E+00   6.26347E-07  -7.91185E-08
  0.00000E+00   6.36780E-07  -8.68915E-08
  0.00000E+00   6.51143E-07  -8.83937E-08
  0.00000E+00   6.69562E-07  -8.61238E-08
  0.00000E+00   6.88623E-07  -8.26188E-08
  0.00000E+00   7.02854E-07  -7.79858E-08
  0.00000E+00   7.10447E-07  -7.12392E-08
  0.00000E+00   7.16414E-07  -6.26932E-08
  0.00000E+00   7.29697E-07  -5.42857E-08
  0.00000E+00   7.58000E-07  -4.82764E-08
  0.00000E+00   8.04710E-07  -4.63069E-08
  0.00000E+00   8.68179E-07  -4.92282E-08
  0.00000E+00   9.42018E-07  -5.68442E-08
  0.00000E+00   1.01672E-06  -6.77412E-08
  0.00000E+00   1.08334E-06  -7.99782E-08
  0.00000E+00   1.13757E-06  -9.20972E-08
  0.00000E+00   1.18092E-06  -1.03311E-07
  0.00000E+00   1.21835E-06  -1.12941E-07
  0.00000E+00   1.25480E-06  -1.20066E-07
  0.00000E+00   1.29332E-06  -1.23807E-07
  0.00000E+00   1.33515E-06  -1.23802E-07
  0.00000E+00   1.38019E-06  -1.20373E-07
  0.00000E+00   1.42750E-06  -1.14338E-07
  0.00000E+00   1.47582E-06  -1.06653E-07
  0.00000E+00   1.52438E-06  -9.80656E-08
  0.00000E+00   1.57356E-06  -8.89618E-08
  0.00000E+00   1.62458E-06  -7.95346E-08
  0.00000E+00   1.67878E-06  -7.00926E-08
  0.00000E+00   1.73672E-06  -6.11977E-08
  0.00000E+00   1.79753E-06  -5.34894E-08
  0.00000E+00   1.85880E-06  -4.73607E-08
  0.00000E+00   1.91763E-06  -4.27852E-08
  0.00000E+00   1.97288E-06  -3.94782E-08
  0.00000E+00   2.02699E-06  -3.73079E-08
  0.00000E+00   2.08540E-06  -3.66065E-08
  0.00000E+00   2.15356E-06  -3.80070E-08
  0.00000E+00   2.23356E-06  -4.18477E-08
  0.00000E+00   2.32299E-06  -4.76895E-08
  0.00000E+00   2.41664E-06  -5.44595E-08
  0.00000E+00   2.50979E-06  -6.10994E-08
  0.00000E+00   2.60098E-06  -6.70812E-08
  0.00000E+00   2.69257E-06  -7.23923E-08
  0.00000E+00   2.78896E-06  -7.72127E-08
  0.00000E+00   2.89417E-06  -8.16864E-08
  0.00000E+00   3.01015E-06  -8.59087E-08
  0.00000E+00   3.13643E-06  -9.00013E-08
  0.00000E+00   3.27066E-06  -9.41407E-08
  0.00000E+00   3.40940E-06  -9.84945E-08
  0.00000E+00   3.54898E-06  -1.03159E-07
  0.00000E+00   3.68712E-06  -1.08099E-07
  0.00000E+00   3.82518E-06  -1.12773E-07
  0.00000E+00   3.96986E-06  -1.15684E-07
  0.00000E+00   4.13093E-06  -1.15252E-07
  0.00000E+00   4.31315E-06  -1.12238E-07
  0.00000E+00   4.51025E-06  -1.10305E-07
  0.00000E+00   4.71018E-06  -1.12163E-07
  0.00000E+00   4.90687E-06  -1.16080E-07
  0.00000E+00   5.10619E-06  -1.18519E-07
  0.00000E+00   5.32212E-06  -1.19030E-07
  0.00000E+00   5.56672E-06  -1.20107E-07
  0.00000E+00   5.84114E-06  -1.23252E-07
  0.00000E+00   6.13540E-06  -1.27208E-07
  0.00000E+00   6.43657E-06  -1.29738E-07
  0.00000E+00   6.73765E-06  -1.29912E-07
  0.00000E+00   7.04005E-06  -1.28546E-07
  0.00000E+00   7.35064E-06  -1.26913E-07
  0.00000E+00   7.67782E-06  -1.25296E-07
  0.00000E+00   8.02855E-06  -1.22818E-07
  0.00000E+00   8.40631E-06  -1.18623E-07
  0.00000E+00   8.81065E-06  -1.12954E-07
  0.00000E+00   9.23843E-06  -1.06917E-07
  0.00000E+00   9.68507E-06  -1.01266E-07
  0.00000E+00   1.01447E-05  -9.55158E-08
  0.00000E+00   1.06112E-05  -8.82436E-08
  0.00000E+00   1.10817E-05  -7.84632E-08
  0.00000E+00   1.15602E-05  -6.70277E-08
  0.00000E+00   1.20584E-05  -5.67838E-08
  0.00000E+00   1.25907E-05  -5.11212E-08
  0.00000E+00   1.31684E-05  -5.19298E-08
  0.00000E+00   1.37955E-05  -5.84902E-08
  0.00000E+00   1.44686E-05  -6.80347E-08
  0.00000E+00   1.51808E-05  -7.75011E-08
  0.00000E+00   1.59246E-05  -8.53130E-08
  0.00000E+00   1.66936E-05  -9.20850E-08
  0.00000E+00   1.74845E-05  -9.98236E-08
  0.00000E+00   1.82973E-05  -1.10207E-07
  0.00000E+00   1.91375E-05  -1.23271E-07
  0.00000E+00   2.00154E-05  -1.37512E-07
  0.00000E+00   2.09435E-05  -1.51156E-07
  0.00000E+00   2.19320E-05  -1.63368E-07
  0.00000E+00   2.29861E-05  -1.74480E-07
  0.00000E+00   2.41045E-05  -1.85414E-07
  0.00000E+00   2.52814E-05  -1.97002E-07
  0.00000E+00   2.65097E-05  -2.09570E-07
  0.00000E+00   2.77848E-05  -2.22727E-07
  0.00000E+00   2.91082E-05  -2.35395E-07
  0.00000E+00   3.04881E-05  -2.46283E-07
  0.00000E+00   3.19387E-05  -2.54658E-07
  0.00000E+00   3.34746E-05  -2.60844E-07
  0.00000E+00   3.51060E-05  -2.65944E-07
  0.00000E+00   3.68348E-05  -2.71037E-07
  0.00000E+00   3.86563E-05  -2.76559E-07
  0.00000E+00   4.05637E-05  -2.82311E-07
  0.00000E+00   4.25543E-05  -2.87964E-07
  0.00000E+00   4.46326E-05  -2.93500E-07
  0.00000E+00   4.68092E-05  -2.99263E-07
  0.00000E+00   4.90978E-05  -3.05652E-07
  0.00000E+00   5.15113E-05  -3.12773E-07
  0.00000E+00   5.40599E-05  -3.20321E-07
  0.00000E+00   5.67504E-05  -3.27745E-07
  0.00000E+00   5.95867E-05  -3.34585E-07
  0.00000E+00   6.25720E-05  -3.40751E-07
  0.00000E+00   6.57094E-05  -3.46615E-07
  0.00000E+00   6.90036E-05  -3.52918E-07
  0.00000E+00   7.24614E-05  -3.60621E-07
  0.00000E+00   7.60920E-05  -3.70785E-07
  0.00000E+00   7.99058E-05  -3.84393E-07
  0.00000E+00   8.39133E-05  -4.02054E-07
  0.00000E+00   8.81242E-05  -4.23670E-07
  0.00000E+00   9.25472E-05  -4.48359E-07
  0.00000E+00   9.71913E-05  -4.74815E-07
  0.00000E+00   1.02068E-04  -5.01937E-07
  0.00000E+00   1.07192E-04  -5.29364E-07
  0.00000E+00   1.12582E-04  -5.57650E-07
  0.00000E+00   1.18256E-04  -5.88040E-07
  0.00000E+00   1.24233E-04  -6.22025E-07
  0.00000E+00   1.30531E-04  -6.60870E-07
  0.00000E+00   1.37161E-04  -7.05170E-07
  0.00000E+00   1.44138E-04  -7.54462E-07
  0.00000E+00   1.51469E-04  -8.07106E-07
  0.00000E+00   1.59169E-04  -8.60819E-07
  0.00000E+00   1.67252E-04  -9.13753E-07
  0.00000E+00   1.75737E-04  -9.65388E-07
  0.00000E+00   1.84650E-04  -1.01673E-06
  0.00000E+00   1.94019E-04  -1.06989E-06
  0.00000E+00   2.03876E-04  -1.12720E-06
  0.00000E+00   2.14251E-04  -1.19003E-06
  0.00000E+00   2.25175E-04  -1.25778E-06
  0.00000E+00   2.36680E-04  -1.32799E-06
  0.00000E+00   2.48797E-04  -1.39756E-06
  0.00000E+00   2.61556E-04  -1.46416E-06
  0.00000E+00   2.74989E-04  -1.52681E-06
  0.00000E+00   2.89123E-04  -1.58586E-06
  0.00000E+00   3.03985E-04  -1.64275E-06
  0.00000E+00   3.19605E-04  -1.69954E-06
  0.00000E+00   3.36021E-04  -1.75845E-06
  0.00000E+00   3.53275E-04  -1.82117E-06
  0.00000E+00   3.71419E-04  -1.88852E-06
  0.00000E+00   3.90510E-04  -1.96040E-06
  0.00000E+00   4.10605E-04  -2.03622E-06
  0.00000E+00   4.31766E-04  -2.11538E-06
  0.00000E+00   4.54053E-04  -2.19781E-06
  0.00000E+00   4.77525E-04  -2.28405E-06
  0.00000E+00   5.02240E-04  -2.37512E-06
  0.00000E+00   5.28258E-04  -2.47217E-06
  0.00000E+00   5.55642E-04  -2.57622E-06
  0.00000E+00   5.84456E-04  -2.68782E-06
  0.00000E+00   6.14771E-04  -2.80700E-06
  0.00000E+00   6.46662E-04  -2.93342E-06
  0.00000E+00   6.80216E-04  -3.06678E-06
  0.00000E+00   7.15523E-04  -3.20718E-06
  0.00000E+00   7.52684E-04  -3.35538E-06
  0.00000E+00   7.91805E-04  -3.51268E-06
  0.00000E+00   8.32995E-04  -3.68067E-06
  0.00000E+00   8.76367E-04  -3.86082E-06
  0.00000E+00   9.22038E-04  -4.05414E-06
  0.00000E+00   9.70124E-04  -4.26113E-06
  0.00000E+00   1.02075E-03  -4.48182E-06
  0.00000E+00   1.07405E-03  -4.71591E-06
  0.00000E+00   1.13015E-03  -4.96301E-06
  0.00000E+00   1.18920E-03  -5.22270E-06
  0.00000E+00   1.25136E-03  -5.49468E-06
  0.00000E+00   1.31680E-03  -5.77888E-06
  0.00000E+00   1.38567E-03  -6.07549E-06
  0.00000E+00   1.45818E-03  -6.38493E-06
  0.00000E+00   1.53452E-03  -6.70782E-06
  0.00000E+00   1.61488E-03  -7.04480E-06
  0.00000E+00   1.69950E-03  -7.39638E-06
  0.00000E+00   1.78860E-03  -7.76289E-06
  0.00000E+00   1.88241E-03  -8.14444E-06
  0.00000E+00   1.98118E-03  -8.54113E-06
  0.00000E+00   2.08517E-03  -8.95314E-06
  0.00000E+00   2.19466E-03  -9.38088E-06
  0.00000E+00   2.30993E-03  -9.82497E-06
  0.00000E+00   2.43128E-03  -1.02861E-05
  0.00000E+00   2.55905E-03  -1.07651E-05
  0.00000E+00   2.69357E-03  -1.12626E-05
  0.00000E+00   2.83519E-03  -1.17799E-05
  0.00000E+00   2.98430E-03  -1.23183E-05
  0.00000E+00   3.14130E-03  -1.28801E-05
  0.00000E+00   3.30660E-03  -1.34680E-05
  0.00000E+00   3.48064E-03  -1.40857E-05
  0.00000E+00   3.66388E-03  -1.47368E-05
  0.00000E+00   3.85680E-03  -1.54247E-05
  0.00000E+00   4.05992E-03  -1.61527E-05
  0.00000E+00   4.27376E-03  -1.69230E-05
  0.00000E+00   4.49890E-03  -1.77379E-05
  0.00000E+00   4.73592E-03  -1.85998E-05
  0.00000E+00   4.98545E-03  -1.95111E-05
  0.00000E+00   5.24815E-03  -2.04738E-05
  0.00000E+00   5.52471E-03  -2.14895E-05
  0.00000E+00   5.81585E-03  -2.25590E-05
  0.00000E+00   6.12234E-03  -2.36834E-05
  0.00000E+00   6.44497E-03  -2.48643E-05
  0.00000E+00   6.78458E-03  -2.61041E-05
  0.00000E+00   7.14206E-03  -2.74068E-05
  0.00000E+00   7.51834E-03  -2.87767E-05
  0.00000E+00   7.91439E-03  -3.02187E-05
  0.00000E+00   8.33126E-03  -3.17378E-05
  0.00000E+00   8.77002E-03  -3.33391E-05
  0.00000E+00   9.23181E-03  -3.50279E-05
  0.00000E+00   9.71783E-03  -3.68092E-05
  0.00000E+00   1.02293E-02  -3.86871E-05
  0.00000E+00   1.07676E-02  -4.06653E-05
  0.00000E+00   1.13341E-02  -4.27461E-05
  0.00000E+00   1.19302E-02  -4.49311E-05
  0.00000E+00   1.25574E-02  -4.72211E-05
  0.00000E+00   1.32172E-02  -4.96173E-05
  0.00000E+00   1.39115E-02  -5.21211E-05
  0.00000E+00   1.46419E-02  -5.47351E-05
  0.00000E+00   1.54101E-02  -5.74632E-05
  0.00000E+00   1.62183E-02  -6.03114E-05
  0.00000E+00   1.70683E-02  -6.32873E-05
  0.00000E+00   1.79622E-02  -6.63999E-05
  0.00000E+00   1.89023E-02  -6.96595E-05
  0.00000E+00   1.98909E-02  -7.30766E-05
  0.00000E+00   2.09304E-02  -7.66617E-05
  0.00000E+00   2.20234E-02  -8.04248E-05
  0.00000E+00   2.31724E-02  -8.43751E-05
  0.00000E+00   2.43803E-02  -8.85215E-05
  0.00000E+00   2.56499E-02  -9.28725E-05
  0.00000E+00   2.69843E-02  -9.74370E-05
  0.00000E+00   2.83867E-02  -1.02225E-04
  0.00000E+00   2.98603E-02  -1.07247E-04
  0.00000E+00   3.14085E-02  -1.12517E-04
  0.00000E+00   3.30350E-02  -1.18049E-04
  0.00000E+00   3.47434E-02  -1.23861E-04
  0.00000E+00   3.65377E-02  -1.29970E-04
  0.00000E+00   3.84220E-02  -1.36395E-04
  0.00000E+00   4.04004E-02  -1.43152E-04
  0.00000E+00   4.24775E-02  -1.50261E-04
  0.00000E+00   4.46577E-02  -1.57736E-04
  0.00000E+00   4.69459E-02  -1.65593E-04
  0.00000E+00   4.93470E-02  -1.73846E-04
  0.00000E+00   5.18662E-02  -1.82510E-04
  0.00000E+00   5.45090E-02  -1.91600E-04
  0.00000E+00   5.72809E-02  -2.01136E-04
  0.00000E+00   6.01876E-02  -2.11137E-04
  0.00000E+00   6.32352E-02  -2.21630E-04
  0.00000E+00   6.64300E-02  -2.32643E-04
  0.00000E+00   6.97784E-02  -2.44206E-04
  0.00000E+00   7.32871E-02  -2.56351E-04
  0.00000E+00   7.69630E-02  -2.69112E-04
  0.00000E+00   8.08133E-02  -2.82521E-04
  0.00000E+00   8.48454E-02  -2.96607E-04
  0.00000E+00   8.90669E-02  -3.11399E-04
  0.00000E+00   9.34858E-02  -3.26923E-04
  0.00000E+00   9.81103E-02  -3.43202E-04
  0.00000E+00   1.02949E-01  -3.60263E-04
  0.00000E+00   1.08010E-01  -3.78130E-04
  0.00000E+00   1.13302E-01  -3.96836E-04
  0.00000E+00   1.18835E-01  -4.16412E-04
  0.00000E+00   1.24619E-01  -4.36899E-04
  0.00000E+00   1.30662E-01  -4.58339E-04
  0.00000E+00   1.36975E-01  -4.80779E-04
  0.00000E+00   1.43569E-01  -5.04271E-04
  0.00000E+00   1.50453E-01  -5.28865E-04
  0.00000E+00   1.57639E-01  -5.54614E-04
  0.00000E+00   1.65137E-01  -5.81568E-04
  0.00000E+00   1.72960E-01  -6.09776E-04
  0.00000E+00   1.81118E-01  -6.39289E-04
  0.00000E+00   1.89623E-01  -6.70154E-04
  0.00000E+00   1.98487E-01  -7.02421E-04
  0.00000E+00   2.07723E-01  -7.36139E-04
  0.00000E+00   2.17343E-01  -7.71363E-04
  0.00000E+00   2.27360E-01  -8.08150E-04
  0.00000E+00   2.37786E-01  -8.46558E-04
  0.00000E+00   2.48636E-01  -8.86652E-04
  0.00000E+00   2.59921E-01  -9.28495E-04
  0.00000E+00   2.71657E-01  -9.72151E-04
  0.00000E+00   2.83855E-01  -1.01768E-03
  0.00000E+00   2.96530E-01  -1.06513E-03
  0.00000E+00   3.09696E-01  -1.11456E-03
  0.00000E+00   3.23366E-01  -1.16598E-03
  0.00000E+00   3.37555E-01  -1.21943E-03
  0.00000E+00   3.52277E-01  -1.27490E-03
  0.00000E+00   3.67544E-01  -1.33239E-03
  0.00000E+00   3.83372E-01  -1.39185E-03
  0.00000E+00   3.99773E-01  -1.45325E-03
  0.00000E+00   4.16761E-01  -1.51652E-03
  0.00000E+00   4.34350E-01  -1.58156E-03
  0.00000E+00   4.52552E-01  -1.64826E-03
  0.00000E+00   4.71381E-01  -1.71649E-03
  0.00000E+00   4.90847E-01  -1.78607E-03
  0.00000E+00   5.10963E-01  -1.85682E-03
  0.00000E+00   5.31739E-01  -1.92850E-03
  0.00000E+00   5.53185E-01  -2.00088E-03
  0.00000E+00   5.75310E-01  -2.07367E-03
  0.00000E+00   5.98122E-01  -2.14659E-03
  0.00000E+00   6.21627E-01  -2.21933E-03
  0.00000E+00   6.45829E-01  -2.29157E-03
  0.00000E+00   6.70730E-01  -2.36297E-03
  0.00000E+00   6.96330E-01  -2.43320E-03
  0.00000E+00   7.22626E-01  -2.50188E-03
  0.00000E+00   7.49609E-01  -2.56862E-03
  0.00000E+00   7.77268E-01  -2.63301E-03
  0.00000E+00   8.05586E-01  -2.69459E-03
  0.00000E+00   8.34538E-01  -2.75287E-03
  0.00000E+00   8.64093E-01  -2.80737E-03
  0.00000E+00   8.94207E-01  -2.85761E-03
  0.00000E+00   9.24827E-01  -2.90321E-03
  0.00000E+00   9.55882E-01  -2.94395E-03
  0.00000E+00   9.87285E-01  -2.97988E-03
  0.00000E+00   1.01893E+00  -3.01146E-03
  0.00000E+00   1.05066E+00  -3.03973E-03
  0.00000E+00   1.08233E+00  -3.06650E-03
  0.00000E+00   1.11371E+00  -3.09462E-03
  0.00000E+00   1.14455E+00  -3.12821E-03
  0.00000E+00   1.17453E+00  -3.17292E-03
  0.00000E+00   1.20328E+00  -3.23601E-03
  0.00000E+00   1.23038E+00  -3.32610E-03
  0.00000E+00   1.25532E+00  -3.45243E-03
  0.00000E+00   1.27759E+00  -3.62327E-03
  0.00000E+00   1.29666E+00  -3.84344E-03
  0.00000E+00   1.31201E+00  -4.11096E-03
  0.00000E+00   1.32326E+00  -4.41345E-03
  0.00000E+00   1.33015E+00  -4.72507E-03
  0.00000E+00   1.33263E+00  -5.00543E-03
  0.00000E+00   1.33084E+00  -5.20173E-03
  0.00000E+00   1.32512E+00  -5.25573E-03
  0.00000E+00   1.31597E+00  -5.11606E-03
  0.00000E+00   1.30405E+00  -4.75273E-03
  0.00000E+00   1.29012E+00  -4.16493E-03
  0.00000E+00   1.27496E+00  -3.37643E-03
  0.00000E+00   1.25932E+00  -2.42568E-03
  0.00000E+00   1.24380E+00  -1.36178E-03
  0.00000E+00   1.22888E+00  -2.46676E-04
  0.00000E+00   1.21489E+00   8.43755E-04
  0.00000E+00   1.20212E+00   1.82350E-03
  0.00000E+00   1.19083E+00   2.60932E-03
  0.00000E+00   1.18135E+00   3.13866E-03
  0.00000E+00   1.17404E+00   3.37177E-03
  0.00000E+00   1.16938E+00   3.27890E-03
  0.00000E+00   1.16789E+00   2.84181E-03
  0.00000E+00   1.17011E+00   2.07300E-03
  0.00000E+00   1.17656E+00   1.03109E-03
  0.00000E+00   1.18757E+00  -1.84719E-04
  0.00000E+00   1.20316E+00  -1.45840E-03
  0.00000E+00   1.22277E+00  -2.67075E-03
  0.00000E+00   1.24553E+00  -3.72343E-03
  0.00000E+00   1.27046E+00  -4.58511E-03
  0.00000E+00   1.29671E+00  -5.27085E-03
  0.00000E+00   1.32354E+00  -5.79410E-03
  0.00000E+00   1.35018E+00  -6.14961E-03
  0.00000E+00   1.37530E+00  -6.26449E-03
  0.00000E+00   1.39726E+00  -5.96692E-03
  0.00000E+00   1.41465E+00  -5.07482E-03
  0.00000E+00   1.42655E+00  -3.57581E-03
  0.00000E+00   1.43246E+00  -1.58528E-03
  0.00000E+00   1.43193E+00   9.34159E-04
  0.00000E+00   1.42411E+00   4.40635E-03
  0.00000E+00   1.40756E+00   9.43316E-03
  0.00000E+00   1.38068E+00   1.61886E-02
  0.00000E+00   1.34211E+00   2.43125E-02
  0.00000E+00   1.29111E+00   3.31731E-02
  0.00000E+00   1.22794E+00   4.19088E-02
  0.00000E+00   1.15424E+00   4.95137E-02
  0.00000E+00   1.07303E+00   5.49166E-02
  0.00000E+00   9.87976E-01   5.72241E-02
  0.00000E+00   9.02860E-01   5.60966E-02
  0.00000E+00   8.20864E-01   5.16078E-02
  0.00000E+00   7.43879E-01   4.35879E-02
  0.00000E+00   6.72558E-01   3.24577E-02
  0.00000E+00   6.07829E-01   1.98257E-02
  0.00000E+00   5.51098E-01   7.82232E-03
  0.00000E+00   5.02275E-01  -1.55086E-03
  0.00000E+00   4.59476E-01  -7.07279E-03
  0.00000E+00   4.20849E-01  -8.83181E-03
  0.00000E+00   3.85463E-01  -7.88702E-03
  0.00000E+00   3.52970E-01  -5.50087E-03
  0.00000E+00   3.23161E-01  -2.77255E-03
  0.00000E+00   2.95906E-01  -6.12622E-04
  0.00000E+00   2.71278E-01   3.69679E-04
  0.00000E+00   2.49523E-01   3.28727E-05
  0.00000E+00   2.30862E-01  -1.32886E-03
  0.00000E+00   2.15294E-01  -3.20831E-03
  0.00000E+00   2.02546E-01  -5.14916E-03
  0.00000E+00   1.92136E-01  -6.86632E-03
  0.00000E+00   1.83518E-01  -8.19916E-03
  0.00000E+00   1.76273E-01  -9.06168E-03
  0.00000E+00   1.70123E-01  -9.47165E-03
  0.00000E+00   1.64817E-01  -9.56229E-03
  0.00000E+00   1.60127E-01  -9.51153E-03
  0.00000E+00   1.55898E-01  -9.46762E-03
  0.00000E+00   1.52034E-01  -9.53061E-03
  0.00000E+00   1.48448E-01  -9.75474E-03
  0.00000E+00   1.45057E-01  -1.01385E-02
  0.00000E+00   1.41799E-01  -1.06239E-02
  0.00000E+00   1.38644E-01  -1.11181E-02
  0.00000E+00   1.35592E-01  -1.15144E-02
  0.00000E+00   1.32650E-01  -1.17068E-02
  0.00000E+00   1.29819E-01  -1.16078E-02
  0.00000E+00   1.27088E-01  -1.11701E-02
  0.00000E+00   1.24452E-01  -1.03982E-02
  0.00000E+00   1.21918E-01  -9.34214E-03
  0.00000E+00   1.19502E-01  -8.07752E-03
  0.00000E+00   1.17217E-01  -6.68343E-03
  0.00000E+00   1.15068E-01  -5.22682E-03
  0.00000E+00   1.13050E-01  -3.75810E-03
  0.00000E+00   1.11148E-01  -2.31488E-03
  0.00000E+00   1.09341E-01  -9.27599E-04
  0.00000E+00   1.07605E-01   3.77467E-04
  0.00000E+00   1.05910E-01   1.57789E-03
  0.00000E+00   1.04226E-01   2.65484E-03
  0.00000E+00   1.02530E-01   3.59219E-03
  0.00000E+00   1.00805E-01   4.37541E-03
  0.00000E+00   9.90511E-02   4.99073E-03
  0.00000E+00   9.72759E-02   5.42498E-03
  0.00000E+00   9.54904E-02   5.66688E-03
  0.00000E+00   9.37033E-02   5.71021E-03
  0.00000E+00   9.19195E-02   5.55748E-03
  0.00000E+00   9.01396E-02   5.22251E-03
  0.00000E+00   8.83564E-02   4.73016E-03
  0.00000E+00   8.65527E-02   4.11334E-03
  0.00000E+00   8.46999E-02   3.40882E-03
  0.00000E+00   8.27634E-02   2.65376E-03
  0.00000E+00   8.07104E-02   1.88405E-03
  0.00000E+00   7.85192E-02   1.13386E-03
  0.00000E+00   7.61856E-02   4.35055E-04
  0.00000E+00   7.37244E-02  -1.84598E-04
  0.00000E+00   7.11667E-02  -7.04024E-04
  0.00000E+00   6.85542E-02  -1.11068E-03
  0.00000E+00   6.59335E-02  -1.40063E-03
  0.00000E+00   6.33507E-02  -1.57713E-03
  0.00000E+00   6.08474E-02  -1.64884E-03
  0.00000E+00   5.84586E-02  -1.62822E-03
  0.00000E+00   5.62112E-02  -1.53026E-03
  0.00000E+00   5.41249E-02  -1.37119E-03
  0.00000E+00   5.22121E-02  -1.16731E-03
  0.00000E+00   5.04792E-02  -9.33916E-04
  0.00000E+00   4.89259E-02  -6.84593E-04
  0.00000E+00   4.75463E-02  -4.30733E-04
  0.00000E+00   4.63285E-02  -1.81484E-04
  0.00000E+00   4.52558E-02   5.60262E-05
  0.00000E+00   4.43078E-02   2.76278E-04
  0.00000E+00   4.34626E-02   4.74903E-04
  0.00000E+00   4.26979E-02   6.48320E-04
  0.00000E+00   4.19927E-02   7.93520E-04
  0.00000E+00   4.13288E-02   9.08027E-04
  0.00000E+00   4.06910E-02   9.89961E-04
  0.00000E+00   4.00681E-02   1.03816E-03
  0.00000E+00   3.94523E-02   1.05232E-03
  0.00000E+00   3.88392E-02   1.03317E-03
  0.00000E+00   3.82270E-02   9.82593E-04
  0.00000E+00   3.76161E-02   9.03696E-04
  0.00000E+00   3.70087E-02   8.00800E-04
  0.00000E+00   3.64078E-02   6.79292E-04
  0.00000E+00   3.58174E-02   5.45387E-04
  0.00000E+00   3.52413E-02   4.05841E-04
  0.00000E+00   3.46840E-02   2.67620E-04
  0.00000E+00   3.41493E-02   1.37554E-04
  0.00000E+00   3.36410E-02   2.19502E-05
  0.00000E+00   3.31618E-02  -7.38242E-05
  0.00000E+00   3.27132E-02  -1.45774E-04
  0.00000E+00   3.22952E-02  -1.91685E-04
  0.00000E+00   3.19058E-02  -2.11435E-04
  0.00000E+00   3.15411E-02  -2.07125E-04
  0.00000E+00   3.11956E-02  -1.82958E-04
  0.00000E+00   3.08627E-02  -1.44840E-04
  0.00000E+00   3.05350E-02  -9.97437E-05
  0.00000E+00   3.02057E-02  -5.49351E-05
  0.00000E+00   2.98683E-02  -1.71919E-05
  0.00000E+00   2.95183E-02   7.86604E-06
  0.00000E+00   2.91527E-02   1.62488E-05
  0.00000E+00   2.87707E-02   5.83943E-06
  0.00000E+00   2.83732E-02  -2.35811E-05
  0.00000E+00   2.79628E-02  -7.04820E-05
  0.00000E+00   2.75429E-02  -1.31847E-04
  0.00000E+00   2.71177E-02  -2.03511E-04
  0.00000E+00   2.66913E-02  -2.80530E-04
  0.00000E+00   2.62678E-02  -3.57595E-04
  0.00000E+00   2.58509E-02  -4.29448E-04
  0.00000E+00   2.54443E-02  -4.91302E-04
  0.00000E+00   2.50514E-02  -5.39219E-04
  0.00000E+00   2.46752E-02  -5.70401E-04
  0.00000E+00   2.43182E-02  -5.83353E-04
  0.00000E+00   2.39820E-02  -5.77889E-04
  0.00000E+00   2.36672E-02  -5.54995E-04
  0.00000E+00   2.33737E-02  -5.16579E-04
  0.00000E+00   2.31003E-02  -4.65175E-04
  0.00000E+00   2.28453E-02  -4.03662E-04
  0.00000E+00   2.26065E-02  -3.35044E-04
  0.00000E+00   2.23817E-02  -2.62316E-04
  0.00000E+00   2.21684E-02  -1.88392E-04
  0.00000E+00   2.19642E-02  -1.16077E-04
  0.00000E+00   2.17670E-02  -4.80576E-05
  0.00000E+00   2.15748E-02   1.31355E-05
  0.00000E+00   2.13856E-02   6.51831E-05
  0.00000E+00   2.11978E-02   1.06061E-04
  0.00000E+00   2.10100E-02   1.34134E-04
  0.00000E+00   2.08211E-02   1.48249E-04
  0.00000E+00   2.06303E-02   1.47810E-04
  0.00000E+00   2.04369E-02   1.32827E-04
  0.00000E+00   2.02409E-02   1.03937E-04
  0.00000E+00   2.00423E-02   6.23717E-05
  0.00000E+00   1.98415E-02   9.89679E-06
  0.00000E+00   1.96389E-02  -5.13042E-05
  0.00000E+00   1.94348E-02  -1.18773E-04
  0.00000E+00   1.92297E-02  -1.89946E-04
  0.00000E+00   1.90235E-02  -2.62319E-04
  0.00000E+00   1.88164E-02  -3.33592E-04
  0.00000E+00   1.86079E-02  -4.01785E-04
  0.00000E+00   1.83981E-02  -4.65288E-04
  0.00000E+00   1.81865E-02  -5.22891E-04
  0.00000E+00   1.79733E-02  -5.73771E-04
  0.00000E+00   1.77583E-02  -6.17467E-04
  0.00000E+00   1.75415E-02  -6.53843E-04
  0.00000E+00   1.73229E-02  -6.83040E-04
  0.00000E+00   1.71022E-02  -7.05426E-04
  0.00000E+00   1.68793E-02  -7.21517E-04
  0.00000E+00   1.66538E-02  -7.31907E-04
  0.00000E+00   1.64253E-02  -7.37184E-04
  0.00000E+00   1.61933E-02  -7.37860E-04
  0.00000E+00   1.59577E-02  -7.34330E-04
  0.00000E+00   1.57182E-02  -7.26854E-04
  0.00000E+00   1.54750E-02  -7.15571E-04
  0.00000E+00   1.52285E-02  -7.00552E-04
  0.00000E+00   1.49792E-02  -6.81845E-04
  0.00000E+00   1.47279E-02  -6.59541E-04
  0.00000E+00   1.44754E-02  -6.33805E-04
  0.00000E+00   1.42229E-02  -6.04897E-04
  0.00000E+00   1.39714E-02  -5.73169E-04
  0.00000E+00   1.37219E-02  -5.39044E-04
  0.00000E+00   1.34757E-02  -5.02997E-04
  0.00000E+00   1.32339E-02  -4.65534E-04
  0.00000E+00   1.29976E-02  -4.27171E-04
  0.00000E+00   1.27678E-02  -3.88423E-04
  0.00000E+00   1.25456E-02  -3.49782E-04
  0.00000E+00   1.23318E-02  -3.11702E-04
  0.00000E+00   1.21269E-02  -2.74574E-04
  0.00000E+00   1.19314E-02  -2.38719E-04
  0.00000E+00   1.17454E-02  -2.04379E-04
  0.00000E+00   1.15689E-02  -1.71726E-04
  0.00000E+00   1.14017E-02  -1.40873E-04
  0.00000E+00   1.12435E-02  -1.11887E-04
  0.00000E+00   1.10938E-02  -8.48086E-05
  0.00000E+00   1.09522E-02  -5.96489E-05
  0.00000E+00   1.08181E-02  -3.63977E-05
  0.00000E+00   1.06911E-02  -1.50190E-05
  0.00000E+00   1.05707E-02   4.55007E-06
  0.00000E+00   1.04563E-02   2.23977E-05
  0.00000E+00   1.03473E-02   3.86315E-05
  0.00000E+00   1.02431E-02   5.33692E-05
  0.00000E+00   1.01432E-02   6.67269E-05
  0.00000E+00   1.00470E-02   7.88068E-05
  0.00000E+00   9.95381E-03   8.96862E-05
  0.00000E+00   9.86313E-03   9.94094E-05
  0.00000E+00   9.77435E-03   1.07983E-04
  0.00000E+00   9.68690E-03   1.15380E-04
  0.00000E+00   9.60023E-03   1.21540E-04
  0.00000E+00   9.51390E-03   1.26392E-04
  0.00000E+00   9.42752E-03   1.29864E-04
  0.00000E+00   9.34087E-03   1.31909E-04
  0.00000E+00   9.25385E-03   1.32516E-04
  0.00000E+00   9.16654E-03   1.31727E-04
  0.00000E+00   9.07912E-03   1.29641E-04
  0.00000E+00   8.99191E-03   1.26417E-04
  0.00000E+00   8.90529E-03   1.22267E-04
  0.00000E+00   8.81965E-03   1.17442E-04
  0.00000E+00   8.73539E-03   1.12222E-04
  0.00000E+00   8.65284E-03   1.06886E-04
  0.00000E+00   8.57230E-03   1.01703E-04
  0.00000E+00   8.49401E-03   9.69010E-05
  0.00000E+00   8.41812E-03   9.26589E-05
  0.00000E+00   8.34477E-03   8.90904E-05
  0.00000E+00   8.27405E-03   8.62437E-05
  0.00000E+00   8.20602E-03   8.41062E-05
  0.00000E+00   8.14071E-03   8.26176E-05
  0.00000E+00   8.07815E-03   8.16872E-05
  0.00000E+00   8.01833E-03   8.12131E-05
  0.00000E+00   7.96121E-03   8.10996E-05
  0.00000E+00   7.90672E-03   8.12701E-05
  0.00000E+00   7.85475E-03   8.16746E-05
  0.00000E+00   7.80518E-03   8.22906E-05
  0.00000E+00   7.75785E-03   8.31198E-05
  0.00000E+00   7.71258E-03   8.41801E-05
  0.00000E+00   7.66917E-03   8.54973E-05
  0.00000E+00   7.62743E-03   8.70951E-05
  0.00000E+00   7.58714E-03   8.89879E-05
  0.00000E+00   7.54807E-03   9.11756E-05
  0.00000E+00   7.51000E-03   9.36415E-05
  0.00000E+00   7.47270E-03   9.63532E-05
  0.00000E+00   7.43592E-03   9.92660E-05
  0.00000E+00   7.39947E-03   1.02328E-04
  0.00000E+00   7.36312E-03   1.05485E-04
  0.00000E+00   7.32667E-03   1.08684E-04
  0.00000E+00   7.28994E-03   1.11877E-04
  0.00000E+00   7.25279E-03   1.15022E-04
  0.00000E+00   7.21508E-03   1.18080E-04
  0.00000E+00   7.17671E-03   1.21015E-04
  0.00000E+00   7.13763E-03   1.23793E-04
  0.00000E+00   7.09783E-03   1.26375E-04
  0.00000E+00   7.05732E-03   1.28719E-04
  0.00000E+00   7.01616E-03   1.30779E-04
  0.00000E+00   6.97443E-03   1.32501E-04
  0.00000E+00   6.93221E-03   1.33836E-04
  0.00000E+00   6.88961E-03   1.34732E-04
  0.00000E+00   6.84670E-03   1.35150E-04
  0.00000E+00   6.80355E-03   1.35059E-04
  0.00000E+00   6.76024E-03   1.34445E-04
  0.00000E+00   6.71682E-03   1.33307E-04
  0.00000E+00   6.67335E-03   1.31656E-04
  0.00000E+00   6.62991E-03   1.29513E-04
  0.00000E+00   6.58661E-03   1.26905E-04
  0.00000E+00   6.54355E-03   1.23862E-04
  0.00000E+00   6.50090E-03   1.20420E-04
  0.00000E+00   6.45884E-03   1.16624E-04
  0.00000E+00   6.41758E-03   1.12527E-04
  0.00000E+00   6.37734E-03   1.08202E-04
  0.00000E+00   6.33836E-03   1.03737E-04
  0.00000E+00   6.30089E-03   9.92379E-05
  0.00000E+00   6.26517E-03   9.48278E-05
  0.00000E+00   6.23142E-03   9.06371E-05
  0.00000E+00   6.19985E-03   8.67962E-05
  0.00000E+00   6.17064E-03   8.34251E-05
  0.00000E+00   6.14393E-03   8.06224E-05
  0.00000E+00   6.11984E-03   7.84567E-05
  0.00000E+00   6.09843E-03   7.69595E-05
  0.00000E+00   6.07972E-03   7.61227E-05
  0.00000E+00   6.06374E-03   7.58982E-05
  0.00000E+00   6.05044E-03   7.62029E-05
  0.00000E+00   6.03980E-03   7.69251E-05
  0.00000E+00   6.03177E-03   7.79338E-05
  0.00000E+00   6.02632E-03   7.90884E-05
  0.00000E+00   6.02341E-03   8.02483E-05
  0.00000E+00   6.02301E-03   8.12819E-05
  0.00000E+00   6.02510E-03   8.20735E-05
  0.00000E+00   6.02965E-03   8.25273E-05
  0.00000E+00   6.03665E-03   8.25699E-05
  0.00000E+00   6.04606E-03   8.21487E-05
  0.00000E+00   6.05784E-03   8.12297E-05
  0.00000E+00   6.07193E-03   7.97918E-05
  0.00000E+00   6.08824E-03   7.78217E-05
  0.00000E+00   6.10667E-03   7.53084E-05
  0.00000E+00   6.12709E-03   7.22384E-05
  0.00000E+00   6.14934E-03   6.85935E-05
  0.00000E+00   6.17324E-03   6.43498E-05
  0.00000E+00   6.19859E-03   5.94798E-05
  0.00000E+00   6.22518E-03   5.39554E-05
  0.00000E+00   6.25275E-03   4.77529E-05
  0.00000E+00   6.28104E-03   4.08578E-05
  0.00000E+00   6.30980E-03   3.32697E-05
  0.00000E+00   6.33873E-03   2.50066E-05
  0.00000E+00   6.36756E-03   1.61068E-05
  0.00000E+00   6.39600E-03   6.63123E-06
  0.00000E+00   6.42379E-03  -3.33786E-06
  0.00000E+00   6.45065E-03  -1.36978E-05
  0.00000E+00   6.47634E-03  -2.43282E-05
  0.00000E+00   6.50066E-03  -3.50945E-05
  0.00000E+00   6.52340E-03  -4.58513E-05
  0.00000E+00   6.54441E-03  -5.64458E-05
  0.00000E+00   6.56358E-03  -6.67217E-05
  0.00000E+00   6.58082E-03  -7.65222E-05
  0.00000E+00   6.59612E-03  -8.56929E-05
  0.00000E+00   6.60945E-03  -9.40850E-05
  0.00000E+00   6.62087E-03  -1.01559E-04
  0.00000E+00   6.63045E-03  -1.07985E-04
  0.00000E+00   6.63827E-03  -1.13252E-04
  0.00000E+00   6.64446E-03  -1.17261E-04
  0.00000E+00   6.64917E-03  -1.19936E-04
  0.00000E+00   6.65253E-03  -1.21219E-04
  0.00000E+00   6.65474E-03  -1.21073E-04
  0.00000E+00   6.65596E-03  -1.19480E-04
  0.00000E+00   6.65640E-03  -1.16441E-04
  0.00000E+00   6.65625E-03  -1.11973E-04
  0.00000E+00   6.65572E-03  -1.06110E-04
  0.00000E+00   6.65502E-03  -9.88998E-05
  0.00000E+00   6.65436E-03  -9.04052E-05
  0.00000E+00   6.65396E-03  -8.07035E-05
  0.00000E+00   6.65401E-03  -6.98858E-05
  0.00000E+00   6.65474E-03  -5.80576E-05
  0.00000E+00   6.65633E-03  -4.53383E-05
  0.00000E+00   6.65901E-03  -3.18614E-05
  0.00000E+00   6.66297E-03  -1.77733E-05
  0.00000E+00   6.66842E-03  -3.23317E-06
  0.00000E+00   6.67559E-03   1.15885E-05
  0.00000E+00   6.68467E-03   2.65112E-05
  0.00000E+00   6.69590E-03   4.13463E-05
  0.00000E+00   6.70948E-03   5.58995E-05
  0.00000E+00   6.72563E-03   6.99740E-05
  0.00000E+00   6.74455E-03   8.33744E-05
  0.00000E+00   6.76643E-03   9.59101E-05
  0.00000E+00   6.79145E-03   1.07400E-04
  0.00000E+00   6.81978E-03   1.17675E-04
  0.00000E+00   6.85154E-03   1.26584E-04
  0.00000E+00   6.88686E-03   1.33994E-04
  0.00000E+00   6.92584E-03   1.39794E-04
  0.00000E+00   6.96853E-03   1.43895E-04
  0.00000E+00   7.01498E-03   1.46229E-04
  0.00000E+00   7.06522E-03   1.46754E-04
  0.00000E+00   7.11925E-03   1.45449E-04
  0.00000E+00   7.17705E-03   1.42311E-04
  0.00000E+00   7.23859E-03   1.37360E-04
  0.00000E+00   7.30382E-03   1.30631E-04
  0.00000E+00   7.37267E-03   1.22176E-04
  0.00000E+00   7.44508E-03   1.12060E-04
  0.00000E+00   7.52094E-03   1.00358E-04
  0.00000E+00   7.60015E-03   8.71564E-05
  0.00000E+00   7.68261E-03   7.25466E-05
  0.00000E+00   7.76817E-03   5.66276E-05
  0.00000E+00   7.85670E-03   3.95038E-05
  0.00000E+00   7.94804E-03   2.12861E-05
  0.00000E+00   8.04204E-03   2.09268E-06
  0.00000E+00   8.13851E-03  -1.79488E-05
  0.00000E+00   8.23727E-03  -3.86994E-05
  0.00000E+00   8.33813E-03  -6.00069E-05
  0.00000E+00   8.44089E-03  -8.17047E-05
  0.00000E+00   8.54533E-03  -1.03610E-04
  0.00000E+00   8.65125E-03  -1.25528E-04
  0.00000E+00   8.75841E-03  -1.47247E-04
  0.00000E+00   8.86661E-03  -1.68548E-04
  0.00000E+00   8.97562E-03  -1.89206E-04
  0.00000E+00   9.08522E-03  -2.08994E-04
  0.00000E+00   9.19520E-03  -2.27691E-04
  0.00000E+00   9.30537E-03  -2.45082E-04
  0.00000E+00   9.41553E-03  -2.60970E-04
  0.00000E+00   9.52550E-03  -2.75177E-04
  0.00000E+00   9.63513E-03  -2.87547E-04
  0.00000E+00   9.74428E-03  -2.97950E-04
  0.00000E+00   9.85282E-03  -3.06287E-04
  0.00000E+00   9.96063E-03  -3.12484E-04
  0.00000E+00   1.00676E-02  -3.16499E-04
  0.00000E+00   1.01738E-02  -3.18315E-04
  0.00000E+00   1.02789E-02  -3.17943E-04
  0.00000E+00   1.03831E-02  -3.15414E-04
  0.00000E+00   1.04862E-02  -3.10784E-04
  0.00000E+00   1.05882E-02  -3.04123E-04
  0.00000E+00   1.06891E-02  -2.95520E-04
  0.00000E+00   1.07888E-02  -2.85071E-04
  0.00000E+00   1.08874E-02  -2.72887E-04
  0.00000E+00   1.09847E-02  -2.59080E-04
  0.00000E+00   1.10809E-02  -2.43770E-04
  0.00000E+00   1.11758E-02  -2.27079E-04
  0.00000E+00   1.12695E-02  -2.09130E-04
  0.00000E+00   1.13620E-02  -1.90048E-04
  0.00000E+00   1.14533E-02  -1.69959E-04
  0.00000E+00   1.15435E-02  -1.48993E-04
  0.00000E+00   1.16325E-02  -1.27285E-04
  0.00000E+00   1.17206E-02  -1.04975E-04
  0.00000E+00   1.18077E-02  -8.22137E-05
  0.00000E+00   1.18940E-02  -5.91613E-05
  0.00000E+00   1.19797E-02  -3.59898E-05
  0.00000E+00   1.20647E-02  -1.28834E-05
  0.00000E+00   1.21494E-02   9.96228E-06
  0.00000E+00   1.22339E-02   3.23415E-05
  0.00000E+00   1.23184E-02   5.40409E-05
  0.00000E+00   1.24030E-02   7.48429E-05
  0.00000E+00   1.24879E-02   9.45292E-05
  0.00000E+00   1.25734E-02   1.12885E-04
  0.00000E+00   1.26596E-02   1.29703E-04
  0.00000E+00   1.27468E-02   1.44788E-04
  0.00000E+00   1.28352E-02   1.57959E-04
  0.00000E+00   1.29248E-02   1.69056E-04
  0.00000E+00   1.30160E-02   1.77937E-04
  0.00000E+00   1.31089E-02   1.84484E-04
  0.00000E+00   1.32037E-02   1.88603E-04
  0.00000E+00   1.33005E-02   1.90223E-04
  0.00000E+00   1.33995E-02   1.89299E-04
  0.00000E+00   1.35009E-02   1.85806E-04
  0.00000E+00   1.36047E-02   1.79743E-04
  0.00000E+00   1.37112E-02   1.71130E-04
  0.00000E+00   1.38203E-02   1.60007E-04
  0.00000E+00   1.39323E-02   1.46431E-04
  0.00000E+00   1.40471E-02   1.30476E-04
  0.00000E+00   1.41649E-02   1.12234E-04
  0.00000E+00   1.42858E-02   9.18102E-05
