  0.00000E+00   1.15744E-04   4.67837E-06
  0.00000E+00   1.20714E-04   7.78288E-06
  0.00000E+00   1.21480E-04   7.65532E-06
  0.00000E+00   1.29735E-04   7.46866E-06
  0.00000E+00   1.44772E-04   7.46243E-06
  0.00000E+00   1.67631E-04   7.81328E-06
  0.00000E+00   1.99957E-04   8.76259E-06
  0.00000E+00   2.44608E-04   1.05134E-05
  0.00000E+00   3.05149E-04   1.33245E-05
  0.00000E+00   3.86450E-04   1.74872E-05
  0.00000E+00   4.94762E-04   2.34081E-05
  0.00000E+00   6.39200E-04   3.16217E-05
  0.00000E+00   8.30884E-04   4.28105E-05
  0.00000E+00   1.08445E-03   5.79846E-05
  0.00000E+00   1.42110E-03   7.82997E-05
  0.00000E+00   1.86871E-03   1.05229E-04
  0.00000E+00   2.46403E-03   1.40970E-04
  0.00000E+00   3.25821E-03   1.87965E-04
  0.00000E+00   4.31851E-03   2.49984E-04
  0.00000E+00   5.73817E-03   3.31058E-04
  0.00000E+00   7.64157E-03   4.37529E-04
  0.00000E+00   1.01957E-02   5.77094E-04
  0.00000E+00   1.36308E-02   7.59000E-04
  0.00000E+00   1.82546E-02   9.96407E-04
  0.00000E+00   2.44803E-02   1.30514E-03
  0.00000E+00   3.28660E-02   1.70504E-03
  0.00000E+00   4.41587E-02   2.22053E-03
  0.00000E+00   5.93414E-02   2.88158E-03
  0.00000E+00   7.97089E-02   3.72276E-03
  0.00000E+00   1.06945E-01   4.78229E-03
  0.00000E+00   1.43188E-01   6.10137E-03
  0.00000E+00   1.91115E-01   7.71982E-03
  0.00000E+00   2.53998E-01   9.66973E-03
  0.00000E+00   3.35707E-01   1.19677E-02
  0.00000E+00   4.40672E-01   1.46054E-02
  0.00000E+00   5.73739E-01   1.75376E-02
  0.00000E+00   7.39938E-01   2.06758E-02
  0.00000E+00   9.44149E-01   2.38836E-02
  0.00000E+00   1.19072E+00   2.69810E-02
  0.00000E+00   1.48308E+00   2.97560E-02
  0.00000E+00   1.82346E+00   3.19840E-02
  0.00000E+00   2.21269E+00   3.34656E-02
  0.00000E+00   2.65020E+00   3.40830E-02
  0.00000E+00   3.13428E+00   3.38698E-02
  0.00000E+00   3.66261E+00   3.30738E-02
  0.00000E+00   4.23298E+00   3.21581E-02
  0.00000E+00   4.84390E+00   3.16823E-02
  0.00000E+00   5.49444E+00   3.20259E-02
  0.00000E+00   6.18335E+00   3.29987E-02
  0.00000E+00   6.90746E+00   3.34730E-02
  0.00000E+00   7.65999E+00   3.09928E-02
  0.00000E+00   8.42922E+00   2.14626E-02
  0.00000E+00   9.20124E+00  -4.19035E-04
  0.00000E+00   9.97577E+00  -4.05121E-02
  0.00000E+00   1.07838E+01  -1.03315E-01
  0.00000E+00   1.16668E+01  -1.78734E-01
  0.00000E+00   1.26530E+01  -2.36763E-01
  0.00000E+00   1.37661E+01  -2.61347E-01
  0.00000E+00   1.50122E+01  -2.56271E-01
  0.00000E+00   1.63844E+01  -2.29980E-01
  0.00000E+00   1.78659E+01  -1.93483E-01
  0.00000E+00   1.94617E+01  -1.60818E-01
  0.00000E+00   2.11158E+01  -1.06089E-01
  0.00000E+00   2.28752E+01   1.59729E-03
  0.00000E+00   2.47814E+01   1.32829E-01
  0.00000E+00   2.69320E+01   2.73233E-01
  0.00000E+00   2.92043E+01   4.12970E-01
  0.00000E+00   3.14865E+01   5.53583E-01
  0.00000E+00   3.36655E+01   6.46047E-01
  0.00000E+00   3.57330E+01   7.05322E-01
  0.00000E+00   3.73611E+01   7.97632E-01
  0.00000E+00   3.83780E+01   8.34522E-01
  0.00000E+00   3.88458E+01   8.21700E-01
  0.00000E+00   3.91028E+01   7.57089E-01
  0.00000E+00   3.91340E+01   6.85778E-01
  0.00000E+00   3.94803E+01   6.31337E-01
  0.00000E+00   4.00330E+01   6.19815E-01
  0.00000E+00   4.01882E+01   7.29810E-01
  0.00000E+00   3.93256E+01   7.61718E-01
  0.00000E+00   3.80045E+01   6.73853E-01
  0.00000E+00   3.68847E+01   5.22037E-01
  0.00000E+00   3.65155E+01   5.95171E-01
  0.00000E+00   3.68690E+01   6.40842E-01
  0.00000E+00   3.78911E+01   7.76863E-01
  0.00000E+00   3.95124E+01   9.17383E-01
  0.00000E+00   4.04266E+01   1.17778E+00
  0.00000E+00   3.96700E+01   1.21033E+00
  0.00000E+00   3.74450E+01   1.18517E+00
  0.00000E+00   3.55253E+01   1.11170E+00
  0.00000E+00   3.45548E+01   1.00238E+00
  0.00000E+00   3.44032E+01   8.65434E-01
  0.00000E+00   3.50147E+01   5.66574E-01
  0.00000E+00   3.60470E+01   3.23904E-01
  0.00000E+00   3.72138E+01   7.27035E-02
  0.00000E+00   3.82857E+01  -1.81896E-01
  0.00000E+00   3.95268E+01  -3.65057E-01
  0.00000E+00   4.09725E+01  -5.19507E-01
  0.00000E+00   4.26598E+01  -6.04836E-01
  0.00000E+00   4.47113E+01  -6.25957E-01
  0.00000E+00   4.65842E+01  -5.85020E-01
  0.00000E+00   4.81716E+01  -5.16243E-01
  0.00000E+00   4.95485E+01  -3.99370E-01
  0.00000E+00   5.11104E+01  -1.93442E-01
  0.00000E+00   5.30566E+01   5.10387E-02
  0.00000E+00   5.52724E+01   2.28226E-01
  0.00000E+00   5.76727E+01   4.31640E-01
  0.00000E+00   6.02799E+01   5.61684E-01
  0.00000E+00   6.30478E+01   6.28670E-01
  0.00000E+00   6.59399E+01   6.76056E-01
  0.00000E+00   6.86365E+01   7.97194E-01
  0.00000E+00   7.07728E+01   9.58866E-01
  0.00000E+00   7.23145E+01   1.15806E+00
  0.00000E+00   7.37250E+01   1.36813E+00
  0.00000E+00   7.50237E+01   1.36296E+00
  0.00000E+00   7.64617E+01   1.18180E+00
  0.00000E+00   7.79180E+01   8.57991E-01
  0.00000E+00   7.90507E+01   4.08500E-01
  0.00000E+00   7.95523E+01  -5.15632E-02
  0.00000E+00   7.87466E+01  -2.66054E-01
  0.00000E+00   7.63836E+01  -2.34913E-01
  0.00000E+00   7.35679E+01  -3.37795E-01
  0.00000E+00   7.06355E+01  -5.71468E-01
  0.00000E+00   6.74218E+01  -7.26146E-01
  0.00000E+00   6.47243E+01  -7.74113E-01
  0.00000E+00   6.32297E+01  -9.18278E-01
  0.00000E+00   6.31199E+01  -1.02962E+00
  0.00000E+00   6.34668E+01  -1.27493E+00
  0.00000E+00   6.31591E+01  -1.66385E+00
  0.00000E+00   6.31042E+01  -2.03988E+00
  0.00000E+00   6.36843E+01  -2.49004E+00
  0.00000E+00   6.44996E+01  -2.76773E+00
  0.00000E+00   6.49134E+01  -2.81475E+00
  0.00000E+00   6.43843E+01  -2.48352E+00
  0.00000E+00   6.30563E+01  -2.13374E+00
  0.00000E+00   6.11149E+01  -1.74904E+00
  0.00000E+00   5.87284E+01  -1.43347E+00
  0.00000E+00   5.65547E+01  -1.20635E+00
  0.00000E+00   5.48851E+01  -8.66607E-01
  0.00000E+00   5.42694E+01  -5.34953E-01
  0.00000E+00   5.46128E+01  -3.80090E-01
  0.00000E+00   5.59450E+01  -2.77265E-01
  0.00000E+00   5.83721E+01  -2.42079E-01
  0.00000E+00   6.11681E+01  -1.28639E-01
  0.00000E+00   6.26409E+01   5.67790E-02
  0.00000E+00   6.29802E+01   1.17684E-01
  0.00000E+00   6.28486E+01   6.94224E-02
  0.00000E+00   6.27755E+01  -9.86173E-02
  0.00000E+00   6.34845E+01  -2.96630E-01
  0.00000E+00   6.54687E+01  -3.59989E-01
  0.00000E+00   6.81280E+01  -4.85321E-01
  0.00000E+00   7.06841E+01  -6.56710E-01
  0.00000E+00   7.24353E+01  -8.04485E-01
  0.00000E+00   7.30752E+01  -8.07220E-01
  0.00000E+00   7.35244E+01  -7.27156E-01
  0.00000E+00   7.43587E+01  -7.28014E-01
  0.00000E+00   7.52398E+01  -5.79157E-01
  0.00000E+00   7.61773E+01  -3.28309E-01
  0.00000E+00   7.71959E+01  -1.97492E-01
  0.00000E+00   7.81725E+01  -3.69998E-01
  0.00000E+00   7.89433E+01  -4.99643E-01
  0.00000E+00   7.98127E+01  -5.33182E-01
  0.00000E+00   8.08318E+01  -4.87860E-01
  0.00000E+00   8.24642E+01  -3.73534E-01
  0.00000E+00   8.41722E+01  -3.26386E-01
  0.00000E+00   8.48573E+01  -9.65287E-02
  0.00000E+00   8.47954E+01   1.80758E-01
  0.00000E+00   8.49048E+01   3.75316E-01
  0.00000E+00   8.55966E+01   5.52313E-01
  0.00000E+00   8.58522E+01   7.74384E-01
  0.00000E+00   8.52514E+01   1.06787E+00
  0.00000E+00   8.48662E+01   1.42729E+00
  0.00000E+00   8.56506E+01   1.76719E+00
  0.00000E+00   8.70871E+01   2.11805E+00
  0.00000E+00   8.79979E+01   2.44728E+00
  0.00000E+00   8.79127E+01   2.48272E+00
  0.00000E+00   8.78822E+01   2.37353E+00
  0.00000E+00   8.82354E+01   2.37596E+00
  0.00000E+00   8.95701E+01   2.40072E+00
  0.00000E+00   9.15674E+01   2.46324E+00
  0.00000E+00   9.33618E+01   2.50004E+00
  0.00000E+00   9.50319E+01   2.43528E+00
  0.00000E+00   9.60076E+01   2.44754E+00
  0.00000E+00   9.56554E+01   2.53570E+00
  0.00000E+00   9.45292E+01   2.51224E+00
  0.00000E+00   9.36645E+01   2.49375E+00
  0.00000E+00   9.35348E+01   2.51517E+00
  0.00000E+00   9.42312E+01   2.41818E+00
  0.00000E+00   9.51128E+01   2.32042E+00
  0.00000E+00   9.46621E+01   2.29372E+00
  0.00000E+00   9.24894E+01   2.29132E+00
  0.00000E+00   9.01960E+01   2.09580E+00
  0.00000E+00   8.93152E+01   2.12097E+00
  0.00000E+00   9.04820E+01   2.22728E+00
  0.00000E+00   9.24152E+01   2.17195E+00
  0.00000E+00   9.23674E+01   2.12644E+00
  0.00000E+00   8.90145E+01   2.17780E+00
  0.00000E+00   8.56961E+01   2.10775E+00
  0.00000E+00   8.42270E+01   1.99461E+00
  0.00000E+00   8.47438E+01   1.92497E+00
  0.00000E+00   8.70322E+01   1.84487E+00
  0.00000E+00   9.05050E+01   2.00231E+00
  0.00000E+00   9.41892E+01   2.23017E+00
  0.00000E+00   9.74611E+01   2.50642E+00
  0.00000E+00   9.98611E+01   2.61884E+00
  0.00000E+00   1.01657E+02   2.55361E+00
  0.00000E+00   1.03289E+02   2.36760E+00
  0.00000E+00   1.05072E+02   2.00814E+00
  0.00000E+00   1.06513E+02   2.08912E+00
  0.00000E+00   1.06546E+02   2.19964E+00
  0.00000E+00   1.05345E+02   2.38047E+00
  0.00000E+00   1.03163E+02   2.51759E+00
  0.00000E+00   9.98459E+01   2.47031E+00
  0.00000E+00   9.77111E+01   2.18330E+00
  0.00000E+00   9.63445E+01   2.05398E+00
  0.00000E+00   9.45262E+01   2.07862E+00
  0.00000E+00   9.17953E+01   2.22392E+00
  0.00000E+00   9.04251E+01   2.09346E+00
  0.00000E+00   9.10014E+01   1.85278E+00
  0.00000E+00   9.37597E+01   1.70257E+00
  0.00000E+00   9.58827E+01   1.55817E+00
  0.00000E+00   9.69721E+01   1.39329E+00
  0.00000E+00   9.71193E+01   1.34481E+00
  0.00000E+00   9.61425E+01   1.34645E+00
  0.00000E+00   9.54289E+01   1.39658E+00
  0.00000E+00   9.57687E+01   1.40205E+00
  0.00000E+00   9.82860E+01   1.29601E+00
  0.00000E+00   1.01144E+02   1.11294E+00
  0.00000E+00   1.02146E+02   9.05202E-01
  0.00000E+00   1.00809E+02   5.18765E-01
  0.00000E+00   9.93736E+01   2.23089E-01
  0.00000E+00   9.92264E+01   6.28884E-02
  0.00000E+00   1.00184E+02   1.63306E-02
  0.00000E+00   1.02119E+02   1.71573E-01
  0.00000E+00   1.03959E+02   2.34709E-01
  0.00000E+00   1.04791E+02   1.58172E-01
  0.00000E+00   1.04365E+02   2.42993E-01
  0.00000E+00   1.02917E+02   2.85701E-01
  0.00000E+00   1.01768E+02   6.09213E-01
  0.00000E+00   1.01437E+02   9.83245E-01
  0.00000E+00   1.01698E+02   1.23807E+00
  0.00000E+00   1.03008E+02   1.77249E+00
  0.00000E+00   1.05662E+02   2.29513E+00
  0.00000E+00   1.08637E+02   2.82110E+00
  0.00000E+00   1.11869E+02   3.36556E+00
  0.00000E+00   1.14742E+02   3.90269E+00
  0.00000E+00   1.15483E+02   4.56982E+00
  0.00000E+00   1.13813E+02   5.06380E+00
  0.00000E+00   1.11012E+02   5.19902E+00
  0.00000E+00   1.09563E+02   5.16672E+00
  0.00000E+00   1.09398E+02   5.27302E+00
  0.00000E+00   1.10218E+02   5.37239E+00
  0.00000E+00   1.09112E+02   5.34405E+00
  0.00000E+00   1.06321E+02   5.21074E+00
  0.00000E+00   1.02813E+02   4.99564E+00
  0.00000E+00   1.00384E+02   4.82868E+00
  0.00000E+00   9.93103E+01   4.58151E+00
  0.00000E+00   9.74374E+01   4.24230E+00
  0.00000E+00   9.53693E+01   3.94412E+00
  0.00000E+00   9.38595E+01   3.80906E+00
  0.00000E+00   9.30744E+01   3.75928E+00
  0.00000E+00   9.32027E+01   3.61031E+00
  0.00000E+00   9.29754E+01   3.45125E+00
  0.00000E+00   9.13144E+01   3.31101E+00
  0.00000E+00   8.89015E+01   2.72027E+00
  0.00000E+00   8.67580E+01   2.19779E+00
  0.00000E+00   8.39621E+01   1.79365E+00
  0.00000E+00   8.05563E+01   1.41563E+00
  0.00000E+00   7.83812E+01   1.18188E+00
  0.00000E+00   7.83163E+01   9.65620E-01
  0.00000E+00   7.89789E+01   8.82918E-01
  0.00000E+00   7.84946E+01   7.93550E-01
  0.00000E+00   7.73406E+01   9.32255E-01
  0.00000E+00   7.46653E+01   7.41117E-01
  0.00000E+00   7.19434E+01   6.52539E-01
  0.00000E+00   6.97456E+01   7.36212E-01
  0.00000E+00   6.92465E+01   8.36246E-01
  0.00000E+00   7.03029E+01   1.10493E+00
  0.00000E+00   7.19138E+01   1.20045E+00
  0.00000E+00   7.29298E+01   1.31729E+00
  0.00000E+00   7.30929E+01   1.63279E+00
  0.00000E+00   7.30931E+01   1.70417E+00
  0.00000E+00   7.34995E+01   1.38878E+00
  0.00000E+00   7.49491E+01   1.10589E+00
  0.00000E+00   7.64655E+01   7.34835E-01
  0.00000E+00   7.69094E+01   3.64379E-01
  0.00000E+00   7.64063E+01  -1.03526E-01
  0.00000E+00   7.65186E+01  -3.50645E-01
  0.00000E+00   7.74636E+01  -5.45628E-01
  0.00000E+00   7.85081E+01  -6.65904E-01
  0.00000E+00   7.86862E+01  -9.06910E-01
  0.00000E+00   7.83275E+01  -8.60219E-01
  0.00000E+00   7.80238E+01  -8.64518E-01
  0.00000E+00   7.89778E+01  -1.13764E+00
  0.00000E+00   8.04381E+01  -1.35543E+00
  0.00000E+00   8.14000E+01  -1.40153E+00
  0.00000E+00   8.12272E+01  -1.28291E+00
  0.00000E+00   7.95537E+01  -1.29299E+00
  0.00000E+00   7.61373E+01  -1.31354E+00
  0.00000E+00   7.32948E+01  -1.41683E+00
  0.00000E+00   7.15029E+01  -1.54717E+00
  0.00000E+00   7.12798E+01  -1.49120E+00
  0.00000E+00   7.26951E+01  -1.53718E+00
  0.00000E+00   7.46557E+01  -1.32246E+00
  0.00000E+00   7.56443E+01  -9.34778E-01
  0.00000E+00   7.58677E+01  -8.98453E-01
  0.00000E+00   7.62828E+01  -1.02018E+00
  0.00000E+00   7.81928E+01  -1.01573E+00
  0.00000E+00   8.09594E+01  -1.02340E+00
  0.00000E+00   8.38252E+01  -1.02684E+00
  0.00000E+00   8.49298E+01  -9.77889E-01
  0.00000E+00   8.51961E+01  -8.19153E-01
  0.00000E+00   8.52042E+01  -7.57573E-01
  0.00000E+00   8.59367E+01  -5.68306E-01
  0.00000E+00   8.74193E+01  -2.67848E-01
  0.00000E+00   8.89590E+01  -5.41524E-02
  0.00000E+00   9.03995E+01   6.83290E-02
  0.00000E+00   9.15422E+01   1.46990E-01
  0.00000E+00   9.08809E+01  -1.41363E-02
  0.00000E+00   8.91260E+01  -1.93078E-01
  0.00000E+00   8.76019E+01  -2.96095E-01
  0.00000E+00   8.73989E+01  -1.12653E-01
  0.00000E+00   8.93693E+01   4.52233E-02
  0.00000E+00   9.21847E+01   1.00180E-01
  0.00000E+00   9.37394E+01  -1.39104E-02
  0.00000E+00   9.29871E+01  -1.78527E-01
  0.00000E+00   9.07455E+01  -2.11470E-01
  0.00000E+00   8.87895E+01  -8.01947E-02
  0.00000E+00   8.91305E+01  -2.79824E-02
  0.00000E+00   9.16876E+01  -7.12707E-03
  0.00000E+00   9.49745E+01  -5.10288E-02
  0.00000E+00   9.70346E+01   1.51160E-01
  0.00000E+00   9.62147E+01   3.00238E-01
  0.00000E+00   9.30752E+01   4.47670E-01
  0.00000E+00   8.95244E+01   7.37732E-01
  0.00000E+00   8.70552E+01   8.86713E-01
  0.00000E+00   8.62497E+01   8.16992E-01
  0.00000E+00   8.67450E+01   6.03601E-01
  0.00000E+00   8.84096E+01   4.59592E-01
  0.00000E+00   8.92728E+01   2.52520E-01
  0.00000E+00   8.88298E+01  -3.20253E-02
  0.00000E+00   8.83537E+01  -8.86063E-02
  0.00000E+00   8.81920E+01  -1.03704E-01
  0.00000E+00   8.82497E+01  -6.18170E-02
  0.00000E+00   8.87478E+01  -2.90584E-02
  0.00000E+00   8.88200E+01  -1.61151E-01
  0.00000E+00   8.82633E+01   5.64427E-02
  0.00000E+00   8.76119E+01   1.67470E-01
  0.00000E+00   8.71703E+01   1.70706E-01
  0.00000E+00   8.71017E+01   2.01789E-02
  0.00000E+00   8.67470E+01  -2.42752E-01
  0.00000E+00   8.71317E+01  -6.42025E-01
  0.00000E+00   8.73806E+01  -8.89157E-01
  0.00000E+00   8.79909E+01  -1.14497E+00
  0.00000E+00   8.90159E+01  -1.21119E+00
  0.00000E+00   9.02651E+01  -1.17084E+00
  0.00000E+00   9.09252E+01  -1.38726E+00
  0.00000E+00   8.98375E+01  -1.51986E+00
  0.00000E+00   8.78884E+01  -1.39546E+00
  0.00000E+00   8.60695E+01  -1.21373E+00
  0.00000E+00   8.53210E+01  -1.19474E+00
  0.00000E+00   8.47108E+01  -1.14774E+00
  0.00000E+00   8.37059E+01  -8.79464E-01
  0.00000E+00   8.12950E+01  -8.04563E-01
  0.00000E+00   7.89162E+01  -7.01958E-01
  0.00000E+00   7.65677E+01  -6.25816E-01
  0.00000E+00   7.48358E+01  -3.40996E-01
  0.00000E+00   7.39970E+01   3.13915E-02
  0.00000E+00   7.42580E+01   2.19793E-01
  0.00000E+00   7.40530E+01   4.79976E-01
  0.00000E+00   7.31408E+01   7.79122E-01
  0.00000E+00   7.19646E+01   1.00143E+00
  0.00000E+00   7.06233E+01   1.25076E+00
  0.00000E+00   7.00710E+01   1.72729E+00
  0.00000E+00   7.06037E+01   1.96171E+00
  0.00000E+00   7.15240E+01   1.91219E+00
  0.00000E+00   7.31815E+01   1.99627E+00
  0.00000E+00   7.48057E+01   2.11095E+00
  0.00000E+00   7.61020E+01   2.17632E+00
  0.00000E+00   7.80063E+01   2.08106E+00
  0.00000E+00   7.98007E+01   2.10080E+00
  0.00000E+00   8.11336E+01   2.21623E+00
  0.00000E+00   8.20477E+01   2.43767E+00
  0.00000E+00   8.18345E+01   2.71660E+00
  0.00000E+00   8.05902E+01   2.70804E+00
  0.00000E+00   7.80344E+01   2.66284E+00
  0.00000E+00   7.59252E+01   2.61191E+00
  0.00000E+00   7.55977E+01   2.53881E+00
  0.00000E+00   7.63402E+01   2.47824E+00
  0.00000E+00   7.71470E+01   2.25027E+00
  0.00000E+00   7.69515E+01   1.95242E+00
  0.00000E+00   7.53544E+01   1.78094E+00
  0.00000E+00   7.34971E+01   1.47084E+00
  0.00000E+00   7.25751E+01   1.02195E+00
  0.00000E+00   7.25812E+01   8.01271E-01
  0.00000E+00   7.29330E+01   6.31163E-01
  0.00000E+00   7.32513E+01   3.39054E-01
  0.00000E+00   7.32755E+01   2.51143E-01
  0.00000E+00   7.34730E+01   2.57547E-01
  0.00000E+00   7.38374E+01   1.71997E-01
  0.00000E+00   7.45586E+01   1.45557E-01
  0.00000E+00   7.55242E+01   1.94158E-01
  0.00000E+00   7.69723E+01   9.48047E-02
  0.00000E+00   7.88388E+01  -4.38517E-02
  0.00000E+00   8.09687E+01  -2.03415E-01
  0.00000E+00   8.33400E+01  -3.43879E-01
  0.00000E+00   8.54685E+01  -3.44630E-01
  0.00000E+00   8.70559E+01  -2.22495E-01
  0.00000E+00   8.71109E+01  -6.55706E-02
  0.00000E+00   8.50435E+01   4.46480E-02
  0.00000E+00   8.21986E+01  -1.60057E-01
  0.00000E+00   8.00402E+01  -5.08319E-01
  0.00000E+00   7.92657E+01  -7.32547E-01
  0.00000E+00   7.99545E+01  -1.01235E+00
  0.00000E+00   8.12643E+01  -1.17400E+00
  0.00000E+00   8.19603E+01  -1.09577E+00
  0.00000E+00   8.21340E+01  -1.06519E+00
  0.00000E+00   8.16474E+01  -1.16977E+00
  0.00000E+00   8.12775E+01  -1.22381E+00
  0.00000E+00   8.16085E+01  -1.12420E+00
  0.00000E+00   8.16811E+01  -9.81039E-01
  0.00000E+00   8.05385E+01  -1.03419E+00
  0.00000E+00   7.92558E+01  -1.04770E+00
  0.00000E+00   7.84830E+01  -9.17555E-01
  0.00000E+00   7.84919E+01  -9.36895E-01
  0.00000E+00   7.94143E+01  -8.57879E-01
  0.00000E+00   8.06594E+01  -6.23103E-01
  0.00000E+00   8.18014E+01  -4.61874E-01
  0.00000E+00   8.22849E+01  -3.67586E-01
  0.00000E+00   8.17463E+01  -5.51795E-01
  0.00000E+00   8.06725E+01  -6.42118E-01
  0.00000E+00   7.86272E+01  -5.83355E-01
  0.00000E+00   7.63101E+01  -5.13352E-01
  0.00000E+00   7.44185E+01  -4.36847E-01
  0.00000E+00   7.30479E+01  -3.34928E-01
  0.00000E+00   7.19099E+01  -1.25495E-01
  0.00000E+00   7.22198E+01   1.70585E-01
  0.00000E+00   7.18547E+01   4.17093E-01
  0.00000E+00   7.11578E+01   4.79521E-01
  0.00000E+00   7.02681E+01   4.95835E-01
  0.00000E+00   6.97022E+01   4.49200E-01
  0.00000E+00   6.93684E+01   3.96646E-01
  0.00000E+00   6.91079E+01   2.59770E-01
  0.00000E+00   6.94095E+01   1.69680E-01
  0.00000E+00   6.98090E+01   1.18021E-01
  0.00000E+00   6.99401E+01   1.91207E-01
  0.00000E+00   6.99168E+01   2.60610E-01
  0.00000E+00   7.06932E+01   2.72367E-01
  0.00000E+00   7.19741E+01   1.99816E-01
  0.00000E+00   7.31087E+01  -9.63565E-02
  0.00000E+00   7.39986E+01  -3.51124E-01
  0.00000E+00   7.43615E+01  -6.04362E-01
  0.00000E+00   7.47975E+01  -6.80696E-01
  0.00000E+00   7.52863E+01  -7.59984E-01
  0.00000E+00   7.59981E+01  -8.91779E-01
  0.00000E+00   7.63259E+01  -8.72426E-01
  0.00000E+00   7.63004E+01  -8.05989E-01
  0.00000E+00   7.63366E+01  -7.24676E-01
  0.00000E+00   7.68399E+01  -7.01610E-01
  0.00000E+00   7.74592E+01  -6.63574E-01
  0.00000E+00   7.72839E+01  -6.91483E-01
  0.00000E+00   7.62384E+01  -7.01195E-01
  0.00000E+00   7.50144E+01  -7.55644E-01
  0.00000E+00   7.40108E+01  -8.35844E-01
  0.00000E+00   7.34681E+01  -9.67849E-01
  0.00000E+00   7.39826E+01  -1.08891E+00
  0.00000E+00   7.61953E+01  -1.03965E+00
  0.00000E+00   7.88829E+01  -1.09328E+00
  0.00000E+00   8.08753E+01  -1.19314E+00
  0.00000E+00   8.17849E+01  -1.38799E+00
  0.00000E+00   8.12167E+01  -1.52293E+00
  0.00000E+00   7.89348E+01  -1.67162E+00
  0.00000E+00   7.54876E+01  -1.82212E+00
  0.00000E+00   7.24186E+01  -1.90901E+00
  0.00000E+00   7.15638E+01  -1.50818E+00
  0.00000E+00   7.25072E+01  -1.19535E+00
  0.00000E+00   7.44191E+01  -8.75576E-01
  0.00000E+00   7.66414E+01  -6.25286E-01
  0.00000E+00   7.84422E+01  -5.95257E-01
  0.00000E+00   7.94057E+01  -4.14512E-01
  0.00000E+00   8.02125E+01  -1.43615E-01
  0.00000E+00   8.10087E+01   7.76901E-02
  0.00000E+00   8.12743E+01   2.93821E-01
  0.00000E+00   8.14368E+01   5.92877E-01
  0.00000E+00   8.20386E+01   9.87118E-01
  0.00000E+00   8.31281E+01   1.20724E+00
  0.00000E+00   8.44064E+01   1.27526E+00
  0.00000E+00   8.54690E+01   1.18999E+00
  0.00000E+00   8.65959E+01   1.21751E+00
  0.00000E+00   8.68789E+01   1.12548E+00
  0.00000E+00   8.61401E+01   1.08932E+00
  0.00000E+00   8.47583E+01   9.81608E-01
  0.00000E+00   8.30151E+01   8.27306E-01
  0.00000E+00   8.14253E+01   7.78859E-01
  0.00000E+00   8.09806E+01   9.35772E-01
  0.00000E+00   8.14939E+01   1.17632E+00
  0.00000E+00   8.16792E+01   1.25314E+00
  0.00000E+00   8.19976E+01   1.13704E+00
  0.00000E+00   8.10991E+01   8.62355E-01
  0.00000E+00   7.93523E+01   8.04669E-01
  0.00000E+00   7.79960E+01   7.10499E-01
  0.00000E+00   7.89670E+01   5.34952E-01
  0.00000E+00   8.16402E+01   4.68367E-01
  0.00000E+00   8.45931E+01   4.55403E-01
  0.00000E+00   8.73075E+01   5.38236E-01
  0.00000E+00   8.94484E+01   7.23933E-01
  0.00000E+00   9.19067E+01   9.88765E-01
  0.00000E+00   9.53104E+01   1.18079E+00
  0.00000E+00   9.93057E+01   1.39253E+00
  0.00000E+00   1.03362E+02   1.35514E+00
  0.00000E+00   1.06964E+02   1.30446E+00
  0.00000E+00   1.10006E+02   1.17865E+00
  0.00000E+00   1.12555E+02   9.87269E-01
  0.00000E+00   1.14253E+02   1.03414E+00
  0.00000E+00   1.14140E+02   1.13614E+00
  0.00000E+00   1.13016E+02   1.00489E+00
  0.00000E+00   1.11704E+02   8.78351E-01
  0.00000E+00   1.10653E+02   8.16257E-01
  0.00000E+00   1.09334E+02   7.06827E-01
  0.00000E+00   1.07499E+02   6.47172E-01
  0.00000E+00   1.05135E+02   5.70873E-01
  0.00000E+00   1.03256E+02   3.23106E-01
  0.00000E+00   1.03152E+02   4.17399E-01
  0.00000E+00   1.04244E+02   3.18783E-01
  0.00000E+00   1.05163E+02   2.84034E-01
  0.00000E+00   1.04625E+02   6.37490E-01
  0.00000E+00   1.01966E+02   1.15898E+00
  0.00000E+00   9.73706E+01   1.68124E+00
  0.00000E+00   9.24575E+01   1.97796E+00
  0.00000E+00   8.84389E+01   2.03368E+00
  0.00000E+00   8.61453E+01   2.12224E+00
  0.00000E+00   8.56554E+01   2.18742E+00
  0.00000E+00   8.72384E+01   2.28767E+00
  0.00000E+00   8.91501E+01   2.37505E+00
  0.00000E+00   9.01978E+01   2.33233E+00
  0.00000E+00   8.91464E+01   2.24941E+00
  0.00000E+00   8.50601E+01   2.27630E+00
  0.00000E+00   7.84252E+01   1.87990E+00
  0.00000E+00   7.20069E+01   1.54276E+00
  0.00000E+00   6.73772E+01   1.29355E+00
  0.00000E+00   6.58042E+01   8.93167E-01
  0.00000E+00   6.65511E+01   7.95368E-01
  0.00000E+00   6.80570E+01   5.84441E-01
  0.00000E+00   6.95528E+01   1.60394E-01
  0.00000E+00   7.08464E+01  -2.54689E-01
  0.00000E+00   7.17128E+01  -1.06669E-01
  0.00000E+00   7.18147E+01   2.33201E-01
  0.00000E+00   7.14926E+01   4.01799E-01
  0.00000E+00   7.27482E+01   5.03268E-01
  0.00000E+00   7.43177E+01   5.53609E-01
  0.00000E+00   7.44175E+01   6.47428E-01
  0.00000E+00   7.40480E+01   8.08247E-01
  0.00000E+00   7.39171E+01   9.24095E-01
  0.00000E+00   7.41812E+01   1.02275E+00
  0.00000E+00   7.54286E+01   9.79830E-01
  0.00000E+00   7.71972E+01   8.43568E-01
  0.00000E+00   7.90464E+01   6.47390E-01
  0.00000E+00   8.03963E+01   5.33299E-01
  0.00000E+00   8.06690E+01   5.10985E-01
  0.00000E+00   8.00903E+01   4.46277E-01
  0.00000E+00   7.88303E+01   4.45794E-01
  0.00000E+00   7.79898E+01   2.42602E-01
  0.00000E+00   7.86113E+01   1.34177E-01
  0.00000E+00   8.06045E+01   2.56558E-01
  0.00000E+00   8.28764E+01   5.59317E-01
  0.00000E+00   8.46924E+01   9.66811E-01
  0.00000E+00   8.52431E+01   1.13338E+00
  0.00000E+00   8.27820E+01   1.18343E+00
  0.00000E+00   7.86645E+01   1.24781E+00
  0.00000E+00   7.58633E+01   1.22943E+00
  0.00000E+00   7.56029E+01   1.13214E+00
  0.00000E+00   7.73075E+01   9.77609E-01
  0.00000E+00   8.02651E+01   9.37002E-01
  0.00000E+00   8.31197E+01   8.55461E-01
  0.00000E+00   8.41595E+01   1.01992E+00
  0.00000E+00   8.34724E+01   1.44308E+00
  0.00000E+00   8.20013E+01   1.62804E+00
  0.00000E+00   8.16944E+01   1.81160E+00
  0.00000E+00   8.28313E+01   1.96831E+00
  0.00000E+00   8.48745E+01   2.10409E+00
  0.00000E+00   8.67428E+01   2.17705E+00
  0.00000E+00   8.81676E+01   2.22315E+00
  0.00000E+00   8.80604E+01   2.30800E+00
  0.00000E+00   8.65144E+01   2.32195E+00
  0.00000E+00   8.45142E+01   2.31505E+00
  0.00000E+00   8.28806E+01   2.27188E+00
  0.00000E+00   8.21457E+01   2.17488E+00
  0.00000E+00   8.22140E+01   1.97782E+00
  0.00000E+00   8.20131E+01   1.69371E+00
  0.00000E+00   8.10728E+01   1.43193E+00
  0.00000E+00   7.95420E+01   1.05034E+00
  0.00000E+00   7.70728E+01   7.96715E-01
  0.00000E+00   7.50269E+01   4.07347E-01
  0.00000E+00   7.41240E+01   1.01825E-01
  0.00000E+00   7.44842E+01  -9.06025E-02
  0.00000E+00   7.61467E+01  -6.83968E-02
  0.00000E+00   7.82550E+01  -2.83178E-01
  0.00000E+00   8.06960E+01  -4.52916E-01
  0.00000E+00   8.23962E+01  -6.67013E-01
  0.00000E+00   8.25490E+01  -1.15930E+00
  0.00000E+00   8.23775E+01  -1.50472E+00
  0.00000E+00   8.24305E+01  -1.79222E+00
  0.00000E+00   8.20506E+01  -2.02577E+00
  0.00000E+00   8.09292E+01  -2.19625E+00
  0.00000E+00   7.97768E+01  -2.29035E+00
  0.00000E+00   8.01496E+01  -2.19497E+00
  0.00000E+00   8.12027E+01  -2.14134E+00
  0.00000E+00   8.14526E+01  -1.92955E+00
  0.00000E+00   8.14931E+01  -1.69483E+00
  0.00000E+00   8.24965E+01  -1.47476E+00
  0.00000E+00   8.30100E+01  -1.29393E+00
  0.00000E+00   8.32606E+01  -1.16086E+00
  0.00000E+00   8.26656E+01  -1.08354E+00
  0.00000E+00   8.06755E+01  -1.01492E+00
  0.00000E+00   7.71320E+01  -8.81753E-01
  0.00000E+00   7.26983E+01  -9.23412E-01
  0.00000E+00   6.90474E+01  -7.55352E-01
  0.00000E+00   6.69757E+01  -1.98754E-01
  0.00000E+00   6.59235E+01   2.53149E-01
  0.00000E+00   6.51597E+01   6.18786E-01
  0.00000E+00   6.43420E+01   6.86808E-01
  0.00000E+00   6.41391E+01   6.91053E-01
  0.00000E+00   6.44902E+01   7.68296E-01
  0.00000E+00   6.50371E+01   9.93179E-01
  0.00000E+00   6.53849E+01   1.12665E+00
  0.00000E+00   6.54094E+01   1.22241E+00
  0.00000E+00   6.44644E+01   1.35972E+00
  0.00000E+00   6.31624E+01   1.48131E+00
  0.00000E+00   6.30532E+01   1.58740E+00
  0.00000E+00   6.41303E+01   1.45453E+00
  0.00000E+00   6.59356E+01   1.07470E+00
  0.00000E+00   6.71657E+01   7.82454E-01
  0.00000E+00   6.77676E+01   7.37312E-01
  0.00000E+00   6.87184E+01   7.08726E-01
  0.00000E+00   6.99961E+01   6.49120E-01
  0.00000E+00   7.17063E+01   3.24803E-01
  0.00000E+00   7.33167E+01   1.09818E-01
  0.00000E+00   7.46351E+01  -3.60413E-02
  0.00000E+00   7.61928E+01  -1.87029E-01
  0.00000E+00   7.85779E+01  -2.47932E-01
  0.00000E+00   8.08426E+01  -3.99962E-01
  0.00000E+00   8.17878E+01  -6.38137E-01
  0.00000E+00   8.19072E+01  -6.31728E-01
  0.00000E+00   8.25256E+01  -5.59707E-01
  0.00000E+00   8.40788E+01  -3.69278E-01
  0.00000E+00   8.60224E+01  -2.60302E-01
  0.00000E+00   8.78119E+01  -1.55915E-01
  0.00000E+00   8.89828E+01  -2.55344E-01
  0.00000E+00   8.97417E+01  -5.19455E-01
  0.00000E+00   8.93640E+01  -7.89152E-01
  0.00000E+00   8.85528E+01  -1.02284E+00
  0.00000E+00   8.80991E+01  -1.18068E+00
  0.00000E+00   8.82346E+01  -1.05033E+00
  0.00000E+00   9.06863E+01  -8.77021E-01
  0.00000E+00   9.46689E+01  -5.85726E-01
  0.00000E+00   9.72173E+01  -5.19961E-01
  0.00000E+00   9.81402E+01  -6.89143E-01
  0.00000E+00   9.78403E+01  -6.60134E-01
  0.00000E+00   9.70633E+01  -7.81940E-01
  0.00000E+00   9.55794E+01  -1.18637E+00
  0.00000E+00   9.41577E+01  -1.54395E+00
  0.00000E+00   9.32229E+01  -1.86070E+00
  0.00000E+00   9.39516E+01  -1.70820E+00
  0.00000E+00   9.58489E+01  -1.31783E+00
  0.00000E+00   9.68633E+01  -1.05768E+00
  0.00000E+00   9.57861E+01  -6.53617E-01
  0.00000E+00   9.40669E+01  -2.41906E-01
  0.00000E+00   9.23640E+01  -3.41570E-03
  0.00000E+00   9.13816E+01   2.20961E-01
  0.00000E+00   9.01164E+01   1.50592E-01
  0.00000E+00   8.69770E+01   8.61144E-02
  0.00000E+00   8.32983E+01   8.29255E-02
  0.00000E+00   7.98548E+01   2.50224E-01
  0.00000E+00   7.73169E+01   3.00624E-01
  0.00000E+00   7.55935E+01   1.27367E-01
  0.00000E+00   7.47501E+01   3.56292E-02
  0.00000E+00   7.46774E+01   1.09027E-01
  0.00000E+00   7.55796E+01   3.58917E-01
  0.00000E+00   7.72801E+01   3.80448E-01
  0.00000E+00   7.82389E+01   3.65884E-01
  0.00000E+00   7.82089E+01   3.92796E-01
  0.00000E+00   7.76633E+01   4.00468E-01
  0.00000E+00   7.72021E+01   3.52934E-01
  0.00000E+00   7.67269E+01   2.90407E-01
  0.00000E+00   7.63594E+01   4.05250E-01
  0.00000E+00   7.58802E+01   6.26414E-01
  0.00000E+00   7.54609E+01   8.23748E-01
  0.00000E+00   7.54823E+01   9.41715E-01
  0.00000E+00   7.59040E+01   1.13123E+00
  0.00000E+00   7.57947E+01   1.01791E+00
  0.00000E+00   7.59497E+01   9.20522E-01
  0.00000E+00   7.71130E+01   1.03976E+00
  0.00000E+00   7.87499E+01   1.21182E+00
  0.00000E+00   8.01674E+01   1.50240E+00
  0.00000E+00   8.12870E+01   1.65762E+00
  0.00000E+00   8.29180E+01   1.68413E+00
  0.00000E+00   8.55395E+01   1.65448E+00
  0.00000E+00   8.75041E+01   1.69098E+00
  0.00000E+00   8.87466E+01   1.60676E+00
  0.00000E+00   8.85485E+01   1.58069E+00
  0.00000E+00   8.76353E+01   1.44812E+00
  0.00000E+00   8.71796E+01   1.40023E+00
  0.00000E+00   8.79611E+01   1.51988E+00
  0.00000E+00   8.77294E+01   1.55482E+00
  0.00000E+00   8.63535E+01   1.52009E+00
  0.00000E+00   8.55685E+01   1.47580E+00
  0.00000E+00   8.55281E+01   1.36040E+00
  0.00000E+00   8.65471E+01   1.27406E+00
  0.00000E+00   8.73598E+01   1.29897E+00
  0.00000E+00   8.69912E+01   1.17294E+00
  0.00000E+00   8.59809E+01   1.06665E+00
  0.00000E+00   8.41494E+01   1.02274E+00
  0.00000E+00   8.20631E+01   9.07981E-01
  0.00000E+00   8.09145E+01   4.18340E-01
  0.00000E+00   8.16718E+01   1.38565E-01
  0.00000E+00   8.39965E+01  -2.41975E-02
  0.00000E+00   8.64472E+01  -2.44333E-01
  0.00000E+00   8.69049E+01  -7.42388E-01
  0.00000E+00   8.45056E+01  -1.21717E+00
  0.00000E+00   8.16903E+01  -1.52979E+00
  0.00000E+00   7.97657E+01  -1.79000E+00
  0.00000E+00   8.01401E+01  -1.91500E+00
  0.00000E+00   8.19502E+01  -2.10277E+00
  0.00000E+00   8.30652E+01  -2.40513E+00
  0.00000E+00   8.34834E+01  -2.73759E+00
  0.00000E+00   8.31320E+01  -2.95328E+00
  0.00000E+00   8.29024E+01  -2.93623E+00
  0.00000E+00   8.20929E+01  -3.00963E+00
  0.00000E+00   8.15697E+01  -2.96347E+00
  0.00000E+00   8.29941E+01  -2.87995E+00
  0.00000E+00   8.49793E+01  -2.68457E+00
  0.00000E+00   8.55299E+01  -2.37145E+00
  0.00000E+00   8.35855E+01  -2.35390E+00
  0.00000E+00   8.17090E+01  -2.16481E+00
  0.00000E+00   7.97594E+01  -1.80551E+00
  0.00000E+00   7.83535E+01  -1.53146E+00
  0.00000E+00   7.82259E+01  -1.43170E+00
  0.00000E+00   8.00800E+01  -1.42906E+00
  0.00000E+00   8.38816E+01  -1.53276E+00
  0.00000E+00   8.79739E+01  -1.64227E+00
  0.00000E+00   9.05176E+01  -1.81161E+00
  0.00000E+00   9.10154E+01  -1.92194E+00
  0.00000E+00   8.98122E+01  -1.95563E+00
  0.00000E+00   8.94552E+01  -1.76584E+00
  0.00000E+00   8.98258E+01  -1.43505E+00
  0.00000E+00   9.01885E+01  -1.00678E+00
  0.00000E+00   9.07024E+01  -4.53041E-01
  0.00000E+00   9.19235E+01  -2.34051E-01
  0.00000E+00   9.32501E+01   3.62658E-02
  0.00000E+00   9.46761E+01   2.15821E-01
  0.00000E+00   9.59065E+01   2.20960E-01
  0.00000E+00   9.59950E+01   3.00921E-01
  0.00000E+00   9.41656E+01   5.71155E-01
  0.00000E+00   9.07502E+01   9.04677E-01
  0.00000E+00   8.67796E+01   1.14134E+00
  0.00000E+00   8.39800E+01   1.25718E+00
  0.00000E+00   8.30429E+01   1.40957E+00
  0.00000E+00   8.30020E+01   1.38345E+00
  0.00000E+00   8.29795E+01   1.22394E+00
  0.00000E+00   8.21204E+01   1.09027E+00
  0.00000E+00   8.08725E+01   9.26310E-01
  0.00000E+00   7.87033E+01   1.12619E+00
  0.00000E+00   7.67529E+01   1.35927E+00
  0.00000E+00   7.57758E+01   1.52853E+00
  0.00000E+00   7.60854E+01   1.48702E+00
  0.00000E+00   7.69384E+01   1.47339E+00
  0.00000E+00   7.74938E+01   1.69502E+00
  0.00000E+00   7.87529E+01   1.86238E+00
  0.00000E+00   8.03946E+01   1.54436E+00
  0.00000E+00   8.19931E+01   1.25077E+00
  0.00000E+00   8.29582E+01   1.11160E+00
  0.00000E+00   8.32688E+01   1.27571E+00
  0.00000E+00   8.36981E+01   1.39839E+00
  0.00000E+00   8.50762E+01   1.54020E+00
  0.00000E+00   8.74362E+01   1.67400E+00
  0.00000E+00   8.96692E+01   1.63653E+00
  0.00000E+00   9.08608E+01   1.45331E+00
  0.00000E+00   9.08535E+01   1.31230E+00
  0.00000E+00   9.06385E+01   1.24440E+00
  0.00000E+00   9.04666E+01   1.28603E+00
  0.00000E+00   8.96497E+01   1.18415E+00
  0.00000E+00   8.86636E+01   1.21582E+00
  0.00000E+00   8.93181E+01   1.08803E+00
  0.00000E+00   9.13454E+01   8.60740E-01
  0.00000E+00   9.24160E+01   6.77890E-01
  0.00000E+00   9.12162E+01   4.49473E-01
  0.00000E+00   8.93944E+01   1.27201E-01
  0.00000E+00   8.79195E+01  -9.40351E-02
  0.00000E+00   8.70830E+01  -3.06561E-01
  0.00000E+00   8.70406E+01  -4.85453E-01
  0.00000E+00   8.60510E+01  -5.00211E-01
  0.00000E+00   8.48707E+01  -5.28168E-01
  0.00000E+00   8.53298E+01  -4.79734E-01
  0.00000E+00   8.55796E+01  -5.99145E-01
  0.00000E+00   8.49417E+01  -7.05682E-01
  0.00000E+00   8.34331E+01  -1.07399E+00
  0.00000E+00   8.25837E+01  -1.07525E+00
  0.00000E+00   8.35453E+01  -7.48404E-01
  0.00000E+00   8.56148E+01  -4.70428E-01
  0.00000E+00   8.66474E+01  -4.24196E-01
  0.00000E+00   8.61150E+01  -3.94904E-01
