  0.00000E+00   1.82362E-04  -2.73038E-07
  0.00000E+00   1.90853E-04  -4.01088E-06
  0.00000E+00   1.94947E-04  -9.09963E-06
  0.00000E+00   2.11560E-04  -1.19317E-05
  0.00000E+00   2.39965E-04  -1.33082E-05
  0.00000E+00   2.81613E-04  -1.39317E-05
  0.00000E+00   3.40243E-04  -1.43571E-05
  0.00000E+00   4.21961E-04  -1.50176E-05
  0.00000E+00   5.34867E-04  -1.62053E-05
  0.00000E+00   6.89569E-04  -1.81602E-05
  0.00000E+00   9.00711E-04  -2.11425E-05
  0.00000E+00   1.18833E-03  -2.54982E-05
  0.00000E+00   1.58000E-03  -3.17312E-05
  0.00000E+00   2.11386E-03  -4.05660E-05
  0.00000E+00   2.84238E-03  -5.30166E-05
  0.00000E+00   3.83798E-03  -7.04908E-05
  0.00000E+00   5.20054E-03  -9.49500E-05
  0.00000E+00   7.06784E-03  -1.29154E-04
  0.00000E+00   9.62979E-03  -1.77013E-04
  0.00000E+00   1.31479E-02  -2.44147E-04
  0.00000E+00   1.79821E-02  -3.38573E-04
  0.00000E+00   2.46253E-02  -4.71909E-04
  0.00000E+00   3.37523E-02  -6.60654E-04
  0.00000E+00   4.62798E-02  -9.28477E-04
  0.00000E+00   6.34456E-02  -1.30910E-03
  0.00000E+00   8.69072E-02  -1.84824E-03
  0.00000E+00   1.18854E-01  -2.60824E-03
  0.00000E+00   1.62146E-01  -3.67291E-03
  0.00000E+00   2.20447E-01  -5.14554E-03
  0.00000E+00   2.98354E-01  -7.15107E-03
  0.00000E+00   4.01519E-01  -9.83600E-03
  0.00000E+00   5.36737E-01  -1.33603E-02
  0.00000E+00   7.11953E-01  -1.78942E-02
  0.00000E+00   9.36279E-01  -2.36257E-02
  0.00000E+00   1.21998E+00  -3.07736E-02
  0.00000E+00   1.57441E+00  -3.96095E-02
  0.00000E+00   2.01186E+00  -5.04861E-02
  0.00000E+00   2.54542E+00  -6.38636E-02
  0.00000E+00   3.18870E+00  -8.03274E-02
  0.00000E+00   3.95524E+00  -1.00620E-01
  0.00000E+00   4.85781E+00  -1.25692E-01
  0.00000E+00   5.90772E+00  -1.56695E-01
  0.00000E+00   7.11448E+00  -1.94878E-01
  0.00000E+00   8.48602E+00  -2.41453E-01
  0.00000E+00   1.00286E+01  -2.97533E-01
  0.00000E+00   1.17446E+01  -3.64203E-01
  0.00000E+00   1.36283E+01  -4.42852E-01
  0.00000E+00   1.56601E+01  -5.35613E-01
  0.00000E+00   1.78025E+01  -6.44155E-01
  0.00000E+00   2.00114E+01  -7.74521E-01
  0.00000E+00   2.22475E+01  -9.41577E-01
  0.00000E+00   2.45278E+01  -1.13963E+00
  0.00000E+00   2.68156E+01  -1.32757E+00
  0.00000E+00   2.90193E+01  -1.45453E+00
  0.00000E+00   3.11995E+01  -1.52571E+00
  0.00000E+00   3.29505E+01  -1.57071E+00
  0.00000E+00   3.38006E+01  -1.53800E+00
  0.00000E+00   3.40580E+01  -1.43266E+00
  0.00000E+00   3.39328E+01  -1.27665E+00
  0.00000E+00   3.34421E+01  -1.13829E+00
  0.00000E+00   3.24747E+01  -1.07281E+00
  0.00000E+00   3.14459E+01  -9.80632E-01
  0.00000E+00   3.03815E+01  -6.97238E-01
  0.00000E+00   3.00781E+01  -7.04326E-01
  0.00000E+00   2.99479E+01  -8.38562E-01
  0.00000E+00   2.95552E+01  -6.65903E-01
  0.00000E+00   2.91176E+01  -6.16726E-01
  0.00000E+00   2.88835E+01  -5.33190E-01
  0.00000E+00   2.85325E+01  -4.88560E-01
  0.00000E+00   2.78057E+01  -3.79772E-01
  0.00000E+00   2.62409E+01  -3.12133E-01
  0.00000E+00   2.43564E+01  -2.75536E-01
  0.00000E+00   2.32678E+01  -2.73506E-01
  0.00000E+00   2.27539E+01  -1.70744E-01
  0.00000E+00   2.24398E+01  -1.96799E-01
  0.00000E+00   2.30972E+01  -2.19574E-01
  0.00000E+00   2.43602E+01  -1.76020E-01
  0.00000E+00   2.56509E+01  -2.13685E-01
  0.00000E+00   2.68717E+01  -2.20482E-01
  0.00000E+00   2.83575E+01  -2.91045E-01
  0.00000E+00   2.99866E+01  -3.39860E-01
  0.00000E+00   3.18343E+01  -3.81682E-01
  0.00000E+00   3.37767E+01  -5.04451E-01
  0.00000E+00   3.58309E+01  -5.22146E-01
  0.00000E+00   3.81703E+01  -5.70831E-01
  0.00000E+00   4.07418E+01  -6.81628E-01
  0.00000E+00   4.34326E+01  -8.23682E-01
  0.00000E+00   4.61942E+01  -1.04542E+00
  0.00000E+00   4.94371E+01  -1.29609E+00
  0.00000E+00   5.30148E+01  -1.46514E+00
  0.00000E+00   5.61855E+01  -1.54240E+00
  0.00000E+00   5.80090E+01  -1.53850E+00
  0.00000E+00   5.81281E+01  -1.50771E+00
  0.00000E+00   5.74520E+01  -1.35598E+00
  0.00000E+00   5.65932E+01  -1.14962E+00
  0.00000E+00   5.59110E+01  -1.02032E+00
  0.00000E+00   5.53732E+01  -9.79370E-01
  0.00000E+00   5.46740E+01  -8.73350E-01
  0.00000E+00   5.43013E+01  -7.34121E-01
  0.00000E+00   5.46936E+01  -7.01277E-01
  0.00000E+00   5.53960E+01  -5.96086E-01
  0.00000E+00   5.57838E+01  -5.12662E-01
  0.00000E+00   5.55044E+01  -4.61774E-01
  0.00000E+00   5.43236E+01  -4.01628E-01
  0.00000E+00   5.20994E+01  -1.36529E-01
  0.00000E+00   4.99608E+01   3.21686E-01
  0.00000E+00   4.83610E+01   7.02283E-01
  0.00000E+00   4.74030E+01   7.21306E-01
  0.00000E+00   4.70718E+01   6.07823E-01
  0.00000E+00   4.71912E+01   5.34860E-01
  0.00000E+00   4.76094E+01   4.32257E-01
  0.00000E+00   4.87983E+01   2.93205E-01
  0.00000E+00   5.09255E+01   1.94469E-01
  0.00000E+00   5.37568E+01   1.63665E-01
  0.00000E+00   5.63296E+01   2.45455E-01
  0.00000E+00   5.80232E+01   3.78204E-01
  0.00000E+00   5.89675E+01   5.61395E-01
  0.00000E+00   5.95377E+01   6.26212E-01
  0.00000E+00   6.01226E+01   5.28047E-01
  0.00000E+00   6.07689E+01   4.23457E-01
  0.00000E+00   6.16004E+01   3.39989E-01
  0.00000E+00   6.24417E+01   3.94910E-01
  0.00000E+00   6.31826E+01   6.80550E-01
  0.00000E+00   6.33896E+01   7.03260E-01
  0.00000E+00   6.34269E+01   6.37296E-01
  0.00000E+00   6.44356E+01   5.08911E-01
  0.00000E+00   6.58168E+01   3.63192E-01
  0.00000E+00   6.76614E+01   2.02579E-01
  0.00000E+00   7.01913E+01   1.76303E-01
  0.00000E+00   7.23629E+01   1.46273E-01
  0.00000E+00   7.36369E+01   1.67985E-01
  0.00000E+00   7.33214E+01   3.29430E-01
  0.00000E+00   7.20812E+01   3.45090E-01
  0.00000E+00   7.04003E+01   2.83267E-01
  0.00000E+00   6.82270E+01   3.09791E-02
  0.00000E+00   6.58201E+01  -1.50924E-01
  0.00000E+00   6.42757E+01  -3.16561E-01
  0.00000E+00   6.35774E+01  -4.13215E-01
  0.00000E+00   6.34081E+01  -3.96402E-01
  0.00000E+00   6.30625E+01  -3.62905E-01
  0.00000E+00   6.28038E+01  -3.35891E-01
  0.00000E+00   6.27621E+01  -2.01152E-01
  0.00000E+00   6.31388E+01  -3.81128E-03
  0.00000E+00   6.39131E+01  -1.34102E-02
  0.00000E+00   6.47433E+01   8.68253E-02
  0.00000E+00   6.56189E+01   1.88143E-01
  0.00000E+00   6.63830E+01   9.97126E-02
  0.00000E+00   6.66802E+01   1.33622E-01
  0.00000E+00   6.65206E+01   1.58285E-01
  0.00000E+00   6.60675E+01   3.38342E-01
  0.00000E+00   6.57209E+01   5.13730E-01
  0.00000E+00   6.58003E+01   7.17187E-01
  0.00000E+00   6.60360E+01   9.96218E-01
  0.00000E+00   6.60266E+01   1.27011E+00
  0.00000E+00   6.59229E+01   1.34203E+00
  0.00000E+00   6.61594E+01   1.40911E+00
  0.00000E+00   6.57955E+01   1.38623E+00
  0.00000E+00   6.50461E+01   1.37974E+00
  0.00000E+00   6.48078E+01   1.40214E+00
  0.00000E+00   6.57580E+01   1.51639E+00
  0.00000E+00   6.73735E+01   1.56500E+00
  0.00000E+00   6.91691E+01   1.47612E+00
  0.00000E+00   7.09170E+01   1.41056E+00
  0.00000E+00   7.18625E+01   1.27810E+00
  0.00000E+00   7.23268E+01   1.14564E+00
  0.00000E+00   7.28868E+01   1.01736E+00
  0.00000E+00   7.39278E+01   9.06046E-01
  0.00000E+00   7.36814E+01   8.39222E-01
  0.00000E+00   7.22993E+01   8.73270E-01
  0.00000E+00   7.11408E+01   8.52812E-01
  0.00000E+00   7.15175E+01   9.15726E-01
  0.00000E+00   7.26546E+01   8.39690E-01
  0.00000E+00   7.35612E+01   8.12095E-01
  0.00000E+00   7.47081E+01   7.95900E-01
  0.00000E+00   7.61566E+01   8.62149E-01
  0.00000E+00   7.73205E+01   8.37715E-01
  0.00000E+00   7.72006E+01   8.99264E-01
  0.00000E+00   7.59466E+01   1.02578E+00
  0.00000E+00   7.48272E+01   9.94549E-01
  0.00000E+00   7.44147E+01   7.55969E-01
  0.00000E+00   7.50209E+01   7.50345E-01
  0.00000E+00   7.54980E+01   9.15272E-01
  0.00000E+00   7.50898E+01   9.55652E-01
  0.00000E+00   7.42415E+01   9.55600E-01
  0.00000E+00   7.43722E+01   8.81553E-01
  0.00000E+00   7.46748E+01   7.74033E-01
  0.00000E+00   7.48152E+01   7.78695E-01
  0.00000E+00   7.47290E+01   7.28995E-01
  0.00000E+00   7.44610E+01   9.59964E-01
  0.00000E+00   7.41394E+01   1.10818E+00
  0.00000E+00   7.35322E+01   1.18390E+00
  0.00000E+00   7.20345E+01   1.22133E+00
  0.00000E+00   6.99159E+01   1.36337E+00
  0.00000E+00   6.86502E+01   1.54480E+00
  0.00000E+00   6.83284E+01   1.60013E+00
  0.00000E+00   6.87125E+01   1.78477E+00
  0.00000E+00   6.94567E+01   1.95014E+00
  0.00000E+00   7.00464E+01   2.12453E+00
  0.00000E+00   7.09337E+01   2.26000E+00
  0.00000E+00   7.16033E+01   2.33093E+00
  0.00000E+00   7.19337E+01   2.31489E+00
  0.00000E+00   7.20178E+01   2.21397E+00
  0.00000E+00   7.12262E+01   2.10830E+00
  0.00000E+00   6.98715E+01   1.87665E+00
  0.00000E+00   6.86099E+01   1.62719E+00
  0.00000E+00   6.73594E+01   1.61811E+00
  0.00000E+00   6.56003E+01   1.59024E+00
  0.00000E+00   6.44420E+01   1.56525E+00
  0.00000E+00   6.46207E+01   1.55179E+00
  0.00000E+00   6.60971E+01   1.54974E+00
  0.00000E+00   6.76073E+01   1.66463E+00
  0.00000E+00   6.83356E+01   1.81962E+00
  0.00000E+00   6.79569E+01   1.91045E+00
  0.00000E+00   6.73643E+01   1.98258E+00
  0.00000E+00   6.69662E+01   1.76389E+00
  0.00000E+00   6.68642E+01   1.56342E+00
  0.00000E+00   6.61454E+01   1.37683E+00
  0.00000E+00   6.53619E+01   1.15752E+00
  0.00000E+00   6.47824E+01   1.07734E+00
  0.00000E+00   6.51664E+01   1.07609E+00
  0.00000E+00   6.63152E+01   1.10226E+00
  0.00000E+00   6.79837E+01   1.03285E+00
  0.00000E+00   7.01280E+01   9.25261E-01
  0.00000E+00   7.25641E+01   7.33301E-01
  0.00000E+00   7.53103E+01   5.46839E-01
  0.00000E+00   7.81906E+01   4.78953E-01
  0.00000E+00   8.05091E+01   4.90182E-01
  0.00000E+00   8.23963E+01   4.34729E-01
  0.00000E+00   8.38966E+01   2.40338E-01
  0.00000E+00   8.53857E+01   2.72002E-02
  0.00000E+00   8.68138E+01  -1.55549E-01
  0.00000E+00   8.79597E+01  -2.04093E-01
  0.00000E+00   8.95589E+01  -1.28515E-01
  0.00000E+00   9.25338E+01  -2.96566E-02
  0.00000E+00   9.57152E+01  -5.98874E-04
  0.00000E+00   9.85599E+01   5.41870E-02
  0.00000E+00   1.01406E+02   2.27225E-01
  0.00000E+00   1.04084E+02   3.78841E-01
  0.00000E+00   1.06058E+02   4.78278E-01
  0.00000E+00   1.08311E+02   4.22849E-01
  0.00000E+00   1.11801E+02   3.75393E-01
  0.00000E+00   1.16051E+02   3.59766E-01
  0.00000E+00   1.20371E+02   2.73611E-01
  0.00000E+00   1.23400E+02   1.45644E-01
  0.00000E+00   1.25843E+02   1.16572E-01
  0.00000E+00   1.27277E+02   4.00093E-02
  0.00000E+00   1.27962E+02  -1.22377E-01
  0.00000E+00   1.27965E+02  -2.18500E-01
  0.00000E+00   1.28818E+02  -1.97710E-01
  0.00000E+00   1.31027E+02  -2.28944E-01
  0.00000E+00   1.32177E+02  -2.65302E-01
  0.00000E+00   1.30641E+02  -2.05548E-02
  0.00000E+00   1.26670E+02  -7.23371E-02
  0.00000E+00   1.22056E+02  -2.56995E-01
  0.00000E+00   1.17262E+02  -5.22233E-01
  0.00000E+00   1.13750E+02  -7.73808E-01
  0.00000E+00   1.11748E+02  -9.45611E-01
  0.00000E+00   1.10417E+02  -1.01803E+00
  0.00000E+00   1.09387E+02  -1.01796E+00
  0.00000E+00   1.09674E+02  -1.20629E+00
  0.00000E+00   1.09879E+02  -9.42943E-01
  0.00000E+00   1.08837E+02  -1.17197E+00
  0.00000E+00   1.07416E+02  -1.24701E+00
  0.00000E+00   1.03890E+02  -1.32611E+00
  0.00000E+00   1.00479E+02  -1.46489E+00
  0.00000E+00   9.63855E+01  -1.46441E+00
  0.00000E+00   9.32473E+01  -1.72340E+00
  0.00000E+00   9.15001E+01  -1.43230E+00
  0.00000E+00   9.08556E+01  -1.22719E+00
  0.00000E+00   8.98612E+01  -1.17329E+00
  0.00000E+00   8.85112E+01  -1.11229E+00
  0.00000E+00   8.71759E+01  -1.10502E+00
  0.00000E+00   8.59240E+01  -1.07863E+00
  0.00000E+00   8.44014E+01  -7.95736E-01
  0.00000E+00   8.37198E+01  -5.78564E-01
  0.00000E+00   8.40966E+01  -3.44457E-01
  0.00000E+00   8.48791E+01  -4.48798E-01
  0.00000E+00   8.65252E+01  -4.99486E-01
  0.00000E+00   8.78510E+01  -7.92487E-01
  0.00000E+00   8.75010E+01  -8.37611E-01
  0.00000E+00   8.67268E+01  -9.20953E-01
  0.00000E+00   8.62771E+01  -9.38473E-01
  0.00000E+00   8.58024E+01  -8.51061E-01
  0.00000E+00   8.53759E+01  -7.37942E-01
  0.00000E+00   8.52151E+01  -7.78169E-01
  0.00000E+00   8.57453E+01  -9.35353E-01
  0.00000E+00   8.67008E+01  -9.25037E-01
  0.00000E+00   8.78390E+01  -8.30306E-01
  0.00000E+00   8.82367E+01  -5.68789E-01
  0.00000E+00   8.77706E+01  -4.19909E-01
  0.00000E+00   8.66496E+01  -4.75110E-01
  0.00000E+00   8.56756E+01  -5.86729E-01
  0.00000E+00   8.47371E+01  -5.55109E-01
  0.00000E+00   8.39332E+01  -4.04270E-01
  0.00000E+00   8.23574E+01  -1.91600E-01
  0.00000E+00   8.06519E+01  -1.17016E-01
  0.00000E+00   7.97996E+01  -1.75168E-01
  0.00000E+00   8.00805E+01  -3.16884E-01
  0.00000E+00   8.03114E+01  -3.88081E-01
  0.00000E+00   8.00445E+01  -3.90069E-01
  0.00000E+00   7.95453E+01  -4.20636E-01
  0.00000E+00   7.93252E+01  -4.33190E-01
  0.00000E+00   7.98277E+01  -1.75005E-01
  0.00000E+00   8.09517E+01  -1.16670E-02
  0.00000E+00   8.23642E+01   1.73314E-01
  0.00000E+00   8.36916E+01   3.84411E-01
  0.00000E+00   8.42972E+01   4.18785E-01
  0.00000E+00   8.41564E+01   6.47534E-01
  0.00000E+00   8.40017E+01   7.05101E-01
  0.00000E+00   8.41305E+01   7.52664E-01
  0.00000E+00   8.46782E+01   6.61726E-01
  0.00000E+00   8.54449E+01   4.04440E-01
  0.00000E+00   8.57476E+01   2.51345E-01
  0.00000E+00   8.58036E+01   5.33906E-02
  0.00000E+00   8.57778E+01  -4.82291E-02
  0.00000E+00   8.52486E+01   6.28349E-02
  0.00000E+00   8.41636E+01   1.55772E-02
  0.00000E+00   8.33818E+01   1.21648E-01
  0.00000E+00   8.44257E+01   2.22490E-01
  0.00000E+00   8.78966E+01   3.01057E-01
  0.00000E+00   9.25237E+01   2.59887E-01
  0.00000E+00   9.64979E+01   1.97978E-01
  0.00000E+00   9.93171E+01   2.67646E-01
  0.00000E+00   1.00875E+02   2.07318E-01
  0.00000E+00   1.01351E+02   2.36881E-01
  0.00000E+00   1.01879E+02   2.68566E-01
  0.00000E+00   1.02804E+02   1.50530E-01
  0.00000E+00   1.03936E+02   5.80594E-02
  0.00000E+00   1.05643E+02   4.27508E-02
  0.00000E+00   1.06817E+02   9.81980E-02
  0.00000E+00   1.06633E+02   2.57269E-01
  0.00000E+00   1.05861E+02   1.04737E-01
  0.00000E+00   1.05114E+02  -6.09047E-02
  0.00000E+00   1.04157E+02  -1.79657E-01
  0.00000E+00   1.03127E+02  -2.23680E-01
  0.00000E+00   1.02503E+02  -2.76182E-01
  0.00000E+00   1.01415E+02  -1.44611E-01
  0.00000E+00   9.93225E+01   6.95497E-03
  0.00000E+00   9.71586E+01   4.65355E-02
  0.00000E+00   9.59036E+01  -1.74855E-02
  0.00000E+00   9.51888E+01  -1.92303E-02
  0.00000E+00   9.53077E+01  -1.33805E-01
  0.00000E+00   9.58967E+01  -2.69912E-01
  0.00000E+00   9.68170E+01  -4.43478E-01
  0.00000E+00   9.79559E+01  -4.12968E-01
  0.00000E+00   9.91589E+01  -2.56905E-01
  0.00000E+00   1.00110E+02  -1.08535E-01
  0.00000E+00   1.00305E+02  -1.72515E-01
  0.00000E+00   1.00546E+02  -1.95334E-01
  0.00000E+00   1.00991E+02  -2.02738E-01
  0.00000E+00   1.01050E+02  -2.14596E-01
  0.00000E+00   1.00918E+02  -5.77428E-02
  0.00000E+00   1.00511E+02  -6.23443E-02
  0.00000E+00   1.00596E+02  -1.67791E-01
  0.00000E+00   1.00887E+02  -3.15922E-01
  0.00000E+00   9.96985E+01  -4.26837E-01
  0.00000E+00   9.77205E+01  -4.50591E-01
  0.00000E+00   9.65473E+01  -5.53052E-01
  0.00000E+00   9.56743E+01  -6.48880E-01
  0.00000E+00   9.44052E+01  -5.49474E-01
  0.00000E+00   9.36957E+01  -4.26662E-01
  0.00000E+00   9.15655E+01  -3.84511E-01
  0.00000E+00   8.94397E+01  -5.01324E-01
  0.00000E+00   8.89177E+01  -4.37795E-01
  0.00000E+00   8.94192E+01  -2.54313E-01
  0.00000E+00   9.02802E+01   2.03481E-01
  0.00000E+00   9.06262E+01   6.18945E-01
  0.00000E+00   8.94442E+01   8.37693E-01
  0.00000E+00   8.72356E+01   8.45354E-01
  0.00000E+00   8.39715E+01   1.10961E+00
  0.00000E+00   8.00755E+01   1.25229E+00
  0.00000E+00   7.72991E+01   1.12850E+00
  0.00000E+00   7.66443E+01   9.40486E-01
  0.00000E+00   7.71617E+01   6.99325E-01
  0.00000E+00   7.70150E+01   7.04097E-01
  0.00000E+00   7.67710E+01   6.85807E-01
  0.00000E+00   7.64054E+01   6.79892E-01
  0.00000E+00   7.73575E+01   6.96943E-01
  0.00000E+00   7.91322E+01   7.00370E-01
  0.00000E+00   8.08053E+01   5.37533E-01
  0.00000E+00   8.18772E+01   6.58833E-01
  0.00000E+00   8.28135E+01   6.24223E-01
  0.00000E+00   8.33564E+01   5.55177E-01
  0.00000E+00   8.34811E+01   5.62469E-01
  0.00000E+00   8.39640E+01   4.63244E-01
  0.00000E+00   8.45263E+01   5.83403E-01
  0.00000E+00   8.49260E+01   5.76537E-01
  0.00000E+00   8.55483E+01   8.05795E-01
  0.00000E+00   8.62939E+01   9.15699E-01
  0.00000E+00   8.66659E+01   1.06763E+00
  0.00000E+00   8.75214E+01   1.17481E+00
  0.00000E+00   8.86301E+01   1.15633E+00
  0.00000E+00   8.99252E+01   1.12016E+00
  0.00000E+00   9.08369E+01   8.91858E-01
  0.00000E+00   9.13237E+01   5.49148E-01
  0.00000E+00   9.26107E+01   4.29786E-01
  0.00000E+00   9.35394E+01   2.61122E-01
  0.00000E+00   9.39741E+01   2.02376E-01
  0.00000E+00   9.47849E+01   2.08068E-01
  0.00000E+00   9.52062E+01   6.40415E-02
  0.00000E+00   9.55072E+01  -1.76702E-02
  0.00000E+00   9.66333E+01   4.25649E-03
  0.00000E+00   9.78973E+01  -1.07546E-01
  0.00000E+00   9.86238E+01  -2.25871E-01
  0.00000E+00   9.90957E+01  -3.19385E-01
  0.00000E+00   1.00564E+02  -5.93268E-01
  0.00000E+00   1.02474E+02  -8.67975E-01
  0.00000E+00   1.04325E+02  -1.10488E+00
  0.00000E+00   1.05278E+02  -1.36224E+00
  0.00000E+00   1.05903E+02  -1.54898E+00
  0.00000E+00   1.05694E+02  -1.52967E+00
  0.00000E+00   1.05002E+02  -1.39997E+00
  0.00000E+00   1.04710E+02  -1.12987E+00
  0.00000E+00   1.05162E+02  -8.82925E-01
  0.00000E+00   1.06665E+02  -9.92414E-01
  0.00000E+00   1.08263E+02  -1.03478E+00
  0.00000E+00   1.09177E+02  -1.24654E+00
  0.00000E+00   1.08767E+02  -1.36921E+00
  0.00000E+00   1.06921E+02  -1.61998E+00
  0.00000E+00   1.05513E+02  -1.76500E+00
  0.00000E+00   1.05489E+02  -1.87015E+00
  0.00000E+00   1.05229E+02  -1.82256E+00
  0.00000E+00   1.04348E+02  -1.71025E+00
  0.00000E+00   1.02506E+02  -1.59903E+00
  0.00000E+00   1.00333E+02  -1.57771E+00
  0.00000E+00   9.71270E+01  -1.59293E+00
  0.00000E+00   9.47541E+01  -1.65016E+00
  0.00000E+00   9.35659E+01  -1.67664E+00
  0.00000E+00   9.33034E+01  -1.69665E+00
  0.00000E+00   9.35366E+01  -1.70472E+00
  0.00000E+00   9.52498E+01  -1.63788E+00
  0.00000E+00   9.66433E+01  -1.73162E+00
  0.00000E+00   9.69407E+01  -1.90464E+00
  0.00000E+00   9.64315E+01  -2.18671E+00
  0.00000E+00   9.55167E+01  -2.37183E+00
  0.00000E+00   9.48293E+01  -2.65376E+00
  0.00000E+00   9.46127E+01  -2.64428E+00
  0.00000E+00   9.50080E+01  -2.56575E+00
  0.00000E+00   9.58346E+01  -2.79554E+00
  0.00000E+00   9.75975E+01  -3.00953E+00
  0.00000E+00   9.94943E+01  -3.28160E+00
  0.00000E+00   1.00762E+02  -3.56120E+00
  0.00000E+00   1.00973E+02  -3.82877E+00
  0.00000E+00   1.02299E+02  -3.97144E+00
  0.00000E+00   1.03992E+02  -3.93615E+00
  0.00000E+00   1.04995E+02  -3.84680E+00
  0.00000E+00   1.03809E+02  -3.88696E+00
  0.00000E+00   1.01591E+02  -3.81289E+00
  0.00000E+00   1.00221E+02  -3.72863E+00
  0.00000E+00   1.00117E+02  -3.70777E+00
  0.00000E+00   1.00025E+02  -3.70861E+00
  0.00000E+00   1.00457E+02  -3.84929E+00
  0.00000E+00   1.00051E+02  -3.96144E+00
  0.00000E+00   9.86369E+01  -3.74622E+00
  0.00000E+00   9.73030E+01  -3.38136E+00
  0.00000E+00   9.55712E+01  -3.08271E+00
  0.00000E+00   9.32816E+01  -2.80752E+00
  0.00000E+00   9.19056E+01  -2.63144E+00
  0.00000E+00   9.24401E+01  -2.48992E+00
  0.00000E+00   9.42948E+01  -2.40690E+00
  0.00000E+00   9.60110E+01  -2.31792E+00
  0.00000E+00   9.68889E+01  -2.21790E+00
  0.00000E+00   9.78471E+01  -2.22167E+00
  0.00000E+00   9.83145E+01  -2.08151E+00
  0.00000E+00   9.82745E+01  -2.18934E+00
  0.00000E+00   9.82907E+01  -2.13906E+00
  0.00000E+00   9.75433E+01  -1.92653E+00
  0.00000E+00   9.75043E+01  -1.85821E+00
  0.00000E+00   9.85246E+01  -1.90440E+00
  0.00000E+00   1.00159E+02  -1.77728E+00
  0.00000E+00   1.01889E+02  -1.89703E+00
  0.00000E+00   1.02939E+02  -1.89644E+00
  0.00000E+00   1.04260E+02  -1.92495E+00
  0.00000E+00   1.06036E+02  -1.87914E+00
  0.00000E+00   1.08026E+02  -1.73485E+00
  0.00000E+00   1.09295E+02  -1.61956E+00
  0.00000E+00   1.09924E+02  -1.53701E+00
  0.00000E+00   1.09984E+02  -1.37254E+00
  0.00000E+00   1.10245E+02  -1.27881E+00
  0.00000E+00   1.11168E+02  -1.08709E+00
  0.00000E+00   1.12176E+02  -8.74723E-01
  0.00000E+00   1.14104E+02  -7.18124E-01
  0.00000E+00   1.17437E+02  -7.09840E-01
  0.00000E+00   1.22242E+02  -6.21320E-01
  0.00000E+00   1.27003E+02  -5.16703E-01
  0.00000E+00   1.30220E+02  -5.35626E-01
  0.00000E+00   1.32681E+02  -6.13544E-01
  0.00000E+00   1.34490E+02  -7.35738E-01
  0.00000E+00   1.36587E+02  -8.02382E-01
  0.00000E+00   1.39231E+02  -1.01116E+00
  0.00000E+00   1.42698E+02  -1.21308E+00
  0.00000E+00   1.46399E+02  -1.63576E+00
  0.00000E+00   1.48967E+02  -1.87919E+00
  0.00000E+00   1.49639E+02  -1.79234E+00
  0.00000E+00   1.48989E+02  -1.58094E+00
  0.00000E+00   1.47563E+02  -1.51508E+00
  0.00000E+00   1.47211E+02  -1.36720E+00
  0.00000E+00   1.47888E+02  -1.34019E+00
  0.00000E+00   1.47417E+02  -1.19367E+00
  0.00000E+00   1.45082E+02  -1.20729E+00
  0.00000E+00   1.42618E+02  -1.10769E+00
  0.00000E+00   1.40582E+02  -9.85112E-01
  0.00000E+00   1.39791E+02  -1.13768E+00
  0.00000E+00   1.40469E+02  -1.16664E+00
  0.00000E+00   1.40961E+02  -1.19062E+00
  0.00000E+00   1.41866E+02  -1.42971E+00
  0.00000E+00   1.43881E+02  -1.41437E+00
  0.00000E+00   1.46101E+02  -1.46245E+00
  0.00000E+00   1.48406E+02  -1.41171E+00
  0.00000E+00   1.49274E+02  -1.61422E+00
  0.00000E+00   1.48731E+02  -1.81009E+00
  0.00000E+00   1.49252E+02  -2.19923E+00
  0.00000E+00   1.51056E+02  -2.52146E+00
  0.00000E+00   1.51863E+02  -2.92901E+00
  0.00000E+00   1.51508E+02  -2.97294E+00
  0.00000E+00   1.51391E+02  -3.05337E+00
  0.00000E+00   1.50539E+02  -2.98522E+00
  0.00000E+00   1.49395E+02  -2.83540E+00
  0.00000E+00   1.48146E+02  -2.32419E+00
  0.00000E+00   1.47456E+02  -1.80557E+00
  0.00000E+00   1.48345E+02  -1.24572E+00
  0.00000E+00   1.49169E+02  -7.89715E-01
  0.00000E+00   1.48792E+02  -5.87577E-01
  0.00000E+00   1.48893E+02  -5.22016E-01
  0.00000E+00   1.49163E+02  -3.76662E-01
  0.00000E+00   1.49578E+02  -1.75498E-01
  0.00000E+00   1.50690E+02   5.32084E-02
  0.00000E+00   1.52061E+02   3.12759E-01
  0.00000E+00   1.52851E+02   2.68596E-01
  0.00000E+00   1.54542E+02  -6.69099E-02
  0.00000E+00   1.54930E+02  -2.80465E-01
  0.00000E+00   1.53824E+02  -4.09806E-01
  0.00000E+00   1.51898E+02  -4.13668E-01
  0.00000E+00   1.50308E+02  -4.80100E-01
  0.00000E+00   1.49768E+02  -1.98331E-01
  0.00000E+00   1.51241E+02  -1.25899E-02
  0.00000E+00   1.53121E+02  -1.68181E-01
  0.00000E+00   1.53037E+02  -3.58610E-01
  0.00000E+00   1.49584E+02  -1.95228E-01
  0.00000E+00   1.44318E+02   2.76163E-01
  0.00000E+00   1.39347E+02   4.36602E-01
  0.00000E+00   1.37507E+02   5.50370E-01
  0.00000E+00   1.38174E+02   8.28599E-01
  0.00000E+00   1.39073E+02   9.96275E-01
  0.00000E+00   1.37969E+02   1.23213E+00
  0.00000E+00   1.36102E+02   1.30769E+00
  0.00000E+00   1.33977E+02   1.46051E+00
  0.00000E+00   1.31803E+02   1.43947E+00
  0.00000E+00   1.31131E+02   1.69320E+00
  0.00000E+00   1.32365E+02   1.97922E+00
  0.00000E+00   1.33960E+02   2.49677E+00
  0.00000E+00   1.35370E+02   2.76980E+00
  0.00000E+00   1.35957E+02   3.07959E+00
  0.00000E+00   1.36314E+02   3.28378E+00
  0.00000E+00   1.37003E+02   3.60206E+00
  0.00000E+00   1.37685E+02   3.87603E+00
  0.00000E+00   1.39373E+02   4.18438E+00
  0.00000E+00   1.42482E+02   4.53138E+00
  0.00000E+00   1.45708E+02   4.94118E+00
  0.00000E+00   1.48016E+02   5.34494E+00
  0.00000E+00   1.49959E+02   5.55159E+00
  0.00000E+00   1.52628E+02   5.37343E+00
  0.00000E+00   1.55660E+02   5.40123E+00
  0.00000E+00   1.57963E+02   5.59424E+00
  0.00000E+00   1.60323E+02   5.44843E+00
  0.00000E+00   1.62929E+02   5.49757E+00
  0.00000E+00   1.65659E+02   5.28847E+00
  0.00000E+00   1.67874E+02   5.20557E+00
  0.00000E+00   1.70672E+02   5.10203E+00
  0.00000E+00   1.73628E+02   5.09592E+00
  0.00000E+00   1.76626E+02   4.94486E+00
  0.00000E+00   1.79535E+02   4.78680E+00
  0.00000E+00   1.82235E+02   4.52630E+00
  0.00000E+00   1.83762E+02   4.27569E+00
  0.00000E+00   1.84221E+02   4.28101E+00
  0.00000E+00   1.84311E+02   4.14259E+00
  0.00000E+00   1.84682E+02   3.89080E+00
  0.00000E+00   1.86609E+02   3.71181E+00
  0.00000E+00   1.88253E+02   3.82952E+00
  0.00000E+00   1.88810E+02   3.71645E+00
  0.00000E+00   1.87995E+02   3.58076E+00
  0.00000E+00   1.85297E+02   3.40237E+00
  0.00000E+00   1.82007E+02   3.52973E+00
  0.00000E+00   1.80145E+02   3.35687E+00
  0.00000E+00   1.79033E+02   3.58611E+00
  0.00000E+00   1.76838E+02   3.56298E+00
  0.00000E+00   1.74926E+02   3.78132E+00
  0.00000E+00   1.74722E+02   4.10397E+00
  0.00000E+00   1.73178E+02   4.01090E+00
  0.00000E+00   1.70859E+02   4.42816E+00
  0.00000E+00   1.69807E+02   4.77441E+00
  0.00000E+00   1.68228E+02   4.99894E+00
  0.00000E+00   1.67231E+02   4.98404E+00
  0.00000E+00   1.66076E+02   4.76008E+00
  0.00000E+00   1.64599E+02   4.42060E+00
  0.00000E+00   1.63722E+02   4.34229E+00
  0.00000E+00   1.64202E+02   4.20892E+00
  0.00000E+00   1.63733E+02   4.24890E+00
  0.00000E+00   1.62571E+02   4.44105E+00
  0.00000E+00   1.62552E+02   4.45008E+00
  0.00000E+00   1.61262E+02   4.58102E+00
  0.00000E+00   1.59996E+02   4.54765E+00
  0.00000E+00   1.59740E+02   4.30866E+00
  0.00000E+00   1.58306E+02   4.47034E+00
  0.00000E+00   1.56694E+02   4.41506E+00
  0.00000E+00   1.54182E+02   4.51716E+00
  0.00000E+00   1.50624E+02   4.40632E+00
  0.00000E+00   1.49598E+02   4.43205E+00
  0.00000E+00   1.48778E+02   4.43524E+00
  0.00000E+00   1.49040E+02   4.13980E+00
  0.00000E+00   1.50464E+02   4.40654E+00
  0.00000E+00   1.52136E+02   4.35504E+00
  0.00000E+00   1.52990E+02   4.36244E+00
  0.00000E+00   1.53444E+02   4.34777E+00
  0.00000E+00   1.54470E+02   4.43044E+00
  0.00000E+00   1.56907E+02   4.81924E+00
  0.00000E+00   1.60033E+02   4.90273E+00
  0.00000E+00   1.63521E+02   4.87450E+00
  0.00000E+00   1.66597E+02   4.85756E+00
  0.00000E+00   1.68386E+02   4.66354E+00
  0.00000E+00   1.68849E+02   4.35776E+00
  0.00000E+00   1.68535E+02   4.04773E+00
  0.00000E+00   1.68233E+02   3.84971E+00
  0.00000E+00   1.67480E+02   3.81590E+00
  0.00000E+00   1.68028E+02   3.69370E+00
  0.00000E+00   1.69559E+02   3.34563E+00
  0.00000E+00   1.70830E+02   2.95526E+00
  0.00000E+00   1.71803E+02   2.77878E+00
  0.00000E+00   1.72370E+02   2.62486E+00
  0.00000E+00   1.72692E+02   2.53130E+00
  0.00000E+00   1.72081E+02   2.41690E+00
  0.00000E+00   1.71287E+02   2.21229E+00
  0.00000E+00   1.70186E+02   2.11206E+00
  0.00000E+00   1.70966E+02   1.95401E+00
  0.00000E+00   1.72039E+02   1.84727E+00
  0.00000E+00   1.72568E+02   1.78529E+00
  0.00000E+00   1.72796E+02   1.59171E+00
  0.00000E+00   1.74096E+02   1.64905E+00
  0.00000E+00   1.74925E+02   1.77223E+00
  0.00000E+00   1.74122E+02   1.75468E+00
  0.00000E+00   1.73006E+02   1.64457E+00
  0.00000E+00   1.71750E+02   1.66519E+00
  0.00000E+00   1.70433E+02   1.42479E+00
  0.00000E+00   1.68818E+02   1.15950E+00
  0.00000E+00   1.67534E+02   1.08859E+00
  0.00000E+00   1.66229E+02   1.25445E+00
  0.00000E+00   1.64286E+02   1.31703E+00
  0.00000E+00   1.61691E+02   1.48440E+00
  0.00000E+00   1.59459E+02   1.78292E+00
  0.00000E+00   1.57374E+02   2.24941E+00
  0.00000E+00   1.56486E+02   2.26055E+00
  0.00000E+00   1.55614E+02   2.14717E+00
  0.00000E+00   1.56033E+02   2.21650E+00
  0.00000E+00   1.55233E+02   2.26287E+00
  0.00000E+00   1.53230E+02   2.38716E+00
  0.00000E+00   1.50848E+02   2.44039E+00
  0.00000E+00   1.49552E+02   2.65246E+00
  0.00000E+00   1.48261E+02   3.04968E+00
  0.00000E+00   1.47134E+02   3.09287E+00
  0.00000E+00   1.46351E+02   3.23908E+00
  0.00000E+00   1.44731E+02   3.48885E+00
  0.00000E+00   1.43613E+02   3.36124E+00
  0.00000E+00   1.41299E+02   3.49744E+00
  0.00000E+00   1.38888E+02   3.38819E+00
  0.00000E+00   1.37735E+02   3.55882E+00
  0.00000E+00   1.36159E+02   3.71175E+00
  0.00000E+00   1.34204E+02   3.78583E+00
  0.00000E+00   1.32953E+02   3.64087E+00
  0.00000E+00   1.31102E+02   3.21798E+00
  0.00000E+00   1.28039E+02   3.00955E+00
  0.00000E+00   1.24423E+02   3.06533E+00
  0.00000E+00   1.20431E+02   3.05979E+00
  0.00000E+00   1.17526E+02   3.14213E+00
  0.00000E+00   1.15765E+02   3.02869E+00
  0.00000E+00   1.13890E+02   2.98077E+00
  0.00000E+00   1.12329E+02   3.01970E+00
  0.00000E+00   1.11314E+02   2.71418E+00
  0.00000E+00   1.10260E+02   2.58856E+00
  0.00000E+00   1.11174E+02   2.48282E+00
  0.00000E+00   1.12175E+02   2.34548E+00
  0.00000E+00   1.13708E+02   2.36014E+00
  0.00000E+00   1.14801E+02   2.39441E+00
  0.00000E+00   1.14194E+02   2.42940E+00
  0.00000E+00   1.12827E+02   2.47659E+00
  0.00000E+00   1.11671E+02   2.56311E+00
  0.00000E+00   1.10714E+02   2.67098E+00
  0.00000E+00   1.10298E+02   2.86250E+00
  0.00000E+00   1.09441E+02   2.62951E+00
  0.00000E+00   1.08739E+02   2.38743E+00
  0.00000E+00   1.08282E+02   2.06683E+00
  0.00000E+00   1.07754E+02   1.78046E+00
  0.00000E+00   1.07326E+02   1.59587E+00
  0.00000E+00   1.06808E+02   1.49457E+00
  0.00000E+00   1.06371E+02   1.46249E+00
  0.00000E+00   1.06340E+02   1.52680E+00
  0.00000E+00   1.07231E+02   1.35943E+00
  0.00000E+00   1.08777E+02   1.11326E+00
  0.00000E+00   1.10009E+02   8.40129E-01
  0.00000E+00   1.10202E+02   3.84415E-01
  0.00000E+00   1.09934E+02  -3.38358E-03
  0.00000E+00   1.09911E+02  -2.04258E-01
  0.00000E+00   1.10575E+02  -5.16115E-01
  0.00000E+00   1.12103E+02  -5.38509E-01
  0.00000E+00   1.12976E+02  -4.77771E-01
  0.00000E+00   1.12352E+02  -6.17144E-01
  0.00000E+00   1.10726E+02  -8.56183E-01
  0.00000E+00   1.08863E+02  -9.50651E-01
  0.00000E+00   1.08497E+02  -1.04171E+00
  0.00000E+00   1.09067E+02  -1.04840E+00
  0.00000E+00   1.10728E+02  -1.19064E+00
  0.00000E+00   1.12060E+02  -1.30300E+00
  0.00000E+00   1.11870E+02  -1.32174E+00
  0.00000E+00   1.10559E+02  -1.41911E+00
  0.00000E+00   1.08792E+02  -1.67702E+00
  0.00000E+00   1.07611E+02  -1.75263E+00
  0.00000E+00   1.06369E+02  -1.78584E+00
  0.00000E+00   1.04910E+02  -1.74243E+00
  0.00000E+00   1.03575E+02  -1.69455E+00
  0.00000E+00   1.03051E+02  -1.68214E+00
  0.00000E+00   1.03709E+02  -1.53018E+00
  0.00000E+00   1.04872E+02  -1.32208E+00
  0.00000E+00   1.05519E+02  -1.11024E+00
  0.00000E+00   1.05104E+02  -7.99860E-01
  0.00000E+00   1.04504E+02  -4.09191E-01
  0.00000E+00   1.03054E+02  -2.56383E-01
  0.00000E+00   1.01749E+02  -8.38871E-02
  0.00000E+00   9.98708E+01  -1.65548E-01
  0.00000E+00   9.77343E+01   3.62130E-02
  0.00000E+00   9.57244E+01   4.37246E-02
  0.00000E+00   9.48550E+01   1.04904E-01
  0.00000E+00   9.47657E+01   2.64917E-01
  0.00000E+00   9.52818E+01   2.34672E-01
  0.00000E+00   9.65417E+01   2.10903E-01
  0.00000E+00   9.84854E+01   2.69804E-01
  0.00000E+00   1.00047E+02   3.95399E-01
  0.00000E+00   1.01115E+02   4.53557E-01
  0.00000E+00   1.01261E+02   5.80902E-01
  0.00000E+00   1.01008E+02   7.39191E-01
  0.00000E+00   1.01187E+02   8.48340E-01
  0.00000E+00   1.01170E+02   9.53637E-01
  0.00000E+00   1.01101E+02   1.09543E+00
  0.00000E+00   1.01105E+02   1.28718E+00
  0.00000E+00   1.00302E+02   1.59489E+00
  0.00000E+00   9.89836E+01   1.86877E+00
  0.00000E+00   9.77027E+01   2.03656E+00
  0.00000E+00   9.59035E+01   2.07818E+00
  0.00000E+00   9.41549E+01   2.02623E+00
  0.00000E+00   9.18223E+01   2.12068E+00
  0.00000E+00   8.95677E+01   2.19264E+00
  0.00000E+00   8.73891E+01   2.19128E+00
  0.00000E+00   8.62449E+01   2.20439E+00
  0.00000E+00   8.53218E+01   2.26281E+00
  0.00000E+00   8.49235E+01   2.35763E+00
  0.00000E+00   8.44190E+01   2.58480E+00
  0.00000E+00   8.32248E+01   3.08918E+00
  0.00000E+00   8.18231E+01   3.14590E+00
  0.00000E+00   8.10063E+01   3.31229E+00
  0.00000E+00   8.07832E+01   3.27244E+00
  0.00000E+00   8.04884E+01   3.11331E+00
  0.00000E+00   7.91122E+01   2.72659E+00
  0.00000E+00   7.78940E+01   2.66324E+00
  0.00000E+00   7.72207E+01   2.90298E+00
  0.00000E+00   7.67123E+01   2.96759E+00
  0.00000E+00   7.56370E+01   2.93702E+00
  0.00000E+00   7.49527E+01   2.88278E+00
  0.00000E+00   7.46062E+01   2.69351E+00
  0.00000E+00   7.44187E+01   2.48578E+00
  0.00000E+00   7.38179E+01   2.31558E+00
  0.00000E+00   7.22159E+01   2.29315E+00
  0.00000E+00   7.04435E+01   2.25985E+00
  0.00000E+00   6.99469E+01   2.21803E+00
  0.00000E+00   7.01001E+01   2.13599E+00
  0.00000E+00   7.07264E+01   2.07454E+00
  0.00000E+00   7.18196E+01   2.02313E+00
  0.00000E+00   7.22410E+01   1.94717E+00
  0.00000E+00   7.21216E+01   1.97572E+00
  0.00000E+00   7.19984E+01   1.99295E+00
  0.00000E+00   7.25291E+01   2.11034E+00
  0.00000E+00   7.38449E+01   2.18787E+00
  0.00000E+00   7.57531E+01   2.31610E+00
  0.00000E+00   7.82976E+01   2.45714E+00
  0.00000E+00   8.09509E+01   2.44600E+00
  0.00000E+00   8.33679E+01   2.39384E+00
  0.00000E+00   8.48442E+01   2.36769E+00
  0.00000E+00   8.59715E+01   2.37830E+00
  0.00000E+00   8.72486E+01   2.38579E+00
  0.00000E+00   8.89270E+01   2.38068E+00
  0.00000E+00   9.07386E+01   2.28603E+00
  0.00000E+00   9.19746E+01   2.23507E+00
  0.00000E+00   9.39046E+01   2.28712E+00
  0.00000E+00   9.62930E+01   2.24654E+00
  0.00000E+00   9.84556E+01   2.28623E+00
  0.00000E+00   9.98794E+01   2.35003E+00
  0.00000E+00   1.00648E+02   2.32761E+00
  0.00000E+00   1.00710E+02   2.06872E+00
  0.00000E+00   1.00884E+02   1.88651E+00
  0.00000E+00   1.02029E+02   1.88352E+00
  0.00000E+00   1.03887E+02   1.91187E+00
  0.00000E+00   1.05317E+02   1.99761E+00
  0.00000E+00   1.06500E+02   2.01550E+00
