  0.00000E+00   5.45533E-05   5.43295E-06
  0.00000E+00   5.27477E-05   8.71833E-06
  0.00000E+00   5.00094E-05   8.62998E-06
  0.00000E+00   4.93387E-05   8.13389E-06
  0.00000E+00   5.05761E-05   7.55061E-06
  0.00000E+00   5.36952E-05   7.09422E-06
  0.00000E+00   5.83218E-05   6.90080E-06
  0.00000E+00   6.45489E-05   6.98128E-06
  0.00000E+00   7.24014E-05   7.34634E-06
  0.00000E+00   8.20615E-05   7.97713E-06
  0.00000E+00   9.38468E-05   8.88159E-06
  0.00000E+00   1.07948E-04   1.00749E-05
  0.00000E+00   1.24558E-04   1.16057E-05
  0.00000E+00   1.43947E-04   1.34938E-05
  0.00000E+00   1.66801E-04   1.57579E-05
  0.00000E+00   1.93413E-04   1.84691E-05
  0.00000E+00   2.24565E-04   2.16740E-05
  0.00000E+00   2.61159E-04   2.53760E-05
  0.00000E+00   3.04028E-04   2.97360E-05
  0.00000E+00   3.54290E-04   3.47639E-05
  0.00000E+00   4.13535E-04   4.05384E-05
  0.00000E+00   4.83176E-04   4.72560E-05
  0.00000E+00   5.65336E-04   5.49560E-05
  0.00000E+00   6.62413E-04   6.38376E-05
  0.00000E+00   7.77180E-04   7.40848E-05
  0.00000E+00   9.12935E-04   8.59557E-05
  0.00000E+00   1.07409E-03   9.96201E-05
  0.00000E+00   1.26548E-03   1.15462E-04
  0.00000E+00   1.49270E-03   1.33909E-04
  0.00000E+00   1.76330E-03   1.55284E-04
  0.00000E+00   2.08619E-03   1.80124E-04
  0.00000E+00   2.47121E-03   2.09174E-04
  0.00000E+00   2.93108E-03   2.43138E-04
  0.00000E+00   3.48121E-03   2.82892E-04
  0.00000E+00   4.13978E-03   3.29544E-04
  0.00000E+00   4.92852E-03   3.84418E-04
  0.00000E+00   5.87398E-03   4.49006E-04
  0.00000E+00   7.00793E-03   5.25159E-04
  0.00000E+00   8.36848E-03   6.15142E-04
  0.00000E+00   1.00012E-02   7.21540E-04
  0.00000E+00   1.19607E-02   8.47451E-04
  0.00000E+00   1.43124E-02   9.96448E-04
  0.00000E+00   1.71341E-02   1.17277E-03
  0.00000E+00   2.05187E-02   1.38140E-03
  0.00000E+00   2.45762E-02   1.62807E-03
  0.00000E+00   2.94366E-02   1.91942E-03
  0.00000E+00   3.52531E-02   2.26298E-03
  0.00000E+00   4.22056E-02   2.66737E-03
  0.00000E+00   5.05044E-02   3.14215E-03
  0.00000E+00   6.03945E-02   3.69802E-03
  0.00000E+00   7.21597E-02   4.34678E-03
  0.00000E+00   8.61268E-02   5.10129E-03
  0.00000E+00   1.02670E-01   5.97538E-03
  0.00000E+00   1.22217E-01   6.98368E-03
  0.00000E+00   1.45251E-01   8.14152E-03
  0.00000E+00   1.72316E-01   9.46452E-03
  0.00000E+00   2.04023E-01   1.09682E-02
  0.00000E+00   2.41051E-01   1.26675E-02
  0.00000E+00   2.84154E-01   1.45757E-02
  0.00000E+00   3.34164E-01   1.67043E-02
  0.00000E+00   3.91995E-01   1.90615E-02
  0.00000E+00   4.58651E-01   2.16520E-02
  0.00000E+00   5.35226E-01   2.44757E-02
  0.00000E+00   6.22911E-01   2.75272E-02
  0.00000E+00   7.22998E-01   3.07942E-02
  0.00000E+00   8.36878E-01   3.42576E-02
  0.00000E+00   9.66040E-01   3.78895E-02
  0.00000E+00   1.11206E+00   4.16530E-02
  0.00000E+00   1.27656E+00   4.55012E-02
  0.00000E+00   1.46124E+00   4.93762E-02
  0.00000E+00   1.66773E+00   5.32118E-02
  0.00000E+00   1.89762E+00   5.69389E-02
  0.00000E+00   2.15235E+00   6.04951E-02
  0.00000E+00   2.43313E+00   6.38393E-02
  0.00000E+00   2.74089E+00   6.69730E-02
  0.00000E+00   3.07625E+00   6.99674E-02
  0.00000E+00   3.43946E+00   7.29716E-02
  0.00000E+00   3.83045E+00   7.61793E-02
  0.00000E+00   4.24878E+00   7.97666E-02
  0.00000E+00   4.69372E+00   8.38459E-02
  0.00000E+00   5.16425E+00   8.84880E-02
  0.00000E+00   5.65900E+00   9.37154E-02
  0.00000E+00   6.17600E+00   9.95378E-02
  0.00000E+00   6.71210E+00   1.05988E-01
  0.00000E+00   7.26278E+00   1.13115E-01
  0.00000E+00   7.82170E+00   1.20716E-01
  0.00000E+00   8.37976E+00   1.27906E-01
  0.00000E+00   8.92568E+00   1.33077E-01
  0.00000E+00   9.44858E+00   1.34352E-01
  0.00000E+00   9.93990E+00   1.30797E-01
  0.00000E+00   1.03937E+01   1.22930E-01
  0.00000E+00   1.08088E+01   1.11267E-01
  0.00000E+00   1.11943E+01   9.75059E-02
  0.00000E+00   1.15731E+01   8.55273E-02
  0.00000E+00   1.19671E+01   7.55906E-02
  0.00000E+00   1.23707E+01   6.20687E-02
  0.00000E+00   1.27516E+01   3.93390E-02
  0.00000E+00   1.30803E+01   1.08990E-02
  0.00000E+00   1.33190E+01  -2.15095E-02
  0.00000E+00   1.34580E+01  -6.09935E-02
  0.00000E+00   1.35430E+01  -8.86301E-02
  0.00000E+00   1.36298E+01  -1.06962E-01
  0.00000E+00   1.37443E+01  -9.00388E-02
  0.00000E+00   1.38867E+01  -3.56229E-02
  0.00000E+00   1.40317E+01   1.92831E-02
  0.00000E+00   1.41377E+01   6.07108E-02
  0.00000E+00   1.41609E+01   8.89480E-02
  0.00000E+00   1.41153E+01   9.59833E-02
  0.00000E+00   1.41119E+01   7.85619E-02
  0.00000E+00   1.42218E+01   7.74258E-02
  0.00000E+00   1.44480E+01   9.61318E-02
  0.00000E+00   1.47887E+01   7.79141E-02
  0.00000E+00   1.52340E+01   2.95884E-02
  0.00000E+00   1.57533E+01  -2.69183E-02
  0.00000E+00   1.62530E+01  -8.63311E-02
  0.00000E+00   1.66551E+01  -1.21476E-01
  0.00000E+00   1.69222E+01  -1.66210E-01
  0.00000E+00   1.70929E+01  -2.13161E-01
  0.00000E+00   1.72333E+01  -2.20942E-01
  0.00000E+00   1.74115E+01  -1.85468E-01
  0.00000E+00   1.76842E+01  -1.31205E-01
  0.00000E+00   1.80974E+01  -7.44533E-02
  0.00000E+00   1.86601E+01  -2.20326E-02
  0.00000E+00   1.93162E+01   3.96660E-02
  0.00000E+00   1.99911E+01   1.05396E-01
  0.00000E+00   2.06499E+01   1.67523E-01
  0.00000E+00   2.12949E+01   2.06007E-01
  0.00000E+00   2.19659E+01   2.61787E-01
  0.00000E+00   2.26677E+01   3.40941E-01
  0.00000E+00   2.34042E+01   4.08184E-01
  0.00000E+00   2.41844E+01   4.73254E-01
  0.00000E+00   2.49818E+01   5.42810E-01
  0.00000E+00   2.57703E+01   5.97702E-01
  0.00000E+00   2.65223E+01   6.32281E-01
  0.00000E+00   2.72343E+01   6.39155E-01
  0.00000E+00   2.79029E+01   6.22055E-01
  0.00000E+00   2.84984E+01   5.77685E-01
  0.00000E+00   2.89727E+01   5.09672E-01
  0.00000E+00   2.93502E+01   4.52120E-01
  0.00000E+00   2.96885E+01   3.84666E-01
  0.00000E+00   2.99680E+01   3.19953E-01
  0.00000E+00   3.01489E+01   2.68448E-01
  0.00000E+00   3.02435E+01   2.02668E-01
  0.00000E+00   3.03220E+01   1.30116E-01
  0.00000E+00   3.04171E+01   8.58049E-02
  0.00000E+00   3.04686E+01   5.01631E-02
  0.00000E+00   3.04285E+01  -2.40876E-02
  0.00000E+00   3.04042E+01  -1.38667E-01
  0.00000E+00   3.04677E+01  -2.61588E-01
  0.00000E+00   3.06230E+01  -3.73531E-01
  0.00000E+00   3.09277E+01  -4.67794E-01
  0.00000E+00   3.14484E+01  -5.27349E-01
  0.00000E+00   3.21653E+01  -5.30381E-01
  0.00000E+00   3.29655E+01  -4.94150E-01
  0.00000E+00   3.37643E+01  -4.27964E-01
  0.00000E+00   3.44962E+01  -3.34276E-01
  0.00000E+00   3.51583E+01  -2.63064E-01
  0.00000E+00   3.58600E+01  -2.28744E-01
  0.00000E+00   3.66307E+01  -2.18995E-01
  0.00000E+00   3.74513E+01  -2.04166E-01
  0.00000E+00   3.82230E+01  -1.66343E-01
  0.00000E+00   3.88659E+01  -1.29745E-01
  0.00000E+00   3.93055E+01  -7.22181E-02
  0.00000E+00   3.95543E+01   3.45568E-03
  0.00000E+00   3.97089E+01   6.21623E-02
  0.00000E+00   3.97796E+01   8.41481E-02
  0.00000E+00   3.97748E+01   7.58038E-02
  0.00000E+00   3.97570E+01   6.39330E-02
  0.00000E+00   3.97506E+01   5.17916E-02
  0.00000E+00   3.97738E+01   1.77556E-02
  0.00000E+00   3.98724E+01  -6.25241E-02
  0.00000E+00   4.01045E+01  -2.45396E-01
  0.00000E+00   4.05223E+01  -4.96440E-01
  0.00000E+00   4.10545E+01  -7.27623E-01
  0.00000E+00   4.16969E+01  -8.98327E-01
  0.00000E+00   4.23221E+01  -1.03440E+00
  0.00000E+00   4.27582E+01  -1.11214E+00
  0.00000E+00   4.28795E+01  -1.09382E+00
  0.00000E+00   4.25561E+01  -1.00411E+00
  0.00000E+00   4.18393E+01  -8.60967E-01
  0.00000E+00   4.08271E+01  -7.16443E-01
  0.00000E+00   3.97606E+01  -5.57290E-01
  0.00000E+00   3.90692E+01  -3.83597E-01
  0.00000E+00   3.89290E+01  -3.36715E-01
  0.00000E+00   3.92089E+01  -3.46138E-01
  0.00000E+00   3.97415E+01  -4.33434E-01
  0.00000E+00   4.01148E+01  -5.22472E-01
  0.00000E+00   4.00336E+01  -6.14847E-01
  0.00000E+00   3.96515E+01  -6.54564E-01
  0.00000E+00   3.90650E+01  -6.40537E-01
  0.00000E+00   3.86230E+01  -5.70736E-01
  0.00000E+00   3.86859E+01  -5.71070E-01
  0.00000E+00   3.90532E+01  -5.55456E-01
  0.00000E+00   3.92300E+01  -4.70617E-01
  0.00000E+00   3.91098E+01  -3.40061E-01
  0.00000E+00   3.86002E+01  -1.92184E-01
  0.00000E+00   3.76635E+01  -1.90419E-02
  0.00000E+00   3.65446E+01   1.65448E-01
  0.00000E+00   3.55453E+01   3.22234E-01
  0.00000E+00   3.46321E+01   4.71231E-01
  0.00000E+00   3.38730E+01   5.43911E-01
  0.00000E+00   3.33166E+01   5.20106E-01
  0.00000E+00   3.28744E+01   4.25025E-01
  0.00000E+00   3.25426E+01   2.84802E-01
  0.00000E+00   3.23349E+01   1.28393E-01
  0.00000E+00   3.23743E+01  -1.59551E-02
  0.00000E+00   3.27109E+01  -1.57372E-01
  0.00000E+00   3.32465E+01  -3.08895E-01
  0.00000E+00   3.38762E+01  -4.78921E-01
  0.00000E+00   3.44381E+01  -6.65566E-01
  0.00000E+00   3.46496E+01  -8.27091E-01
  0.00000E+00   3.43440E+01  -9.53020E-01
  0.00000E+00   3.36057E+01  -1.04469E+00
  0.00000E+00   3.26497E+01  -1.08419E+00
  0.00000E+00   3.17341E+01  -1.11043E+00
  0.00000E+00   3.10221E+01  -1.11445E+00
  0.00000E+00   3.05686E+01  -1.07306E+00
  0.00000E+00   3.04777E+01  -1.01865E+00
  0.00000E+00   3.06894E+01  -9.75000E-01
  0.00000E+00   3.10727E+01  -8.82253E-01
  0.00000E+00   3.15129E+01  -7.36962E-01
  0.00000E+00   3.19878E+01  -5.78739E-01
  0.00000E+00   3.24219E+01  -4.55829E-01
  0.00000E+00   3.28414E+01  -3.88311E-01
  0.00000E+00   3.33176E+01  -3.62608E-01
  0.00000E+00   3.38788E+01  -3.43936E-01
  0.00000E+00   3.45175E+01  -3.53502E-01
  0.00000E+00   3.52254E+01  -3.38688E-01
  0.00000E+00   3.59313E+01  -2.77549E-01
  0.00000E+00   3.64261E+01  -2.23025E-01
  0.00000E+00   3.65385E+01  -1.56227E-01
  0.00000E+00   3.63090E+01  -5.91437E-02
  0.00000E+00   3.58869E+01   2.38734E-02
  0.00000E+00   3.54172E+01   9.46298E-02
  0.00000E+00   3.51778E+01   1.69736E-01
  0.00000E+00   3.53660E+01   2.77366E-01
  0.00000E+00   3.59989E+01   3.63892E-01
  0.00000E+00   3.69515E+01   4.22545E-01
  0.00000E+00   3.80503E+01   4.40494E-01
  0.00000E+00   3.92580E+01   3.96185E-01
  0.00000E+00   4.05892E+01   3.43323E-01
  0.00000E+00   4.20756E+01   2.90779E-01
  0.00000E+00   4.36557E+01   2.27702E-01
  0.00000E+00   4.50576E+01   1.57117E-01
  0.00000E+00   4.60239E+01   1.05365E-01
  0.00000E+00   4.64818E+01   1.05758E-01
  0.00000E+00   4.65719E+01   1.84973E-01
  0.00000E+00   4.65914E+01   2.89537E-01
  0.00000E+00   4.68570E+01   3.75873E-01
  0.00000E+00   4.74627E+01   4.48787E-01
  0.00000E+00   4.82881E+01   4.85703E-01
  0.00000E+00   4.91635E+01   4.75175E-01
  0.00000E+00   4.98949E+01   4.41319E-01
  0.00000E+00   5.03178E+01   4.26957E-01
  0.00000E+00   5.04786E+01   4.32439E-01
  0.00000E+00   5.04735E+01   4.16655E-01
  0.00000E+00   5.03109E+01   3.94718E-01
  0.00000E+00   4.99709E+01   3.92512E-01
  0.00000E+00   4.94452E+01   3.55778E-01
  0.00000E+00   4.87245E+01   2.49075E-01
  0.00000E+00   4.79382E+01   1.19357E-01
  0.00000E+00   4.70825E+01   2.35870E-02
  0.00000E+00   4.61832E+01  -7.86440E-02
  0.00000E+00   4.55818E+01  -2.20907E-01
  0.00000E+00   4.54461E+01  -3.65798E-01
  0.00000E+00   4.57208E+01  -4.63707E-01
  0.00000E+00   4.62494E+01  -5.26743E-01
  0.00000E+00   4.68264E+01  -5.85100E-01
  0.00000E+00   4.71537E+01  -6.01843E-01
  0.00000E+00   4.69989E+01  -5.76761E-01
  0.00000E+00   4.64716E+01  -4.70099E-01
  0.00000E+00   4.55747E+01  -3.18263E-01
  0.00000E+00   4.43273E+01  -1.92477E-01
  0.00000E+00   4.30058E+01  -1.15545E-01
  0.00000E+00   4.16493E+01  -1.10411E-01
  0.00000E+00   4.02736E+01  -5.32347E-02
  0.00000E+00   3.89066E+01   7.26651E-02
  0.00000E+00   3.77334E+01   1.78141E-01
  0.00000E+00   3.70193E+01   3.38866E-01
  0.00000E+00   3.69492E+01   4.70599E-01
  0.00000E+00   3.73106E+01   5.64793E-01
  0.00000E+00   3.78706E+01   6.44976E-01
  0.00000E+00   3.84492E+01   7.35737E-01
  0.00000E+00   3.89976E+01   8.25246E-01
  0.00000E+00   3.94843E+01   9.33799E-01
  0.00000E+00   3.99018E+01   1.06088E+00
  0.00000E+00   4.01207E+01   1.18119E+00
  0.00000E+00   4.00989E+01   1.36773E+00
  0.00000E+00   3.97375E+01   1.60116E+00
  0.00000E+00   3.91474E+01   1.78169E+00
  0.00000E+00   3.86423E+01   1.95876E+00
  0.00000E+00   3.83704E+01   2.15642E+00
  0.00000E+00   3.84430E+01   2.29211E+00
  0.00000E+00   3.88134E+01   2.34006E+00
  0.00000E+00   3.93084E+01   2.32748E+00
  0.00000E+00   3.98517E+01   2.26635E+00
  0.00000E+00   4.04970E+01   2.17350E+00
  0.00000E+00   4.11770E+01   2.05281E+00
  0.00000E+00   4.18502E+01   1.89169E+00
  0.00000E+00   4.25534E+01   1.71260E+00
  0.00000E+00   4.32873E+01   1.55076E+00
  0.00000E+00   4.39530E+01   1.37680E+00
  0.00000E+00   4.45407E+01   1.23543E+00
  0.00000E+00   4.49992E+01   1.08018E+00
  0.00000E+00   4.52598E+01   8.86254E-01
  0.00000E+00   4.53365E+01   6.74850E-01
  0.00000E+00   4.53485E+01   4.62837E-01
  0.00000E+00   4.54008E+01   2.27752E-01
  0.00000E+00   4.55760E+01  -1.51101E-02
  0.00000E+00   4.59256E+01  -2.42473E-01
  0.00000E+00   4.65028E+01  -4.48954E-01
  0.00000E+00   4.71638E+01  -6.34888E-01
  0.00000E+00   4.77925E+01  -7.70234E-01
  0.00000E+00   4.83041E+01  -8.60811E-01
  0.00000E+00   4.87064E+01  -9.15775E-01
  0.00000E+00   4.91099E+01  -9.70286E-01
  0.00000E+00   4.96081E+01  -1.01487E+00
  0.00000E+00   5.02806E+01  -1.06070E+00
  0.00000E+00   5.11056E+01  -1.12164E+00
  0.00000E+00   5.18925E+01  -1.22806E+00
  0.00000E+00   5.25002E+01  -1.32782E+00
  0.00000E+00   5.27033E+01  -1.43511E+00
  0.00000E+00   5.24171E+01  -1.51901E+00
  0.00000E+00   5.19508E+01  -1.57404E+00
  0.00000E+00   5.14901E+01  -1.59608E+00
  0.00000E+00   5.12300E+01  -1.59599E+00
  0.00000E+00   5.12472E+01  -1.59248E+00
  0.00000E+00   5.16106E+01  -1.57670E+00
  0.00000E+00   5.21329E+01  -1.56459E+00
  0.00000E+00   5.23844E+01  -1.53168E+00
  0.00000E+00   5.24958E+01  -1.41459E+00
  0.00000E+00   5.26309E+01  -1.27406E+00
  0.00000E+00   5.28910E+01  -1.16593E+00
  0.00000E+00   5.32981E+01  -1.15390E+00
  0.00000E+00   5.38248E+01  -1.24247E+00
  0.00000E+00   5.43521E+01  -1.34651E+00
  0.00000E+00   5.46054E+01  -1.53459E+00
  0.00000E+00   5.46453E+01  -1.73972E+00
  0.00000E+00   5.45245E+01  -1.88412E+00
  0.00000E+00   5.40545E+01  -1.85289E+00
  0.00000E+00   5.33930E+01  -1.66073E+00
  0.00000E+00   5.28159E+01  -1.54224E+00
  0.00000E+00   5.20011E+01  -1.32773E+00
  0.00000E+00   5.08544E+01  -1.06833E+00
  0.00000E+00   4.95039E+01  -8.24893E-01
  0.00000E+00   4.82834E+01  -6.06763E-01
  0.00000E+00   4.74194E+01  -3.75008E-01
  0.00000E+00   4.70309E+01  -1.86196E-01
  0.00000E+00   4.72383E+01  -4.47090E-03
  0.00000E+00   4.78630E+01   1.91120E-01
  0.00000E+00   4.86350E+01   3.57513E-01
  0.00000E+00   4.94277E+01   4.60372E-01
  0.00000E+00   5.00314E+01   5.30180E-01
  0.00000E+00   5.04765E+01   6.28132E-01
  0.00000E+00   5.08253E+01   6.97916E-01
  0.00000E+00   5.08470E+01   7.04075E-01
  0.00000E+00   5.05683E+01   6.23069E-01
  0.00000E+00   5.02798E+01   5.05703E-01
  0.00000E+00   5.02148E+01   3.71567E-01
  0.00000E+00   5.04272E+01   2.81873E-01
  0.00000E+00   5.08378E+01   2.69166E-01
  0.00000E+00   5.13114E+01   3.20862E-01
  0.00000E+00   5.18577E+01   4.20013E-01
  0.00000E+00   5.24763E+01   4.97509E-01
  0.00000E+00   5.32050E+01   5.78786E-01
  0.00000E+00   5.42086E+01   6.68051E-01
  0.00000E+00   5.56154E+01   7.17388E-01
  0.00000E+00   5.72495E+01   7.10541E-01
  0.00000E+00   5.87480E+01   6.70859E-01
  0.00000E+00   5.98594E+01   6.63488E-01
  0.00000E+00   6.05549E+01   6.50404E-01
  0.00000E+00   6.09595E+01   6.03160E-01
  0.00000E+00   6.13483E+01   5.63689E-01
  0.00000E+00   6.19221E+01   4.76654E-01
  0.00000E+00   6.26927E+01   3.65379E-01
  0.00000E+00   6.34622E+01   2.40564E-01
  0.00000E+00   6.40437E+01   7.25208E-02
  0.00000E+00   6.43881E+01  -1.59791E-01
  0.00000E+00   6.42440E+01  -3.88797E-01
  0.00000E+00   6.32808E+01  -5.66465E-01
  0.00000E+00   6.16049E+01  -6.54326E-01
  0.00000E+00   5.97320E+01  -7.26419E-01
  0.00000E+00   5.83680E+01  -8.23958E-01
  0.00000E+00   5.79268E+01  -8.72551E-01
  0.00000E+00   5.82316E+01  -8.32036E-01
  0.00000E+00   5.87271E+01  -7.41254E-01
  0.00000E+00   5.88930E+01  -5.63305E-01
  0.00000E+00   5.84945E+01  -2.56765E-01
  0.00000E+00   5.75965E+01   3.57050E-02
  0.00000E+00   5.67183E+01   2.62421E-01
  0.00000E+00   5.62999E+01   4.85362E-01
  0.00000E+00   5.62823E+01   7.43056E-01
  0.00000E+00   5.65489E+01   1.02995E+00
  0.00000E+00   5.69781E+01   1.33643E+00
  0.00000E+00   5.75355E+01   1.56774E+00
  0.00000E+00   5.82132E+01   1.66901E+00
  0.00000E+00   5.87542E+01   1.63197E+00
  0.00000E+00   5.88046E+01   1.53756E+00
  0.00000E+00   5.82935E+01   1.48646E+00
  0.00000E+00   5.77938E+01   1.41718E+00
  0.00000E+00   5.80565E+01   1.31567E+00
  0.00000E+00   5.92506E+01   1.22803E+00
  0.00000E+00   6.12315E+01   1.14539E+00
  0.00000E+00   6.33231E+01   1.02814E+00
  0.00000E+00   6.47222E+01   9.83911E-01
  0.00000E+00   6.49647E+01   9.92462E-01
  0.00000E+00   6.45185E+01   9.79009E-01
  0.00000E+00   6.40590E+01   8.63408E-01
  0.00000E+00   6.36391E+01   5.93277E-01
  0.00000E+00   6.28136E+01   3.14054E-01
  0.00000E+00   6.10509E+01  -2.46322E-02
  0.00000E+00   5.82513E+01  -3.82349E-01
  0.00000E+00   5.50916E+01  -5.79980E-01
  0.00000E+00   5.25749E+01  -8.00225E-01
  0.00000E+00   5.13622E+01  -1.05097E+00
  0.00000E+00   5.13244E+01  -1.28689E+00
  0.00000E+00   5.17858E+01  -1.44306E+00
  0.00000E+00   5.20362E+01  -1.64484E+00
  0.00000E+00   5.18965E+01  -1.79028E+00
  0.00000E+00   5.10089E+01  -1.78522E+00
  0.00000E+00   4.99667E+01  -1.73319E+00
  0.00000E+00   4.92570E+01  -1.75935E+00
  0.00000E+00   4.87987E+01  -1.80798E+00
  0.00000E+00   4.86632E+01  -1.93621E+00
  0.00000E+00   4.85412E+01  -2.08679E+00
  0.00000E+00   4.82955E+01  -2.16392E+00
  0.00000E+00   4.80291E+01  -2.18236E+00
  0.00000E+00   4.79676E+01  -2.13388E+00
  0.00000E+00   4.82342E+01  -2.12909E+00
  0.00000E+00   4.88263E+01  -2.04932E+00
  0.00000E+00   4.95358E+01  -1.95997E+00
  0.00000E+00   5.02773E+01  -1.89995E+00
  0.00000E+00   5.08537E+01  -1.89012E+00
  0.00000E+00   5.10291E+01  -1.88500E+00
  0.00000E+00   5.10590E+01  -1.86329E+00
  0.00000E+00   5.12848E+01  -1.84330E+00
  0.00000E+00   5.16818E+01  -1.80994E+00
  0.00000E+00   5.19425E+01  -1.82401E+00
  0.00000E+00   5.20970E+01  -1.80458E+00
  0.00000E+00   5.23725E+01  -1.81171E+00
  0.00000E+00   5.29057E+01  -1.86756E+00
  0.00000E+00   5.37120E+01  -1.94421E+00
  0.00000E+00   5.47517E+01  -2.07666E+00
  0.00000E+00   5.59160E+01  -2.19533E+00
  0.00000E+00   5.71062E+01  -2.28388E+00
  0.00000E+00   5.80992E+01  -2.37738E+00
  0.00000E+00   5.87710E+01  -2.43692E+00
  0.00000E+00   5.91360E+01  -2.43596E+00
  0.00000E+00   5.92270E+01  -2.40905E+00
  0.00000E+00   5.93378E+01  -2.38367E+00
  0.00000E+00   5.95109E+01  -2.31010E+00
  0.00000E+00   5.95550E+01  -2.19074E+00
  0.00000E+00   5.93968E+01  -2.02197E+00
  0.00000E+00   5.88008E+01  -1.87733E+00
  0.00000E+00   5.77590E+01  -1.75993E+00
  0.00000E+00   5.65142E+01  -1.68588E+00
  0.00000E+00   5.53214E+01  -1.56839E+00
  0.00000E+00   5.43599E+01  -1.47731E+00
  0.00000E+00   5.38428E+01  -1.44546E+00
  0.00000E+00   5.37139E+01  -1.45094E+00
  0.00000E+00   5.38528E+01  -1.45769E+00
  0.00000E+00   5.41290E+01  -1.46016E+00
  0.00000E+00   5.42870E+01  -1.55395E+00
  0.00000E+00   5.43667E+01  -1.57391E+00
  0.00000E+00   5.43767E+01  -1.54127E+00
  0.00000E+00   5.42831E+01  -1.51491E+00
  0.00000E+00   5.42762E+01  -1.47825E+00
  0.00000E+00   5.44961E+01  -1.37942E+00
  0.00000E+00   5.48400E+01  -1.24770E+00
  0.00000E+00   5.50985E+01  -1.17034E+00
  0.00000E+00   5.50698E+01  -1.05754E+00
  0.00000E+00   5.45791E+01  -9.19880E-01
  0.00000E+00   5.33604E+01  -8.16779E-01
  0.00000E+00   5.14933E+01  -8.67274E-01
  0.00000E+00   4.96631E+01  -1.02867E+00
  0.00000E+00   4.83033E+01  -1.14505E+00
  0.00000E+00   4.76442E+01  -1.13279E+00
  0.00000E+00   4.77502E+01  -1.03946E+00
  0.00000E+00   4.84971E+01  -1.03302E+00
  0.00000E+00   4.94077E+01  -1.11848E+00
  0.00000E+00   5.00951E+01  -1.22013E+00
  0.00000E+00   5.04123E+01  -1.38512E+00
  0.00000E+00   5.05175E+01  -1.57655E+00
  0.00000E+00   5.07107E+01  -1.73430E+00
  0.00000E+00   5.12765E+01  -1.88434E+00
  0.00000E+00   5.22574E+01  -2.02153E+00
  0.00000E+00   5.34863E+01  -2.10893E+00
  0.00000E+00   5.47655E+01  -2.16872E+00
  0.00000E+00   5.58751E+01  -2.20826E+00
  0.00000E+00   5.65121E+01  -2.18431E+00
  0.00000E+00   5.66554E+01  -2.08461E+00
  0.00000E+00   5.63646E+01  -2.00963E+00
  0.00000E+00   5.59592E+01  -1.92645E+00
  0.00000E+00   5.58222E+01  -1.80182E+00
  0.00000E+00   5.61295E+01  -1.62062E+00
  0.00000E+00   5.68308E+01  -1.35189E+00
  0.00000E+00   5.77337E+01  -1.06827E+00
  0.00000E+00   5.86217E+01  -9.30495E-01
  0.00000E+00   5.94583E+01  -9.51230E-01
  0.00000E+00   6.02889E+01  -1.05091E+00
  0.00000E+00   6.12079E+01  -1.13493E+00
  0.00000E+00   6.22040E+01  -1.21848E+00
  0.00000E+00   6.30809E+01  -1.25873E+00
  0.00000E+00   6.38970E+01  -1.23224E+00
  0.00000E+00   6.46125E+01  -1.19564E+00
  0.00000E+00   6.52316E+01  -1.19091E+00
  0.00000E+00   6.57411E+01  -1.15374E+00
  0.00000E+00   6.60246E+01  -1.07604E+00
  0.00000E+00   6.59677E+01  -9.80662E-01
  0.00000E+00   6.53874E+01  -8.53552E-01
  0.00000E+00   6.42287E+01  -7.03784E-01
  0.00000E+00   6.27115E+01  -5.73228E-01
  0.00000E+00   6.12808E+01  -5.00740E-01
  0.00000E+00   6.02105E+01  -4.26808E-01
  0.00000E+00   5.97023E+01  -3.86139E-01
  0.00000E+00   5.96383E+01  -3.60856E-01
  0.00000E+00   5.98935E+01  -3.58107E-01
  0.00000E+00   6.05632E+01  -3.76871E-01
  0.00000E+00   6.16794E+01  -4.27528E-01
  0.00000E+00   6.29716E+01  -5.45800E-01
  0.00000E+00   6.42781E+01  -6.56721E-01
  0.00000E+00   6.54289E+01  -7.76350E-01
  0.00000E+00   6.63729E+01  -9.77924E-01
  0.00000E+00   6.72314E+01  -1.16895E+00
  0.00000E+00   6.80575E+01  -1.41523E+00
  0.00000E+00   6.86888E+01  -1.70934E+00
  0.00000E+00   6.88489E+01  -2.02509E+00
  0.00000E+00   6.84301E+01  -2.28886E+00
  0.00000E+00   6.76769E+01  -2.52013E+00
  0.00000E+00   6.67090E+01  -2.73473E+00
  0.00000E+00   6.58073E+01  -2.92730E+00
  0.00000E+00   6.52978E+01  -3.02773E+00
  0.00000E+00   6.51864E+01  -3.04133E+00
  0.00000E+00   6.54906E+01  -2.99896E+00
  0.00000E+00   6.59277E+01  -2.95255E+00
  0.00000E+00   6.60051E+01  -2.86854E+00
  0.00000E+00   6.56410E+01  -2.71843E+00
  0.00000E+00   6.48868E+01  -2.59889E+00
  0.00000E+00   6.37828E+01  -2.54975E+00
  0.00000E+00   6.23771E+01  -2.48186E+00
  0.00000E+00   6.09814E+01  -2.36379E+00
  0.00000E+00   5.98028E+01  -2.20032E+00
  0.00000E+00   5.88849E+01  -1.98667E+00
  0.00000E+00   5.84470E+01  -1.71454E+00
  0.00000E+00   5.83837E+01  -1.47396E+00
  0.00000E+00   5.86588E+01  -1.23444E+00
  0.00000E+00   5.91520E+01  -1.02474E+00
  0.00000E+00   5.93190E+01  -9.00703E-01
  0.00000E+00   5.89827E+01  -7.82933E-01
  0.00000E+00   5.81017E+01  -5.69772E-01
  0.00000E+00   5.71943E+01  -3.17793E-01
  0.00000E+00   5.68833E+01  -2.31259E-01
  0.00000E+00   5.74095E+01  -2.46953E-01
  0.00000E+00   5.84673E+01  -2.40844E-01
  0.00000E+00   5.97008E+01  -3.21843E-01
  0.00000E+00   6.09130E+01  -3.99773E-01
  0.00000E+00   6.18167E+01  -4.09141E-01
  0.00000E+00   6.23744E+01  -3.53479E-01
  0.00000E+00   6.26909E+01  -1.78260E-01
  0.00000E+00   6.30555E+01   1.94730E-02
  0.00000E+00   6.36849E+01   1.60656E-01
  0.00000E+00   6.44455E+01   2.95866E-01
  0.00000E+00   6.50553E+01   3.74583E-01
  0.00000E+00   6.54000E+01   4.38125E-01
  0.00000E+00   6.55598E+01   5.78524E-01
  0.00000E+00   6.55316E+01   7.51398E-01
  0.00000E+00   6.53101E+01   9.11376E-01
  0.00000E+00   6.50678E+01   1.04982E+00
  0.00000E+00   6.49449E+01   1.13795E+00
  0.00000E+00   6.50942E+01   1.19352E+00
  0.00000E+00   6.54890E+01   1.30935E+00
  0.00000E+00   6.59617E+01   1.44683E+00
  0.00000E+00   6.63892E+01   1.64214E+00
  0.00000E+00   6.68048E+01   1.82598E+00
  0.00000E+00   6.70386E+01   2.00724E+00
  0.00000E+00   6.69709E+01   2.13954E+00
  0.00000E+00   6.65989E+01   2.15897E+00
  0.00000E+00   6.59277E+01   2.03380E+00
  0.00000E+00   6.48408E+01   1.84898E+00
  0.00000E+00   6.33734E+01   1.74363E+00
  0.00000E+00   6.13785E+01   1.58880E+00
  0.00000E+00   5.87604E+01   1.35728E+00
  0.00000E+00   5.60185E+01   1.08238E+00
  0.00000E+00   5.39087E+01   8.30543E-01
  0.00000E+00   5.27283E+01   5.92332E-01
  0.00000E+00   5.22319E+01   4.76053E-01
  0.00000E+00   5.22106E+01   5.47386E-01
  0.00000E+00   5.23836E+01   6.52811E-01
  0.00000E+00   5.25540E+01   7.07834E-01
  0.00000E+00   5.24833E+01   6.53183E-01
  0.00000E+00   5.22108E+01   5.30815E-01
  0.00000E+00   5.18498E+01   4.49309E-01
  0.00000E+00   5.13867E+01   3.72846E-01
  0.00000E+00   5.09685E+01   2.81139E-01
  0.00000E+00   5.08701E+01   2.21012E-01
  0.00000E+00   5.10809E+01   2.33871E-01
  0.00000E+00   5.13085E+01   2.48289E-01
  0.00000E+00   5.12641E+01   1.95039E-01
  0.00000E+00   5.10101E+01   5.35570E-02
  0.00000E+00   5.07303E+01  -8.11166E-02
  0.00000E+00   5.05207E+01  -2.16785E-01
  0.00000E+00   5.03759E+01  -3.46038E-01
  0.00000E+00   5.03781E+01  -3.93957E-01
  0.00000E+00   5.06595E+01  -3.98813E-01
  0.00000E+00   5.11211E+01  -3.57530E-01
  0.00000E+00   5.16313E+01  -3.14393E-01
  0.00000E+00   5.19608E+01  -2.74402E-01
  0.00000E+00   5.20979E+01  -2.09702E-01
  0.00000E+00   5.21909E+01  -6.11626E-02
  0.00000E+00   5.22053E+01   1.02456E-01
  0.00000E+00   5.23394E+01   1.96832E-01
  0.00000E+00   5.28230E+01   2.54815E-01
  0.00000E+00   5.35475E+01   3.31551E-01
  0.00000E+00   5.42503E+01   3.84606E-01
  0.00000E+00   5.44019E+01   4.55188E-01
  0.00000E+00   5.38497E+01   5.06374E-01
  0.00000E+00   5.30765E+01   5.40903E-01
  0.00000E+00   5.27687E+01   5.30936E-01
  0.00000E+00   5.32291E+01   5.32102E-01
  0.00000E+00   5.43675E+01   5.92249E-01
  0.00000E+00   5.57733E+01   5.61045E-01
  0.00000E+00   5.69119E+01   4.89393E-01
  0.00000E+00   5.74364E+01   4.14395E-01
  0.00000E+00   5.74453E+01   3.01879E-01
  0.00000E+00   5.72495E+01   2.02115E-01
  0.00000E+00   5.71629E+01   1.12982E-01
  0.00000E+00   5.73935E+01   3.33200E-02
  0.00000E+00   5.78604E+01  -3.48233E-02
  0.00000E+00   5.82980E+01   5.80513E-03
  0.00000E+00   5.84267E+01   9.49469E-02
  0.00000E+00   5.84579E+01   1.02985E-01
  0.00000E+00   5.85856E+01   6.75098E-02
  0.00000E+00   5.88831E+01  -3.00755E-02
  0.00000E+00   5.94513E+01  -6.30562E-02
  0.00000E+00   6.00811E+01  -9.59834E-02
  0.00000E+00   6.06703E+01  -1.88898E-01
  0.00000E+00   6.11334E+01  -3.46585E-01
  0.00000E+00   6.16245E+01  -5.16453E-01
  0.00000E+00   6.23733E+01  -6.84756E-01
  0.00000E+00   6.33077E+01  -7.86958E-01
  0.00000E+00   6.43332E+01  -9.07844E-01
  0.00000E+00   6.52765E+01  -1.07093E+00
  0.00000E+00   6.59518E+01  -1.19186E+00
  0.00000E+00   6.62450E+01  -1.25914E+00
  0.00000E+00   6.63781E+01  -1.20383E+00
  0.00000E+00   6.65461E+01  -1.11726E+00
  0.00000E+00   6.66224E+01  -1.14995E+00
  0.00000E+00   6.65163E+01  -1.21231E+00
  0.00000E+00   6.63495E+01  -1.25773E+00
  0.00000E+00   6.61586E+01  -1.33533E+00
  0.00000E+00   6.63184E+01  -1.29582E+00
  0.00000E+00   6.69444E+01  -1.21683E+00
  0.00000E+00   6.78005E+01  -1.11298E+00
  0.00000E+00   6.86190E+01  -1.00746E+00
  0.00000E+00   6.91795E+01  -9.79021E-01
  0.00000E+00   6.93174E+01  -9.69129E-01
  0.00000E+00   6.92705E+01  -1.00659E+00
  0.00000E+00   6.91789E+01  -1.06143E+00
  0.00000E+00   6.91587E+01  -1.04803E+00
  0.00000E+00   6.92963E+01  -9.79825E-01
  0.00000E+00   6.97267E+01  -7.81465E-01
  0.00000E+00   7.04594E+01  -4.63188E-01
  0.00000E+00   7.14161E+01  -2.41205E-01
  0.00000E+00   7.22662E+01  -1.06519E-01
  0.00000E+00   7.26392E+01  -3.22829E-02
  0.00000E+00   7.24930E+01  -1.38638E-02
  0.00000E+00   7.19635E+01  -7.63877E-02
  0.00000E+00   7.11906E+01  -1.47023E-01
  0.00000E+00   7.03315E+01  -1.42871E-01
  0.00000E+00   6.95231E+01  -1.52102E-01
  0.00000E+00   6.85934E+01  -2.51839E-01
  0.00000E+00   6.74553E+01  -3.77133E-01
  0.00000E+00   6.57770E+01  -4.77731E-01
  0.00000E+00   6.33802E+01  -5.35577E-01
  0.00000E+00   6.06353E+01  -7.22903E-01
  0.00000E+00   5.81510E+01  -8.18275E-01
  0.00000E+00   5.62221E+01  -7.96491E-01
  0.00000E+00   5.51907E+01  -7.50021E-01
  0.00000E+00   5.52269E+01  -6.15628E-01
  0.00000E+00   5.59480E+01  -5.31070E-01
  0.00000E+00   5.66165E+01  -4.93239E-01
  0.00000E+00   5.68836E+01  -4.59334E-01
  0.00000E+00   5.70245E+01  -4.15922E-01
  0.00000E+00   5.73846E+01  -3.65729E-01
  0.00000E+00   5.82071E+01  -2.82757E-01
  0.00000E+00   5.93173E+01  -1.37965E-01
  0.00000E+00   6.04497E+01  -2.13529E-02
  0.00000E+00   6.09955E+01   1.56471E-01
  0.00000E+00   6.07085E+01   3.75852E-01
  0.00000E+00   5.97141E+01   6.04453E-01
  0.00000E+00   5.84267E+01   8.27025E-01
  0.00000E+00   5.75784E+01   1.12442E+00
  0.00000E+00   5.76688E+01   1.33227E+00
  0.00000E+00   5.85222E+01   1.54482E+00
  0.00000E+00   5.96194E+01   1.77969E+00
  0.00000E+00   6.04638E+01   1.97051E+00
  0.00000E+00   6.08110E+01   2.05737E+00
  0.00000E+00   6.08839E+01   1.97384E+00
  0.00000E+00   6.12610E+01   1.79215E+00
  0.00000E+00   6.22956E+01   1.59897E+00
  0.00000E+00   6.40131E+01   1.48908E+00
  0.00000E+00   6.59293E+01   1.46193E+00
  0.00000E+00   6.72469E+01   1.43295E+00
  0.00000E+00   6.76962E+01   1.46111E+00
  0.00000E+00   6.73698E+01   1.57268E+00
  0.00000E+00   6.66146E+01   1.59668E+00
  0.00000E+00   6.58289E+01   1.57537E+00
  0.00000E+00   6.53850E+01   1.41185E+00
  0.00000E+00   6.52908E+01   1.23277E+00
  0.00000E+00   6.56975E+01   1.08818E+00
  0.00000E+00   6.62650E+01   8.82983E-01
  0.00000E+00   6.67544E+01   6.21521E-01
  0.00000E+00   6.69385E+01   3.77857E-01
  0.00000E+00   6.66577E+01   1.56621E-01
  0.00000E+00   6.63822E+01  -5.70250E-02
  0.00000E+00   6.63524E+01  -2.39416E-01
  0.00000E+00   6.65679E+01  -3.59077E-01
  0.00000E+00   6.70826E+01  -4.38053E-01
  0.00000E+00   6.78876E+01  -5.32176E-01
  0.00000E+00   6.87456E+01  -7.35312E-01
  0.00000E+00   6.95623E+01  -9.68936E-01
  0.00000E+00   7.01987E+01  -1.21318E+00
  0.00000E+00   7.06879E+01  -1.48536E+00
  0.00000E+00   7.11957E+01  -1.81787E+00
  0.00000E+00   7.18958E+01  -2.12095E+00
  0.00000E+00   7.28021E+01  -2.30124E+00
  0.00000E+00   7.35686E+01  -2.46618E+00
  0.00000E+00   7.41609E+01  -2.67103E+00
  0.00000E+00   7.47744E+01  -2.87377E+00
  0.00000E+00   7.55389E+01  -3.10440E+00
  0.00000E+00   7.62766E+01  -3.27225E+00
  0.00000E+00   7.68675E+01  -3.33723E+00
  0.00000E+00   7.74068E+01  -3.33611E+00
  0.00000E+00   7.80856E+01  -3.26569E+00
  0.00000E+00   7.90473E+01  -3.17590E+00
  0.00000E+00   8.01083E+01  -3.07620E+00
  0.00000E+00   8.11026E+01  -2.92221E+00
  0.00000E+00   8.18158E+01  -2.78091E+00
  0.00000E+00   8.23968E+01  -2.72221E+00
  0.00000E+00   8.30821E+01  -2.66268E+00
  0.00000E+00   8.37396E+01  -2.47646E+00
  0.00000E+00   8.38753E+01  -2.26339E+00
  0.00000E+00   8.30333E+01  -2.13079E+00
  0.00000E+00   8.12360E+01  -2.05385E+00
  0.00000E+00   7.87655E+01  -2.13507E+00
  0.00000E+00   7.60266E+01  -2.24023E+00
  0.00000E+00   7.33436E+01  -2.36019E+00
  0.00000E+00   7.11037E+01  -2.43192E+00
  0.00000E+00   6.94468E+01  -2.42149E+00
  0.00000E+00   6.83694E+01  -2.32372E+00
  0.00000E+00   6.77606E+01  -2.21321E+00
  0.00000E+00   6.69197E+01  -2.06098E+00
  0.00000E+00   6.57261E+01  -1.84696E+00
  0.00000E+00   6.45430E+01  -1.55473E+00
  0.00000E+00   6.36378E+01  -1.29660E+00
  0.00000E+00   6.32295E+01  -1.17671E+00
  0.00000E+00   6.34355E+01  -1.15464E+00
  0.00000E+00   6.42251E+01  -1.18707E+00
  0.00000E+00   6.54521E+01  -1.27446E+00
  0.00000E+00   6.68083E+01  -1.45663E+00
  0.00000E+00   6.77786E+01  -1.60514E+00
  0.00000E+00   6.80638E+01  -1.70295E+00
  0.00000E+00   6.77519E+01  -1.85222E+00
  0.00000E+00   6.71737E+01  -1.93516E+00
  0.00000E+00   6.66555E+01  -1.95846E+00
  0.00000E+00   6.63247E+01  -1.99574E+00
  0.00000E+00   6.62737E+01  -2.00209E+00
  0.00000E+00   6.64473E+01  -1.89743E+00
  0.00000E+00   6.65282E+01  -1.69788E+00
  0.00000E+00   6.64046E+01  -1.53942E+00
  0.00000E+00   6.62833E+01  -1.38258E+00
  0.00000E+00   6.63544E+01  -1.28141E+00
  0.00000E+00   6.68055E+01  -1.20899E+00
  0.00000E+00   6.77310E+01  -1.17381E+00
  0.00000E+00   6.91304E+01  -1.08376E+00
  0.00000E+00   7.07596E+01  -9.57780E-01
  0.00000E+00   7.23696E+01  -8.36251E-01
  0.00000E+00   7.38405E+01  -6.58904E-01
  0.00000E+00   7.49346E+01  -3.92836E-01
  0.00000E+00   7.55419E+01  -8.46842E-02
  0.00000E+00   7.59311E+01   1.75968E-01
  0.00000E+00   7.62700E+01   4.40985E-01
  0.00000E+00   7.66585E+01   6.78977E-01
  0.00000E+00   7.69572E+01   7.66375E-01
  0.00000E+00   7.71565E+01   7.79611E-01
  0.00000E+00   7.71596E+01   7.87227E-01
  0.00000E+00   7.69142E+01   7.77295E-01
  0.00000E+00   7.63131E+01   7.78607E-01
  0.00000E+00   7.54054E+01   7.85129E-01
  0.00000E+00   7.44393E+01   7.94261E-01
  0.00000E+00   7.36922E+01   7.53399E-01
  0.00000E+00   7.32101E+01   7.41264E-01
  0.00000E+00   7.30147E+01   8.47061E-01
  0.00000E+00   7.29749E+01   9.58608E-01
  0.00000E+00   7.28482E+01   1.06249E+00
  0.00000E+00   7.19631E+01   1.10663E+00
  0.00000E+00   7.02726E+01   1.07461E+00
  0.00000E+00   6.85720E+01   1.04629E+00
  0.00000E+00   6.74489E+01   1.02997E+00
  0.00000E+00   6.72524E+01   1.01880E+00
