  0.00000E+00   4.55044E-03   2.77846E-05
  0.00000E+00   3.99542E-03  -2.85110E-05
  0.00000E+00   3.52887E-03  -1.52845E-05
  0.00000E+00   3.55515E-03  -5.23589E-05
  0.00000E+00   4.01373E-03  -4.03079E-05
  0.00000E+00   4.90899E-03   3.69424E-05
  0.00000E+00   6.12237E-03   6.02626E-05
  0.00000E+00   7.80833E-03  -1.83773E-05
  0.00000E+00   1.00513E-02  -2.90954E-05
  0.00000E+00   1.32452E-02  -3.56718E-05
  0.00000E+00   1.80267E-02  -8.95670E-05
  0.00000E+00   2.52236E-02  -5.11774E-05
  0.00000E+00   3.51702E-02   7.62052E-06
  0.00000E+00   4.94668E-02  -2.86137E-05
  0.00000E+00   7.04731E-02  -1.07262E-04
  0.00000E+00   1.00667E-01  -4.30051E-05
  0.00000E+00   1.44937E-01  -4.09062E-05
  0.00000E+00   2.09466E-01  -6.92211E-05
  0.00000E+00   3.04050E-01   6.93665E-05
  0.00000E+00   4.43104E-01   2.72121E-04
  0.00000E+00   6.47572E-01   4.63004E-04
  0.00000E+00   9.46813E-01   7.22267E-04
  0.00000E+00   1.38566E+00   1.14806E-03
  0.00000E+00   2.02691E+00   1.94980E-03
  0.00000E+00   2.95720E+00   3.47038E-03
  0.00000E+00   4.29532E+00   5.71868E-03
  0.00000E+00   6.19653E+00   9.04519E-03
  0.00000E+00   8.85558E+00   1.42571E-02
  0.00000E+00   1.25018E+01   2.20923E-02
  0.00000E+00   1.73803E+01   3.34700E-02
  0.00000E+00   2.37140E+01   5.09475E-02
  0.00000E+00   3.16299E+01   8.13793E-02
  0.00000E+00   4.10437E+01   1.38051E-01
  0.00000E+00   5.14955E+01   2.35529E-01
  0.00000E+00   6.19429E+01   3.73440E-01
  0.00000E+00   7.04010E+01   5.19782E-01
  0.00000E+00   7.42141E+01   6.35843E-01
  0.00000E+00   7.20063E+01   6.14187E-01
  0.00000E+00   6.44383E+01   5.86900E-01
  0.00000E+00   5.31857E+01   4.05582E-01
  0.00000E+00   4.25250E+01   1.24794E-01
  0.00000E+00   3.61247E+01  -4.14374E-02
  0.00000E+00   3.43646E+01  -9.50989E-02
  0.00000E+00   3.46857E+01  -1.74649E-01
  0.00000E+00   3.58154E+01  -3.00671E-01
  0.00000E+00   3.69884E+01  -4.10174E-01
  0.00000E+00   3.81987E+01  -3.04128E-01
  0.00000E+00   4.00327E+01  -3.11056E-01
  0.00000E+00   4.26851E+01  -3.56515E-01
  0.00000E+00   4.59249E+01  -4.07983E-01
  0.00000E+00   4.94975E+01  -4.18552E-01
  0.00000E+00   5.30517E+01  -4.03358E-01
  0.00000E+00   5.61268E+01  -4.49615E-01
  0.00000E+00   5.91349E+01  -4.39082E-01
  0.00000E+00   6.20486E+01  -3.45893E-01
  0.00000E+00   6.46775E+01  -4.05647E-01
  0.00000E+00   6.67048E+01  -6.39942E-01
  0.00000E+00   6.88152E+01  -9.84725E-01
  0.00000E+00   7.05228E+01  -1.23079E+00
  0.00000E+00   7.10501E+01  -1.23058E+00
  0.00000E+00   7.06880E+01  -1.00764E+00
  0.00000E+00   7.08608E+01  -5.18917E-01
  0.00000E+00   7.20738E+01   1.48216E-01
  0.00000E+00   7.38197E+01   8.16406E-01
  0.00000E+00   7.53696E+01   1.09621E+00
  0.00000E+00   7.59433E+01   1.16012E+00
  0.00000E+00   7.61028E+01   1.03701E+00
  0.00000E+00   7.59295E+01   7.64210E-01
  0.00000E+00   7.78743E+01   4.66489E-01
  0.00000E+00   8.14523E+01   3.58121E-01
  0.00000E+00   8.34539E+01   3.74918E-01
  0.00000E+00   8.40502E+01   7.25946E-02
  0.00000E+00   8.51996E+01  -1.57942E-01
  0.00000E+00   8.57235E+01  -3.76497E-01
  0.00000E+00   8.31982E+01  -4.31769E-01
  0.00000E+00   7.93998E+01  -4.96925E-01
  0.00000E+00   7.60806E+01  -5.48552E-01
  0.00000E+00   7.15951E+01  -7.29838E-01
  0.00000E+00   6.67524E+01  -8.66213E-01
  0.00000E+00   6.28385E+01  -9.15709E-01
  0.00000E+00   6.01156E+01  -1.03434E+00
  0.00000E+00   5.92047E+01  -1.20541E+00
  0.00000E+00   5.95342E+01  -1.30166E+00
  0.00000E+00   5.90251E+01  -1.30562E+00
  0.00000E+00   5.70339E+01  -1.29566E+00
  0.00000E+00   5.46478E+01  -1.18951E+00
  0.00000E+00   5.42539E+01  -9.87986E-01
  0.00000E+00   5.58569E+01  -7.76639E-01
  0.00000E+00   5.55136E+01  -6.12640E-01
  0.00000E+00   5.43979E+01  -4.05351E-01
  0.00000E+00   5.49601E+01  -2.39335E-01
  0.00000E+00   5.69705E+01  -2.20304E-01
  0.00000E+00   5.94313E+01  -2.19194E-01
  0.00000E+00   5.97698E+01  -2.68136E-01
  0.00000E+00   5.84164E+01  -1.07810E-01
  0.00000E+00   5.83070E+01   3.14437E-01
  0.00000E+00   6.15162E+01   8.93233E-01
  0.00000E+00   6.63555E+01   1.29061E+00
  0.00000E+00   6.97138E+01   1.48529E+00
  0.00000E+00   7.04094E+01   1.70805E+00
  0.00000E+00   7.12978E+01   1.92431E+00
  0.00000E+00   7.44840E+01   2.21373E+00
  0.00000E+00   7.76672E+01   2.55368E+00
  0.00000E+00   7.86211E+01   2.88614E+00
  0.00000E+00   7.63390E+01   3.12751E+00
  0.00000E+00   7.39181E+01   3.33892E+00
  0.00000E+00   7.40440E+01   3.59373E+00
  0.00000E+00   7.58459E+01   3.86893E+00
  0.00000E+00   7.64975E+01   4.07088E+00
  0.00000E+00   7.56292E+01   4.01576E+00
  0.00000E+00   7.70206E+01   3.84791E+00
  0.00000E+00   7.98908E+01   3.50063E+00
  0.00000E+00   8.24418E+01   3.36547E+00
  0.00000E+00   8.20600E+01   3.33587E+00
  0.00000E+00   7.99705E+01   3.26198E+00
  0.00000E+00   7.94649E+01   2.96336E+00
  0.00000E+00   8.14193E+01   2.69169E+00
  0.00000E+00   8.21614E+01   2.25635E+00
  0.00000E+00   8.00196E+01   1.87421E+00
  0.00000E+00   7.83608E+01   1.68794E+00
  0.00000E+00   7.84519E+01   1.46674E+00
  0.00000E+00   7.88917E+01   1.26200E+00
  0.00000E+00   7.77082E+01   9.51158E-01
  0.00000E+00   7.47256E+01   6.48621E-01
  0.00000E+00   7.19699E+01   4.94839E-01
  0.00000E+00   7.00716E+01   5.81201E-01
  0.00000E+00   6.76977E+01   5.83002E-01
  0.00000E+00   6.50272E+01   4.47997E-01
  0.00000E+00   6.36599E+01   2.01236E-01
  0.00000E+00   6.43152E+01  -4.66858E-02
  0.00000E+00   6.61296E+01  -6.43080E-02
  0.00000E+00   6.64730E+01  -8.08458E-02
  0.00000E+00   6.43424E+01  -1.45830E-01
  0.00000E+00   6.34158E+01  -2.27337E-01
  0.00000E+00   6.54451E+01  -2.45935E-01
  0.00000E+00   6.71489E+01  -3.92706E-01
  0.00000E+00   6.62963E+01  -5.31166E-01
  0.00000E+00   6.32192E+01  -7.59932E-01
  0.00000E+00   6.21282E+01  -9.34058E-01
  0.00000E+00   6.28639E+01  -1.03823E+00
  0.00000E+00   6.38507E+01  -1.11842E+00
  0.00000E+00   6.22811E+01  -1.10292E+00
  0.00000E+00   6.00667E+01  -1.13845E+00
  0.00000E+00   5.95142E+01  -1.28382E+00
  0.00000E+00   6.15271E+01  -1.24843E+00
  0.00000E+00   6.37409E+01  -1.15860E+00
  0.00000E+00   6.36666E+01  -1.23228E+00
  0.00000E+00   6.26563E+01  -9.57951E-01
  0.00000E+00   6.23960E+01  -6.00585E-01
  0.00000E+00   6.42419E+01  -4.68999E-01
  0.00000E+00   6.62682E+01  -4.17490E-01
  0.00000E+00   6.61744E+01  -5.34130E-01
  0.00000E+00   6.59606E+01  -5.27591E-01
  0.00000E+00   6.81530E+01  -3.53032E-01
  0.00000E+00   7.25545E+01  -1.41003E-02
  0.00000E+00   7.70728E+01   3.02117E-01
  0.00000E+00   7.90147E+01   5.56571E-01
  0.00000E+00   8.09300E+01   5.10563E-01
  0.00000E+00   8.41737E+01   3.97248E-01
  0.00000E+00   8.85974E+01   1.82161E-01
  0.00000E+00   9.29755E+01  -1.48527E-01
  0.00000E+00   9.55233E+01  -4.40899E-01
  0.00000E+00   9.69330E+01  -6.84601E-01
  0.00000E+00   9.96316E+01  -7.89623E-01
  0.00000E+00   1.03950E+02  -6.58122E-01
  0.00000E+00   1.06471E+02  -4.23135E-01
  0.00000E+00   1.05845E+02  -2.81044E-01
  0.00000E+00   1.03593E+02  -5.70436E-01
  0.00000E+00   1.02155E+02  -1.23955E+00
  0.00000E+00   1.02578E+02  -2.06427E+00
  0.00000E+00   1.03831E+02  -2.75941E+00
  0.00000E+00   1.04303E+02  -3.30837E+00
  0.00000E+00   1.06740E+02  -3.35284E+00
  0.00000E+00   1.11233E+02  -2.93877E+00
  0.00000E+00   1.12347E+02  -2.67323E+00
  0.00000E+00   1.09515E+02  -2.78119E+00
  0.00000E+00   1.04816E+02  -2.90185E+00
  0.00000E+00   9.88837E+01  -3.04425E+00
  0.00000E+00   9.21106E+01  -3.12407E+00
  0.00000E+00   8.44654E+01  -3.16064E+00
  0.00000E+00   7.88573E+01  -3.38456E+00
  0.00000E+00   7.54645E+01  -3.93777E+00
  0.00000E+00   7.51767E+01  -3.97228E+00
  0.00000E+00   7.39416E+01  -3.92128E+00
  0.00000E+00   7.00893E+01  -3.95646E+00
  0.00000E+00   6.50307E+01  -3.83573E+00
  0.00000E+00   6.11747E+01  -4.04179E+00
  0.00000E+00   6.10374E+01  -4.08786E+00
  0.00000E+00   6.19993E+01  -4.10771E+00
  0.00000E+00   6.07556E+01  -3.91739E+00
  0.00000E+00   5.85674E+01  -3.87047E+00
  0.00000E+00   5.88810E+01  -3.89561E+00
  0.00000E+00   6.09528E+01  -3.96349E+00
  0.00000E+00   6.35250E+01  -3.77624E+00
  0.00000E+00   6.44348E+01  -3.73077E+00
  0.00000E+00   6.37948E+01  -3.61389E+00
  0.00000E+00   6.44091E+01  -3.47686E+00
  0.00000E+00   6.58291E+01  -3.23779E+00
  0.00000E+00   6.64829E+01  -2.95270E+00
  0.00000E+00   6.64982E+01  -2.52899E+00
  0.00000E+00   6.70238E+01  -1.88271E+00
  0.00000E+00   6.98522E+01  -1.34083E+00
  0.00000E+00   7.35289E+01  -8.12836E-01
  0.00000E+00   7.50841E+01  -5.33079E-01
  0.00000E+00   7.43275E+01  -1.36245E-01
  0.00000E+00   7.33427E+01   3.98577E-01
  0.00000E+00   7.32391E+01   1.00244E+00
  0.00000E+00   7.35544E+01   1.57928E+00
  0.00000E+00   7.20239E+01   1.99302E+00
  0.00000E+00   6.85056E+01   2.23153E+00
  0.00000E+00   6.53273E+01   2.44186E+00
  0.00000E+00   6.43610E+01   2.42207E+00
  0.00000E+00   6.58296E+01   2.50923E+00
  0.00000E+00   6.82755E+01   2.66373E+00
  0.00000E+00   7.05076E+01   2.83518E+00
  0.00000E+00   7.35271E+01   3.00862E+00
  0.00000E+00   7.74716E+01   3.06418E+00
  0.00000E+00   8.14720E+01   3.02968E+00
  0.00000E+00   8.41202E+01   2.66988E+00
  0.00000E+00   8.60163E+01   2.45322E+00
  0.00000E+00   8.90194E+01   2.45367E+00
  0.00000E+00   9.36872E+01   2.42915E+00
  0.00000E+00   9.81927E+01   2.17518E+00
  0.00000E+00   1.01029E+02   1.79565E+00
  0.00000E+00   1.03323E+02   1.12336E+00
  0.00000E+00   1.05510E+02   5.00241E-01
  0.00000E+00   1.05300E+02   1.85418E-01
  0.00000E+00   1.01021E+02   3.29800E-02
  0.00000E+00   9.67312E+01   3.72465E-02
  0.00000E+00   9.26817E+01   9.62064E-03
  0.00000E+00   9.01818E+01  -1.85681E-01
  0.00000E+00   8.85196E+01  -3.51680E-01
  0.00000E+00   8.73618E+01  -4.74301E-01
  0.00000E+00   8.90086E+01  -4.63203E-01
  0.00000E+00   9.21180E+01  -3.68336E-01
  0.00000E+00   9.43490E+01  -4.39694E-01
  0.00000E+00   9.54127E+01  -5.01259E-01
  0.00000E+00   9.45631E+01  -4.07321E-01
  0.00000E+00   9.33087E+01  -2.61667E-01
  0.00000E+00   9.22287E+01   1.68434E-01
  0.00000E+00   8.94122E+01   3.42487E-01
  0.00000E+00   8.60651E+01   4.88671E-01
  0.00000E+00   8.40731E+01   5.31794E-01
  0.00000E+00   8.41510E+01   3.77558E-01
  0.00000E+00   8.61151E+01   2.37169E-01
  0.00000E+00   8.75739E+01   1.96609E-01
  0.00000E+00   8.76786E+01   1.30782E-01
  0.00000E+00   8.83543E+01   1.82786E-01
  0.00000E+00   9.03703E+01   1.53255E-01
  0.00000E+00   9.22749E+01   6.48722E-02
  0.00000E+00   9.33563E+01   2.02067E-01
  0.00000E+00   9.42194E+01   3.11266E-01
  0.00000E+00   9.35541E+01   5.08021E-01
  0.00000E+00   9.23714E+01   7.90252E-01
  0.00000E+00   9.17818E+01   1.03219E+00
  0.00000E+00   9.26671E+01   1.13956E+00
  0.00000E+00   9.62608E+01   1.37085E+00
  0.00000E+00   1.01154E+02   1.46784E+00
  0.00000E+00   1.05881E+02   1.50969E+00
  0.00000E+00   1.07212E+02   1.55005E+00
  0.00000E+00   1.03037E+02   1.24811E+00
  0.00000E+00   9.62234E+01   1.17115E+00
  0.00000E+00   9.26883E+01   1.48935E+00
  0.00000E+00   9.36632E+01   1.69684E+00
  0.00000E+00   9.65781E+01   1.91916E+00
  0.00000E+00   9.72772E+01   1.80397E+00
  0.00000E+00   9.46558E+01   1.71802E+00
  0.00000E+00   9.22863E+01   1.70445E+00
  0.00000E+00   9.09027E+01   1.70563E+00
  0.00000E+00   9.06624E+01   1.74790E+00
  0.00000E+00   8.99638E+01   2.20538E+00
  0.00000E+00   8.85865E+01   2.88196E+00
  0.00000E+00   8.53774E+01   3.34576E+00
  0.00000E+00   8.32204E+01   3.77316E+00
  0.00000E+00   8.28415E+01   3.80492E+00
  0.00000E+00   8.20933E+01   3.74525E+00
  0.00000E+00   8.22467E+01   3.70461E+00
  0.00000E+00   8.53450E+01   3.35159E+00
  0.00000E+00   8.86211E+01   3.21502E+00
  0.00000E+00   8.61056E+01   3.04127E+00
  0.00000E+00   8.09018E+01   2.95531E+00
  0.00000E+00   7.83735E+01   3.18496E+00
  0.00000E+00   7.92557E+01   3.22213E+00
  0.00000E+00   8.21858E+01   3.30509E+00
  0.00000E+00   8.56561E+01   3.59288E+00
  0.00000E+00   8.79543E+01   3.72741E+00
  0.00000E+00   9.01319E+01   3.71804E+00
  0.00000E+00   9.28208E+01   3.53178E+00
  0.00000E+00   9.58310E+01   3.12492E+00
  0.00000E+00   9.74800E+01   2.82069E+00
  0.00000E+00   9.71163E+01   2.46795E+00
  0.00000E+00   9.64105E+01   2.38230E+00
  0.00000E+00   9.63182E+01   2.20077E+00
  0.00000E+00   9.63741E+01   1.90676E+00
  0.00000E+00   9.44024E+01   1.43491E+00
  0.00000E+00   9.16511E+01   1.28074E+00
  0.00000E+00   8.86284E+01   1.43448E+00
  0.00000E+00   8.82100E+01   1.42693E+00
  0.00000E+00   8.93923E+01   1.61844E+00
  0.00000E+00   8.88200E+01   1.96634E+00
  0.00000E+00   8.71903E+01   2.39655E+00
  0.00000E+00   8.64731E+01   2.60022E+00
  0.00000E+00   8.63372E+01   2.48669E+00
  0.00000E+00   8.62834E+01   2.50635E+00
  0.00000E+00   8.63617E+01   2.36150E+00
  0.00000E+00   8.71901E+01   2.18625E+00
  0.00000E+00   8.78751E+01   1.94920E+00
  0.00000E+00   9.07160E+01   1.46423E+00
  0.00000E+00   9.35061E+01   9.78999E-01
  0.00000E+00   9.30643E+01   5.31050E-01
  0.00000E+00   9.09938E+01   1.94900E-01
  0.00000E+00   8.82058E+01   1.12901E-01
  0.00000E+00   8.58813E+01   1.87795E-02
  0.00000E+00   8.39995E+01  -9.63720E-02
  0.00000E+00   8.20183E+01  -1.92611E-01
  0.00000E+00   8.05328E+01  -7.65212E-01
  0.00000E+00   8.23096E+01  -1.18392E+00
  0.00000E+00   8.64562E+01  -1.45042E+00
  0.00000E+00   9.00055E+01  -1.33961E+00
  0.00000E+00   8.98099E+01  -1.02409E+00
  0.00000E+00   8.81847E+01  -1.00280E+00
  0.00000E+00   8.76525E+01  -9.03613E-01
  0.00000E+00   8.95420E+01  -8.23667E-01
  0.00000E+00   9.12611E+01  -5.35180E-01
  0.00000E+00   9.18096E+01  -3.63743E-01
  0.00000E+00   9.28090E+01  -6.02321E-01
  0.00000E+00   9.48608E+01  -5.88708E-01
  0.00000E+00   9.65082E+01  -7.29488E-01
  0.00000E+00   9.57393E+01  -5.14935E-01
  0.00000E+00   9.31167E+01  -2.84415E-01
  0.00000E+00   8.97942E+01  -2.78662E-02
  0.00000E+00   8.76023E+01   1.43097E-01
  0.00000E+00   8.60275E+01  -9.50595E-03
  0.00000E+00   8.38948E+01  -6.31058E-01
  0.00000E+00   8.24273E+01  -1.44689E+00
  0.00000E+00   8.23704E+01  -2.06115E+00
  0.00000E+00   8.30561E+01  -2.31385E+00
  0.00000E+00   8.23036E+01  -2.14646E+00
  0.00000E+00   8.01260E+01  -1.86118E+00
  0.00000E+00   7.84415E+01  -1.17804E+00
  0.00000E+00   7.86982E+01  -3.67318E-01
  0.00000E+00   7.89963E+01   4.31423E-01
  0.00000E+00   7.78624E+01   9.57284E-01
  0.00000E+00   7.67074E+01   8.67152E-01
  0.00000E+00   7.62211E+01   4.25419E-01
  0.00000E+00   7.65185E+01  -3.62771E-01
  0.00000E+00   7.52380E+01  -9.78447E-01
  0.00000E+00   7.28480E+01  -9.87288E-01
  0.00000E+00   7.14858E+01  -7.48803E-01
  0.00000E+00   7.05597E+01  -7.27164E-02
  0.00000E+00   6.97309E+01   4.71356E-01
  0.00000E+00   6.70249E+01   7.72944E-01
  0.00000E+00   6.38603E+01   1.05037E+00
  0.00000E+00   6.24642E+01   1.09895E+00
  0.00000E+00   6.24641E+01   7.34970E-01
  0.00000E+00   6.38420E+01   2.87303E-01
  0.00000E+00   6.38405E+01   2.46369E-02
  0.00000E+00   6.17298E+01  -1.79154E-01
  0.00000E+00   6.01379E+01  -1.28944E-01
  0.00000E+00   6.02544E+01   1.64157E-02
  0.00000E+00   6.12038E+01   3.62207E-01
  0.00000E+00   6.12308E+01   4.77540E-01
  0.00000E+00   6.12268E+01   3.42928E-01
  0.00000E+00   6.20665E+01   1.31868E-01
  0.00000E+00   6.44609E+01  -6.22904E-02
  0.00000E+00   6.75607E+01  -1.96123E-01
  0.00000E+00   6.86062E+01  -3.93036E-01
  0.00000E+00   6.78061E+01  -6.36729E-01
  0.00000E+00   6.77823E+01  -1.02079E+00
  0.00000E+00   6.88532E+01  -1.37546E+00
  0.00000E+00   6.98854E+01  -1.55287E+00
  0.00000E+00   7.07838E+01  -1.60681E+00
  0.00000E+00   7.21435E+01  -1.65412E+00
  0.00000E+00   7.50844E+01  -1.68721E+00
  0.00000E+00   7.78536E+01  -1.91691E+00
  0.00000E+00   7.77562E+01  -2.26113E+00
  0.00000E+00   7.54113E+01  -2.55703E+00
  0.00000E+00   7.34997E+01  -2.58694E+00
  0.00000E+00   7.41791E+01  -2.53574E+00
  0.00000E+00   7.55548E+01  -2.55996E+00
  0.00000E+00   7.57179E+01  -2.54247E+00
  0.00000E+00   7.71477E+01  -2.37788E+00
  0.00000E+00   8.03650E+01  -2.38751E+00
  0.00000E+00   8.59429E+01  -2.32621E+00
  0.00000E+00   9.03048E+01  -2.22264E+00
  0.00000E+00   9.25014E+01  -1.95200E+00
  0.00000E+00   9.29724E+01  -1.54634E+00
  0.00000E+00   9.42031E+01  -1.34985E+00
  0.00000E+00   9.73688E+01  -1.14601E+00
  0.00000E+00   9.95257E+01  -7.52399E-01
  0.00000E+00   9.83292E+01  -6.04544E-01
  0.00000E+00   9.65294E+01  -5.95261E-01
  0.00000E+00   9.50833E+01  -6.13376E-01
  0.00000E+00   9.30412E+01  -4.34521E-01
  0.00000E+00   8.87848E+01  -4.70661E-01
  0.00000E+00   8.27668E+01  -6.36104E-01
  0.00000E+00   7.77826E+01  -6.04568E-01
  0.00000E+00   7.46629E+01  -4.77226E-01
  0.00000E+00   7.50804E+01  -3.11905E-01
  0.00000E+00   7.61322E+01  -3.74616E-01
  0.00000E+00   7.83727E+01  -2.18351E-01
  0.00000E+00   8.16456E+01  -1.25619E-01
  0.00000E+00   8.55969E+01  -4.32488E-01
  0.00000E+00   8.88868E+01  -5.93971E-01
  0.00000E+00   9.02585E+01  -9.39989E-01
  0.00000E+00   9.00607E+01  -1.01550E+00
  0.00000E+00   9.03310E+01  -9.38051E-01
  0.00000E+00   9.21009E+01  -7.22372E-01
  0.00000E+00   9.34782E+01  -3.51404E-01
  0.00000E+00   9.37200E+01   9.57338E-02
  0.00000E+00   9.42487E+01   3.52569E-01
  0.00000E+00   9.64126E+01   5.29340E-01
  0.00000E+00   1.00120E+02   9.07292E-01
  0.00000E+00   1.03811E+02   1.42523E+00
  0.00000E+00   1.06936E+02   1.72371E+00
  0.00000E+00   1.08539E+02   1.85137E+00
  0.00000E+00   1.08454E+02   2.05748E+00
  0.00000E+00   1.08062E+02   2.21388E+00
  0.00000E+00   1.08205E+02   2.36346E+00
  0.00000E+00   1.08380E+02   2.35150E+00
  0.00000E+00   1.08576E+02   2.10326E+00
  0.00000E+00   1.10225E+02   1.95673E+00
  0.00000E+00   1.12343E+02   1.90051E+00
  0.00000E+00   1.11005E+02   1.65915E+00
  0.00000E+00   1.08661E+02   1.57178E+00
  0.00000E+00   1.07560E+02   1.28136E+00
  0.00000E+00   1.08586E+02   1.06135E+00
  0.00000E+00   1.10362E+02   1.37212E+00
  0.00000E+00   1.10960E+02   1.76095E+00
  0.00000E+00   1.08703E+02   1.70571E+00
  0.00000E+00   1.04223E+02   1.24274E+00
  0.00000E+00   1.01437E+02   6.44073E-01
  0.00000E+00   1.01086E+02   1.97164E-01
  0.00000E+00   9.89066E+01   2.97749E-01
  0.00000E+00   9.44347E+01   4.58736E-01
  0.00000E+00   9.21910E+01   8.30234E-01
  0.00000E+00   9.42865E+01   1.11996E+00
  0.00000E+00   9.64591E+01   1.29005E+00
  0.00000E+00   9.41863E+01   1.54589E+00
  0.00000E+00   9.01364E+01   1.36740E+00
  0.00000E+00   8.75008E+01   1.29857E+00
  0.00000E+00   8.83781E+01   1.09655E+00
  0.00000E+00   9.15782E+01   7.33082E-01
  0.00000E+00   9.31436E+01   6.17393E-01
  0.00000E+00   9.35841E+01   4.76653E-01
  0.00000E+00   9.47737E+01   3.04247E-01
  0.00000E+00   9.89207E+01   3.48973E-01
  0.00000E+00   1.03922E+02   5.29310E-01
  0.00000E+00   1.06274E+02   7.95317E-01
  0.00000E+00   1.05519E+02   1.01587E+00
  0.00000E+00   1.05299E+02   1.05288E+00
  0.00000E+00   1.06797E+02   8.78461E-01
  0.00000E+00   1.08498E+02   6.72494E-01
  0.00000E+00   1.08979E+02   5.96003E-01
  0.00000E+00   1.08028E+02   3.58952E-01
  0.00000E+00   1.07836E+02   4.80217E-01
  0.00000E+00   1.07146E+02   6.74268E-01
  0.00000E+00   1.05249E+02   1.10113E+00
  0.00000E+00   1.02805E+02   1.24134E+00
  0.00000E+00   1.00861E+02   9.32713E-01
  0.00000E+00   1.01878E+02   4.74354E-01
  0.00000E+00   1.04763E+02   8.53247E-03
  0.00000E+00   1.05726E+02  -9.11951E-02
  0.00000E+00   1.02181E+02   7.06406E-02
  0.00000E+00   9.86665E+01   4.75355E-01
  0.00000E+00   9.95623E+01   7.36024E-01
  0.00000E+00   1.02830E+02   8.53222E-01
  0.00000E+00   1.03105E+02   7.58328E-01
  0.00000E+00   1.01041E+02   7.35642E-01
  0.00000E+00   9.86528E+01   7.02621E-01
  0.00000E+00   9.89214E+01   6.86331E-01
  0.00000E+00   1.00958E+02   7.61607E-01
  0.00000E+00   1.01540E+02   9.10052E-01
  0.00000E+00   9.94697E+01   9.89026E-01
  0.00000E+00   9.95389E+01   1.27805E+00
  0.00000E+00   1.00471E+02   1.46806E+00
  0.00000E+00   1.00062E+02   1.89518E+00
  0.00000E+00   9.79529E+01   2.40340E+00
  0.00000E+00   9.64799E+01   2.65913E+00
  0.00000E+00   9.63058E+01   2.63629E+00
  0.00000E+00   9.82652E+01   2.49358E+00
  0.00000E+00   9.92330E+01   2.37231E+00
  0.00000E+00   9.97479E+01   2.18698E+00
  0.00000E+00   9.91400E+01   2.10445E+00
  0.00000E+00   9.96146E+01   1.75934E+00
  0.00000E+00   1.01595E+02   1.45883E+00
  0.00000E+00   1.02821E+02   1.63615E+00
  0.00000E+00   1.02650E+02   2.04304E+00
  0.00000E+00   1.02275E+02   2.21661E+00
  0.00000E+00   1.04746E+02   2.12329E+00
  0.00000E+00   1.09557E+02   1.84734E+00
  0.00000E+00   1.10424E+02   1.35916E+00
  0.00000E+00   1.06267E+02   6.38765E-01
  0.00000E+00   1.02720E+02   2.68739E-01
  0.00000E+00   1.02613E+02   1.26857E-01
  0.00000E+00   1.04996E+02   1.16715E-01
  0.00000E+00   1.04544E+02   3.64891E-02
  0.00000E+00   1.02115E+02   5.01635E-03
  0.00000E+00   1.02462E+02  -8.16468E-02
  0.00000E+00   1.05634E+02  -2.50357E-01
  0.00000E+00   1.08661E+02  -3.83479E-01
  0.00000E+00   1.08414E+02  -5.76638E-01
  0.00000E+00   1.05774E+02  -7.45150E-01
  0.00000E+00   1.03271E+02  -8.08150E-01
  0.00000E+00   1.02601E+02  -1.01245E+00
  0.00000E+00   1.03652E+02  -1.35572E+00
  0.00000E+00   1.04833E+02  -1.71708E+00
  0.00000E+00   1.05161E+02  -1.91106E+00
  0.00000E+00   1.07066E+02  -2.19730E+00
  0.00000E+00   1.09256E+02  -2.47626E+00
  0.00000E+00   1.07411E+02  -2.94703E+00
  0.00000E+00   1.01166E+02  -2.91487E+00
  0.00000E+00   9.66695E+01  -2.13928E+00
  0.00000E+00   9.51728E+01  -1.31421E+00
  0.00000E+00   9.52840E+01  -6.18583E-01
  0.00000E+00   9.56183E+01  -4.00048E-01
  0.00000E+00   9.31407E+01  -6.36402E-01
  0.00000E+00   9.08664E+01  -1.11027E+00
  0.00000E+00   9.02993E+01  -1.48394E+00
  0.00000E+00   9.14961E+01  -1.60438E+00
  0.00000E+00   9.24264E+01  -1.62646E+00
  0.00000E+00   9.24732E+01  -1.66829E+00
  0.00000E+00   9.38779E+01  -1.53194E+00
  0.00000E+00   9.76015E+01  -1.12223E+00
  0.00000E+00   1.02271E+02  -8.58199E-01
  0.00000E+00   1.02729E+02  -7.21357E-01
  0.00000E+00   9.90867E+01  -8.71666E-01
  0.00000E+00   9.60637E+01  -7.76884E-01
  0.00000E+00   9.67455E+01  -4.76200E-01
  0.00000E+00   9.86203E+01  -1.87160E-01
  0.00000E+00   9.95940E+01   8.98738E-02
  0.00000E+00   9.89967E+01   1.50734E-01
  0.00000E+00   9.92993E+01   4.07128E-01
  0.00000E+00   1.00838E+02   5.33842E-01
  0.00000E+00   1.01705E+02   7.24117E-01
  0.00000E+00   1.01402E+02   8.30502E-01
  0.00000E+00   9.98328E+01   5.31822E-01
  0.00000E+00   1.00030E+02   2.55112E-01
  0.00000E+00   1.03066E+02  -1.20112E-01
  0.00000E+00   1.05890E+02  -2.04076E-01
  0.00000E+00   1.05370E+02   4.31030E-02
  0.00000E+00   1.03267E+02   5.07842E-01
  0.00000E+00   1.01804E+02   7.05191E-01
  0.00000E+00   1.01656E+02   7.04040E-01
  0.00000E+00   1.02997E+02   9.16738E-01
  0.00000E+00   1.03763E+02   1.15713E+00
  0.00000E+00   1.04487E+02   1.29148E+00
  0.00000E+00   1.06865E+02   1.36863E+00
  0.00000E+00   1.10940E+02   1.44974E+00
  0.00000E+00   1.12322E+02   1.28567E+00
  0.00000E+00   1.11980E+02   1.00271E+00
  0.00000E+00   1.12412E+02   8.56366E-01
  0.00000E+00   1.13896E+02   6.83765E-01
  0.00000E+00   1.16203E+02   7.81143E-01
  0.00000E+00   1.17418E+02   7.66173E-01
  0.00000E+00   1.17855E+02   8.03850E-01
  0.00000E+00   1.20157E+02   9.05108E-01
  0.00000E+00   1.24902E+02   1.16807E+00
  0.00000E+00   1.29114E+02   1.28425E+00
  0.00000E+00   1.28351E+02   1.43992E+00
  0.00000E+00   1.26070E+02   1.97165E+00
  0.00000E+00   1.23213E+02   2.33039E+00
  0.00000E+00   1.22621E+02   2.44700E+00
  0.00000E+00   1.23191E+02   2.34370E+00
  0.00000E+00   1.23421E+02   2.49754E+00
  0.00000E+00   1.24485E+02   2.90922E+00
  0.00000E+00   1.28374E+02   3.37321E+00
  0.00000E+00   1.32092E+02   3.94913E+00
  0.00000E+00   1.30967E+02   4.25948E+00
  0.00000E+00   1.26787E+02   4.71758E+00
  0.00000E+00   1.23350E+02   5.06548E+00
  0.00000E+00   1.22917E+02   5.23704E+00
  0.00000E+00   1.24821E+02   5.55985E+00
  0.00000E+00   1.26260E+02   5.63592E+00
  0.00000E+00   1.24857E+02   5.56369E+00
  0.00000E+00   1.23442E+02   5.76841E+00
  0.00000E+00   1.25358E+02   5.82385E+00
  0.00000E+00   1.29473E+02   6.07830E+00
  0.00000E+00   1.31012E+02   6.36471E+00
  0.00000E+00   1.29754E+02   6.58784E+00
  0.00000E+00   1.29199E+02   6.95936E+00
  0.00000E+00   1.31650E+02   7.35945E+00
  0.00000E+00   1.35625E+02   7.64426E+00
  0.00000E+00   1.37862E+02   7.77682E+00
  0.00000E+00   1.39443E+02   7.92064E+00
  0.00000E+00   1.42229E+02   8.13732E+00
  0.00000E+00   1.47719E+02   8.52968E+00
  0.00000E+00   1.52911E+02   8.95070E+00
  0.00000E+00   1.52825E+02   9.07556E+00
  0.00000E+00   1.48821E+02   8.78821E+00
  0.00000E+00   1.46991E+02   8.30195E+00
  0.00000E+00   1.50210E+02   8.21419E+00
  0.00000E+00   1.55933E+02   7.91910E+00
  0.00000E+00   1.57515E+02   7.64040E+00
  0.00000E+00   1.58093E+02   7.36189E+00
  0.00000E+00   1.59793E+02   7.08497E+00
  0.00000E+00   1.63060E+02   6.91796E+00
  0.00000E+00   1.65435E+02   6.66142E+00
  0.00000E+00   1.66045E+02   6.66059E+00
  0.00000E+00   1.64425E+02   6.52041E+00
  0.00000E+00   1.65650E+02   6.28285E+00
  0.00000E+00   1.69150E+02   6.16784E+00
  0.00000E+00   1.72712E+02   5.81741E+00
  0.00000E+00   1.73091E+02   5.24321E+00
  0.00000E+00   1.73642E+02   4.77320E+00
  0.00000E+00   1.78158E+02   4.76272E+00
  0.00000E+00   1.84941E+02   5.07988E+00
  0.00000E+00   1.88027E+02   5.19650E+00
  0.00000E+00   1.86991E+02   5.41953E+00
  0.00000E+00   1.86175E+02   5.40385E+00
  0.00000E+00   1.87718E+02   5.17343E+00
  0.00000E+00   1.89371E+02   5.06412E+00
  0.00000E+00   1.90334E+02   5.01209E+00
  0.00000E+00   1.89823E+02   4.94539E+00
  0.00000E+00   1.91507E+02   5.28456E+00
  0.00000E+00   1.95588E+02   5.59753E+00
  0.00000E+00   1.98645E+02   5.83811E+00
  0.00000E+00   1.96852E+02   5.38617E+00
  0.00000E+00   1.90762E+02   4.92100E+00
  0.00000E+00   1.88160E+02   4.87393E+00
  0.00000E+00   1.89648E+02   5.12451E+00
  0.00000E+00   1.91824E+02   5.10316E+00
  0.00000E+00   1.93022E+02   5.07858E+00
  0.00000E+00   1.94150E+02   4.89901E+00
  0.00000E+00   1.97641E+02   4.38934E+00
  0.00000E+00   2.02420E+02   4.28244E+00
  0.00000E+00   2.02109E+02   4.61831E+00
  0.00000E+00   1.95381E+02   4.80741E+00
  0.00000E+00   1.84256E+02   4.66921E+00
  0.00000E+00   1.76342E+02   4.16631E+00
  0.00000E+00   1.72071E+02   3.75848E+00
  0.00000E+00   1.71939E+02   3.63769E+00
  0.00000E+00   1.73291E+02   3.25701E+00
  0.00000E+00   1.74230E+02   2.84598E+00
  0.00000E+00   1.77154E+02   2.51597E+00
  0.00000E+00   1.80462E+02   2.63462E+00
  0.00000E+00   1.80586E+02   2.76952E+00
  0.00000E+00   1.75475E+02   2.97859E+00
  0.00000E+00   1.68854E+02   2.84677E+00
  0.00000E+00   1.66885E+02   2.25800E+00
  0.00000E+00   1.67621E+02   1.67943E+00
  0.00000E+00   1.70104E+02   9.26663E-01
  0.00000E+00   1.70374E+02   5.44618E-01
  0.00000E+00   1.71829E+02   3.10427E-01
  0.00000E+00   1.76705E+02   3.06333E-01
  0.00000E+00   1.80365E+02   7.51646E-01
  0.00000E+00   1.80465E+02   8.87878E-01
  0.00000E+00   1.76571E+02   8.91272E-01
  0.00000E+00   1.74152E+02   5.89910E-01
  0.00000E+00   1.72963E+02   2.48980E-02
  0.00000E+00   1.74264E+02  -6.75419E-01
  0.00000E+00   1.74943E+02  -1.48677E+00
  0.00000E+00   1.76479E+02  -2.43498E+00
  0.00000E+00   1.80798E+02  -3.14741E+00
  0.00000E+00   1.87236E+02  -3.81182E+00
  0.00000E+00   1.90324E+02  -3.70361E+00
  0.00000E+00   1.87190E+02  -3.30630E+00
  0.00000E+00   1.81173E+02  -3.27421E+00
  0.00000E+00   1.76739E+02  -3.03433E+00
  0.00000E+00   1.75286E+02  -2.95173E+00
  0.00000E+00   1.76423E+02  -3.11094E+00
  0.00000E+00   1.78002E+02  -2.95802E+00
  0.00000E+00   1.78178E+02  -3.20490E+00
  0.00000E+00   1.81256E+02  -3.13511E+00
  0.00000E+00   1.87205E+02  -3.27194E+00
  0.00000E+00   1.90047E+02  -3.33319E+00
  0.00000E+00   1.86178E+02  -3.25520E+00
  0.00000E+00   1.79973E+02  -3.06061E+00
  0.00000E+00   1.76164E+02  -2.92156E+00
  0.00000E+00   1.73028E+02  -2.42852E+00
  0.00000E+00   1.71577E+02  -2.13796E+00
  0.00000E+00   1.71541E+02  -1.88204E+00
  0.00000E+00   1.73345E+02  -1.61953E+00
  0.00000E+00   1.79622E+02  -1.03104E+00
  0.00000E+00   1.85178E+02  -4.57170E-01
  0.00000E+00   1.84323E+02  -1.76128E-01
  0.00000E+00   1.78783E+02  -8.32506E-02
  0.00000E+00   1.72201E+02  -3.37415E-02
  0.00000E+00   1.68161E+02  -5.20685E-01
  0.00000E+00   1.65441E+02  -5.67778E-01
  0.00000E+00   1.62740E+02  -5.44034E-01
  0.00000E+00   1.61961E+02  -8.89945E-01
  0.00000E+00   1.64962E+02  -1.10869E+00
  0.00000E+00   1.68482E+02  -7.42704E-01
  0.00000E+00   1.72573E+02  -1.12718E+00
  0.00000E+00   1.73551E+02  -1.38261E+00
  0.00000E+00   1.69266E+02  -1.39885E+00
  0.00000E+00   1.65764E+02  -9.12518E-01
  0.00000E+00   1.63534E+02  -7.62946E-01
  0.00000E+00   1.61757E+02  -1.04344E+00
  0.00000E+00   1.57935E+02  -1.04445E+00
  0.00000E+00   1.57154E+02  -9.71135E-01
  0.00000E+00   1.56188E+02  -1.17498E+00
  0.00000E+00   1.56559E+02  -1.01390E+00
  0.00000E+00   1.57629E+02  -1.19736E+00
  0.00000E+00   1.56760E+02  -7.94150E-01
  0.00000E+00   1.57682E+02  -1.40003E+00
  0.00000E+00   1.61804E+02  -1.25439E+00
  0.00000E+00   1.64365E+02  -1.14585E+00
  0.00000E+00   1.61947E+02  -4.22631E-01
  0.00000E+00   1.59645E+02  -1.12987E-01
  0.00000E+00   1.56961E+02  -2.44964E-01
  0.00000E+00   1.57534E+02  -2.25990E-02
  0.00000E+00   1.60892E+02   5.57220E-01
  0.00000E+00   1.63029E+02   1.14979E+00
  0.00000E+00   1.62369E+02   1.13633E+00
  0.00000E+00   1.60240E+02   1.41700E+00
  0.00000E+00   1.61008E+02   1.78920E+00
  0.00000E+00   1.64080E+02   2.25005E+00
  0.00000E+00   1.66830E+02   2.38879E+00
  0.00000E+00   1.67321E+02   2.61944E+00
  0.00000E+00   1.68804E+02   2.50081E+00
  0.00000E+00   1.73922E+02   2.51907E+00
  0.00000E+00   1.76358E+02   2.18941E+00
  0.00000E+00   1.74278E+02   1.82863E+00
  0.00000E+00   1.71091E+02   1.86404E+00
  0.00000E+00   1.68715E+02   2.23144E+00
  0.00000E+00   1.68433E+02   2.89956E+00
  0.00000E+00   1.70683E+02   3.51897E+00
  0.00000E+00   1.72016E+02   3.80879E+00
  0.00000E+00   1.72245E+02   3.64445E+00
  0.00000E+00   1.74860E+02   3.74756E+00
  0.00000E+00   1.78236E+02   3.31928E+00
  0.00000E+00   1.78578E+02   3.10600E+00
  0.00000E+00   1.73164E+02   2.62206E+00
  0.00000E+00   1.67407E+02   2.47754E+00
  0.00000E+00   1.64688E+02   2.71838E+00
  0.00000E+00   1.63905E+02   3.40107E+00
  0.00000E+00   1.61639E+02   4.01814E+00
  0.00000E+00   1.59243E+02   4.48986E+00
  0.00000E+00   1.59399E+02   4.82927E+00
  0.00000E+00   1.60022E+02   5.30784E+00
  0.00000E+00   1.59925E+02   5.72716E+00
  0.00000E+00   1.56857E+02   5.52279E+00
  0.00000E+00   1.52166E+02   5.79111E+00
  0.00000E+00   1.51265E+02   6.27689E+00
  0.00000E+00   1.54248E+02   6.75616E+00
  0.00000E+00   1.55216E+02   7.36718E+00
  0.00000E+00   1.52475E+02   7.71571E+00
  0.00000E+00   1.50347E+02   7.46834E+00
  0.00000E+00   1.51006E+02   6.87425E+00
  0.00000E+00   1.54344E+02   6.26948E+00
  0.00000E+00   1.57177E+02   5.75749E+00
  0.00000E+00   1.56786E+02   5.56410E+00
  0.00000E+00   1.53190E+02   5.54363E+00
  0.00000E+00   1.51750E+02   5.55949E+00
  0.00000E+00   1.52512E+02   5.75730E+00
  0.00000E+00   1.52928E+02   5.79031E+00
  0.00000E+00   1.53209E+02   5.62954E+00
  0.00000E+00   1.54490E+02   5.26970E+00
  0.00000E+00   1.57367E+02   4.83354E+00
  0.00000E+00   1.61540E+02   4.59172E+00
  0.00000E+00   1.64030E+02   4.44743E+00
  0.00000E+00   1.62401E+02   4.37427E+00
  0.00000E+00   1.60511E+02   4.52314E+00
  0.00000E+00   1.60720E+02   4.45970E+00
  0.00000E+00   1.63320E+02   4.28902E+00
  0.00000E+00   1.65188E+02   3.81786E+00
  0.00000E+00   1.65226E+02   3.64904E+00
  0.00000E+00   1.65498E+02   3.65566E+00
  0.00000E+00   1.68215E+02   3.67120E+00
  0.00000E+00   1.72574E+02   3.83961E+00
  0.00000E+00   1.75131E+02   3.92180E+00
  0.00000E+00   1.74996E+02   4.05539E+00
  0.00000E+00   1.75762E+02   4.25774E+00
  0.00000E+00   1.78473E+02   4.11782E+00
  0.00000E+00   1.81727E+02   4.00799E+00
  0.00000E+00   1.81208E+02   3.93221E+00
  0.00000E+00   1.80223E+02   3.55506E+00
  0.00000E+00   1.80877E+02   3.03653E+00
  0.00000E+00   1.84508E+02   2.97487E+00
  0.00000E+00   1.88098E+02   2.65505E+00
  0.00000E+00   1.87885E+02   2.27749E+00
  0.00000E+00   1.83551E+02   2.21965E+00
  0.00000E+00   1.80165E+02   2.18895E+00
  0.00000E+00   1.81213E+02   2.20113E+00
  0.00000E+00   1.83606E+02   2.05826E+00
  0.00000E+00   1.84915E+02   1.97580E+00
  0.00000E+00   1.86736E+02   1.98575E+00
  0.00000E+00   1.90391E+02   2.11690E+00
  0.00000E+00   1.94009E+02   2.36578E+00
  0.00000E+00   1.94655E+02   2.57961E+00
  0.00000E+00   1.92779E+02   2.87509E+00
  0.00000E+00   1.91962E+02   3.09945E+00
  0.00000E+00   1.94264E+02   3.20754E+00
  0.00000E+00   1.96091E+02   2.73454E+00
  0.00000E+00   1.97525E+02   2.37327E+00
  0.00000E+00   1.97492E+02   1.69188E+00
  0.00000E+00   1.99176E+02   1.93646E+00
  0.00000E+00   1.99938E+02   2.22979E+00
  0.00000E+00   2.00367E+02   2.47324E+00
  0.00000E+00   1.97618E+02   3.06190E+00
  0.00000E+00   1.94039E+02   2.93351E+00
  0.00000E+00   1.89520E+02   2.64586E+00
  0.00000E+00   1.88906E+02   2.36936E+00
  0.00000E+00   1.88068E+02   2.55850E+00
  0.00000E+00   1.85723E+02   3.11773E+00
  0.00000E+00   1.86025E+02   3.42141E+00
  0.00000E+00   1.85286E+02   3.44336E+00
  0.00000E+00   1.86018E+02   3.45651E+00
