  0.00000E+00  -5.80862E-03  -1.10366E-05
  0.00000E+00  -4.68662E-03  -1.16700E-05
  0.00000E+00  -3.06617E-03  -2.21909E-05
  0.00000E+00  -2.03294E-03  -3.20134E-05
  0.00000E+00  -1.30778E-03  -3.55219E-05
  0.00000E+00  -7.90871E-04  -3.32925E-05
  0.00000E+00  -4.33278E-04  -2.76670E-05
  0.00000E+00  -1.83626E-04  -2.11400E-05
  0.00000E+00  -1.29339E-05  -1.44497E-05
  0.00000E+00   1.00877E-04  -8.06416E-06
  0.00000E+00   1.78401E-04  -2.20946E-06
  0.00000E+00   2.31797E-04   2.95126E-06
  0.00000E+00   2.69248E-04   7.29892E-06
  0.00000E+00   2.95413E-04   1.08021E-05
  0.00000E+00   3.14814E-04   1.34701E-05
  0.00000E+00   3.30273E-04   1.54527E-05
  0.00000E+00   3.43535E-04   1.69020E-05
  0.00000E+00   3.55757E-04   1.79691E-05
  0.00000E+00   3.68157E-04   1.87787E-05
  0.00000E+00   3.80844E-04   1.94860E-05
  0.00000E+00   3.94488E-04   2.00341E-05
  0.00000E+00   4.07888E-04   2.06112E-05
  0.00000E+00   4.22691E-04   2.10420E-05
  0.00000E+00   4.38033E-04   2.15104E-05
  0.00000E+00   4.53281E-04   2.18955E-05
  0.00000E+00   4.71185E-04   2.21429E-05
  0.00000E+00   4.87884E-04   2.24078E-05
  0.00000E+00   5.07104E-04   2.24858E-05
  0.00000E+00   5.27332E-04   2.24827E-05
  0.00000E+00   5.47229E-04   2.23898E-05
  0.00000E+00   5.69656E-04   2.21437E-05
  0.00000E+00   5.93151E-04   2.17365E-05
  0.00000E+00   6.16869E-04   2.12536E-05
  0.00000E+00   6.42319E-04   2.06593E-05
  0.00000E+00   6.69362E-04   1.99702E-05
  0.00000E+00   6.97185E-04   1.92132E-05
  0.00000E+00   7.26189E-04   1.84072E-05
  0.00000E+00   7.56746E-04   1.75700E-05
  0.00000E+00   7.89017E-04   1.66880E-05
  0.00000E+00   8.22420E-04   1.57650E-05
  0.00000E+00   8.57179E-04   1.48147E-05
  0.00000E+00   8.93735E-04   1.38355E-05
  0.00000E+00   9.32130E-04   1.28377E-05
  0.00000E+00   9.72272E-04   1.18107E-05
  0.00000E+00   1.01422E-03   1.07505E-05
  0.00000E+00   1.05811E-03   9.67492E-06
  0.00000E+00   1.10403E-03   8.59180E-06
  0.00000E+00   1.15219E-03   7.50851E-06
  0.00000E+00   1.20263E-03   6.43586E-06
  0.00000E+00   1.25546E-03   5.36684E-06
  0.00000E+00   1.31078E-03   4.29650E-06
  0.00000E+00   1.36875E-03   3.22007E-06
  0.00000E+00   1.42949E-03   2.13810E-06
  0.00000E+00   1.49315E-03   1.05033E-06
  0.00000E+00   1.55987E-03  -4.24214E-08
  0.00000E+00   1.62980E-03  -1.13995E-06
  0.00000E+00   1.70307E-03  -2.23985E-06
  0.00000E+00   1.77986E-03  -3.34227E-06
  0.00000E+00   1.86032E-03  -4.44346E-06
  0.00000E+00   1.94466E-03  -5.53892E-06
  0.00000E+00   2.03306E-03  -6.62357E-06
  0.00000E+00   2.12571E-03  -7.69412E-06
  0.00000E+00   2.22282E-03  -8.74836E-06
  0.00000E+00   2.32462E-03  -9.78580E-06
  0.00000E+00   2.43134E-03  -1.08070E-05
  0.00000E+00   2.54319E-03  -1.18124E-05
  0.00000E+00   2.66044E-03  -1.28034E-05
  0.00000E+00   2.78333E-03  -1.37822E-05
  0.00000E+00   2.91214E-03  -1.47492E-05
  0.00000E+00   3.04716E-03  -1.57041E-05
  0.00000E+00   3.18867E-03  -1.66452E-05
  0.00000E+00   3.33699E-03  -1.75705E-05
  0.00000E+00   3.49244E-03  -1.84786E-05
  0.00000E+00   3.65536E-03  -1.93686E-05
  0.00000E+00   3.82610E-03  -2.02408E-05
  0.00000E+00   4.00503E-03  -2.10956E-05
  0.00000E+00   4.19254E-03  -2.19337E-05
  0.00000E+00   4.38906E-03  -2.27555E-05
  0.00000E+00   4.59501E-03  -2.35614E-05
  0.00000E+00   4.81086E-03  -2.43507E-05
  0.00000E+00   5.03706E-03  -2.51225E-05
  0.00000E+00   5.27410E-03  -2.58753E-05
  0.00000E+00   5.52245E-03  -2.66075E-05
  0.00000E+00   5.78262E-03  -2.73172E-05
  0.00000E+00   6.05513E-03  -2.80030E-05
  0.00000E+00   6.34055E-03  -2.86644E-05
  0.00000E+00   6.63951E-03  -2.93019E-05
  0.00000E+00   6.95264E-03  -2.99171E-05
  0.00000E+00   7.28065E-03  -3.05123E-05
  0.00000E+00   7.62425E-03  -3.10901E-05
  0.00000E+00   7.98420E-03  -3.16531E-05
  0.00000E+00   8.36124E-03  -3.22035E-05
  0.00000E+00   8.75612E-03  -3.27429E-05
  0.00000E+00   9.16962E-03  -3.32726E-05
  0.00000E+00   9.60254E-03  -3.37931E-05
  0.00000E+00   1.00557E-02  -3.43048E-05
  0.00000E+00   1.05300E-02  -3.48081E-05
  0.00000E+00   1.10263E-02  -3.53032E-05
  0.00000E+00   1.15456E-02  -3.57904E-05
  0.00000E+00   1.20889E-02  -3.62696E-05
  0.00000E+00   1.26574E-02  -3.67400E-05
  0.00000E+00   1.32521E-02  -3.71999E-05
  0.00000E+00   1.38741E-02  -3.76472E-05
  0.00000E+00   1.45247E-02  -3.80790E-05
  0.00000E+00   1.52050E-02  -3.84923E-05
  0.00000E+00   1.59162E-02  -3.88835E-05
  0.00000E+00   1.66595E-02  -3.92491E-05
  0.00000E+00   1.74364E-02  -3.95850E-05
  0.00000E+00   1.82482E-02  -3.98868E-05
  0.00000E+00   1.90963E-02  -4.01497E-05
  0.00000E+00   1.99825E-02  -4.03690E-05
  0.00000E+00   2.09083E-02  -4.05400E-05
  0.00000E+00   2.18754E-02  -4.06582E-05
  0.00000E+00   2.28854E-02  -4.07193E-05
  0.00000E+00   2.39402E-02  -4.07191E-05
  0.00000E+00   2.50413E-02  -4.06540E-05
  0.00000E+00   2.61908E-02  -4.05208E-05
  0.00000E+00   2.73903E-02  -4.03173E-05
  0.00000E+00   2.86420E-02  -4.00413E-05
  0.00000E+00   2.99481E-02  -3.96903E-05
  0.00000E+00   3.13109E-02  -3.92607E-05
  0.00000E+00   3.27330E-02  -3.87484E-05
  0.00000E+00   3.42171E-02  -3.81484E-05
  0.00000E+00   3.57661E-02  -3.74546E-05
  0.00000E+00   3.73827E-02  -3.66603E-05
  0.00000E+00   3.90702E-02  -3.57584E-05
  0.00000E+00   4.08317E-02  -3.47426E-05
  0.00000E+00   4.26703E-02  -3.36096E-05
  0.00000E+00   4.45895E-02  -3.23609E-05
  0.00000E+00   4.65925E-02  -3.10050E-05
  0.00000E+00   4.86828E-02  -2.95600E-05
  0.00000E+00   5.08637E-02  -2.80565E-05
  0.00000E+00   5.31383E-02  -2.65387E-05
  0.00000E+00   5.55097E-02  -2.50657E-05
  0.00000E+00   5.79804E-02  -2.37093E-05
  0.00000E+00   6.05528E-02  -2.25513E-05
  0.00000E+00   6.32291E-02  -2.16783E-05
  0.00000E+00   6.60111E-02  -2.11767E-05
  0.00000E+00   6.89002E-02  -2.11269E-05
  0.00000E+00   7.18978E-02  -2.15990E-05
  0.00000E+00   7.50053E-02  -2.26499E-05
  0.00000E+00   7.82238E-02  -2.43219E-05
  0.00000E+00   8.15546E-02  -2.66424E-05
  0.00000E+00   8.49991E-02  -2.96211E-05
  0.00000E+00   8.85588E-02  -3.32452E-05
  0.00000E+00   9.22357E-02  -3.74696E-05
  0.00000E+00   9.60317E-02  -4.22045E-05
  0.00000E+00   9.99497E-02  -4.73027E-05
  0.00000E+00   1.03992E-01  -5.25494E-05
  0.00000E+00   1.08163E-01  -5.76614E-05
  0.00000E+00   1.12467E-01  -6.22954E-05
  0.00000E+00   1.16906E-01  -6.60676E-05
  0.00000E+00   1.21485E-01  -6.85815E-05
  0.00000E+00   1.26208E-01  -6.94610E-05
  0.00000E+00   1.31079E-01  -6.83837E-05
  0.00000E+00   1.36100E-01  -6.51105E-05
  0.00000E+00   1.41274E-01  -5.95101E-05
  0.00000E+00   1.46602E-01  -5.15790E-05
  0.00000E+00   1.52084E-01  -4.14599E-05
  0.00000E+00   1.57719E-01  -2.94647E-05
  0.00000E+00   1.63505E-01  -1.61002E-05
  0.00000E+00   1.69437E-01  -2.09006E-06
  0.00000E+00   1.75512E-01   1.16244E-05
  0.00000E+00   1.81723E-01   2.39232E-05
  0.00000E+00   1.88065E-01   3.36006E-05
  0.00000E+00   1.94530E-01   3.95137E-05
  0.00000E+00   2.01111E-01   4.07638E-05
  0.00000E+00   2.07804E-01   3.68691E-05
  0.00000E+00   2.14601E-01   2.78758E-05
  0.00000E+00   2.21499E-01   1.43597E-05
  0.00000E+00   2.28494E-01  -2.70032E-06
  0.00000E+00   2.35584E-01  -2.21295E-05
  0.00000E+00   2.42769E-01  -4.27598E-05
  0.00000E+00   2.50050E-01  -6.35561E-05
  0.00000E+00   2.57427E-01  -8.36499E-05
  0.00000E+00   2.64905E-01  -1.02300E-04
  0.00000E+00   2.72483E-01  -1.18819E-04
  0.00000E+00   2.80165E-01  -1.32505E-04
  0.00000E+00   2.87950E-01  -1.42615E-04
  0.00000E+00   2.95838E-01  -1.48392E-04
  0.00000E+00   3.03827E-01  -1.49124E-04
  0.00000E+00   3.11912E-01  -1.44192E-04
  0.00000E+00   3.20089E-01  -1.33051E-04
  0.00000E+00   3.28353E-01  -1.15202E-04
  0.00000E+00   3.36698E-01  -9.01880E-05
  0.00000E+00   3.45118E-01  -5.76389E-05
  0.00000E+00   3.53610E-01  -1.73328E-05
  0.00000E+00   3.62170E-01   3.07032E-05
  0.00000E+00   3.70794E-01   8.60738E-05
  0.00000E+00   3.79482E-01   1.47939E-04
  0.00000E+00   3.88231E-01   2.15070E-04
  0.00000E+00   3.97044E-01   2.86062E-04
  0.00000E+00   4.05922E-01   3.59629E-04
  0.00000E+00   4.14869E-01   4.34957E-04
  0.00000E+00   4.23888E-01   5.12076E-04
  0.00000E+00   4.32986E-01   5.92117E-04
  0.00000E+00   4.42164E-01   6.77217E-04
  0.00000E+00   4.51425E-01   7.69953E-04
  0.00000E+00   4.60765E-01   8.72517E-04
  0.00000E+00   4.70178E-01   9.86004E-04
  0.00000E+00   4.79656E-01   1.11017E-03
  0.00000E+00   4.89193E-01   1.24368E-03
  0.00000E+00   4.98786E-01   1.38464E-03
  0.00000E+00   5.08441E-01   1.53100E-03
  0.00000E+00   5.18169E-01   1.68071E-03
  0.00000E+00   5.27987E-01   1.83170E-03
  0.00000E+00   5.37905E-01   1.98176E-03
  0.00000E+00   5.47922E-01   2.12823E-03
  0.00000E+00   5.58026E-01   2.26735E-03
  0.00000E+00   5.68186E-01   2.39375E-03
  0.00000E+00   5.78370E-01   2.50021E-03
  0.00000E+00   5.88547E-01   2.57775E-03
  0.00000E+00   5.98704E-01   2.61669E-03
  0.00000E+00   6.08849E-01   2.60842E-03
  0.00000E+00   6.19007E-01   2.54749E-03
  0.00000E+00   6.29214E-01   2.43336E-03
  0.00000E+00   6.39506E-01   2.27038E-03
  0.00000E+00   6.49908E-01   2.06549E-03
  0.00000E+00   6.60423E-01   1.82504E-03
  0.00000E+00   6.71033E-01   1.55347E-03
  0.00000E+00   6.81700E-01   1.25531E-03
  0.00000E+00   6.92377E-01   9.38353E-04
  0.00000E+00   7.03017E-01   6.13935E-04
  0.00000E+00   7.13588E-01   2.94942E-04
  0.00000E+00   7.24082E-01  -5.16214E-06
  0.00000E+00   7.34512E-01  -2.71029E-04
  0.00000E+00   7.44902E-01  -4.83533E-04
  0.00000E+00   7.55282E-01  -6.19420E-04
  0.00000E+00   7.65678E-01  -6.53383E-04
  0.00000E+00   7.76103E-01  -5.62985E-04
  0.00000E+00   7.86557E-01  -3.35883E-04
  0.00000E+00   7.97023E-01   2.42721E-05
  0.00000E+00   8.07473E-01   4.98052E-04
  0.00000E+00   8.17879E-01   1.05526E-03
  0.00000E+00   8.28215E-01   1.65928E-03
  0.00000E+00   8.38467E-01   2.26941E-03
  0.00000E+00   8.48635E-01   2.84298E-03
  0.00000E+00   8.58740E-01   3.33866E-03
  0.00000E+00   8.68816E-01   3.72011E-03
  0.00000E+00   8.78900E-01   3.95868E-03
  0.00000E+00   8.89014E-01   4.03517E-03
  0.00000E+00   8.99156E-01   3.94091E-03
  0.00000E+00   9.09311E-01   3.67886E-03
  0.00000E+00   9.19460E-01   3.26463E-03
  0.00000E+00   9.29596E-01   2.72669E-03
  0.00000E+00   9.39720E-01   2.10496E-03
  0.00000E+00   9.49843E-01   1.44649E-03
  0.00000E+00   9.59970E-01   7.98010E-04
  0.00000E+00   9.70095E-01   1.98822E-04
  0.00000E+00   9.80194E-01  -3.22502E-04
  0.00000E+00   9.90221E-01  -7.46858E-04
  0.00000E+00   1.00011E+00  -1.06210E-03
  0.00000E+00   1.00978E+00  -1.26298E-03
  0.00000E+00   1.01913E+00  -1.35143E-03
  0.00000E+00   1.02808E+00  -1.33436E-03
  0.00000E+00   1.03653E+00  -1.22060E-03
  0.00000E+00   1.04440E+00  -1.01959E-03
  0.00000E+00   1.05163E+00  -7.42347E-04
  0.00000E+00   1.05816E+00  -4.02566E-04
  0.00000E+00   1.06392E+00  -1.61540E-05
  0.00000E+00   1.06887E+00   3.99257E-04
  0.00000E+00   1.07299E+00   8.22960E-04
  0.00000E+00   1.07626E+00   1.22938E-03
  0.00000E+00   1.07869E+00   1.58946E-03
  0.00000E+00   1.08030E+00   1.87585E-03
  0.00000E+00   1.08113E+00   2.06889E-03
  0.00000E+00   1.08121E+00   2.16071E-03
  0.00000E+00   1.08061E+00   2.15581E-03
  0.00000E+00   1.07936E+00   2.06664E-03
  0.00000E+00   1.07750E+00   1.90635E-03
  0.00000E+00   1.07509E+00   1.68320E-03
  0.00000E+00   1.07216E+00   1.39969E-03
  0.00000E+00   1.06876E+00   1.05677E-03
  0.00000E+00   1.06495E+00   6.58510E-04
  0.00000E+00   1.06079E+00   2.12160E-04
  0.00000E+00   1.05634E+00  -2.74409E-04
  0.00000E+00   1.05167E+00  -7.92427E-04
  0.00000E+00   1.04683E+00  -1.32991E-03
  0.00000E+00   1.04187E+00  -1.87176E-03
  0.00000E+00   1.03684E+00  -2.40212E-03
  0.00000E+00   1.03177E+00  -2.90674E-03
  0.00000E+00   1.02670E+00  -3.37529E-03
  0.00000E+00   1.02168E+00  -3.80374E-03
  0.00000E+00   1.01672E+00  -4.19342E-03
  0.00000E+00   1.01185E+00  -4.54495E-03
  0.00000E+00   1.00709E+00  -4.85218E-03
  0.00000E+00   1.00244E+00  -5.10123E-03
  0.00000E+00   9.97921E-01  -5.27416E-03
  0.00000E+00   9.93527E-01  -5.35444E-03
  0.00000E+00   9.89253E-01  -5.33026E-03
  0.00000E+00   9.85088E-01  -5.19397E-03
  0.00000E+00   9.81019E-01  -4.94314E-03
  0.00000E+00   9.77033E-01  -4.58452E-03
  0.00000E+00   9.73111E-01  -4.13509E-03
  0.00000E+00   9.69223E-01  -3.62052E-03
  0.00000E+00   9.65332E-01  -3.07297E-03
  0.00000E+00   9.61397E-01  -2.52817E-03
  0.00000E+00   9.57385E-01  -2.02184E-03
  0.00000E+00   9.53269E-01  -1.58684E-03
  0.00000E+00   9.49036E-01  -1.24979E-03
  0.00000E+00   9.44687E-01  -1.02676E-03
  0.00000E+00   9.40236E-01  -9.18421E-04
  0.00000E+00   9.35706E-01  -9.08568E-04
  0.00000E+00   9.31122E-01  -9.68923E-04
  0.00000E+00   9.26503E-01  -1.06788E-03
  0.00000E+00   9.21858E-01  -1.17739E-03
  0.00000E+00   9.17198E-01  -1.27396E-03
  0.00000E+00   9.12537E-01  -1.33570E-03
  0.00000E+00   9.07898E-01  -1.34035E-03
  0.00000E+00   9.03312E-01  -1.26705E-03
  0.00000E+00   8.98815E-01  -1.09816E-03
  0.00000E+00   8.94439E-01  -8.19903E-04
  0.00000E+00   8.90214E-01  -4.24581E-04
  0.00000E+00   8.86162E-01   8.53726E-05
  0.00000E+00   8.82304E-01   6.95629E-04
  0.00000E+00   8.78650E-01   1.38273E-03
  0.00000E+00   8.75209E-01   2.11920E-03
  0.00000E+00   8.71984E-01   2.87805E-03
  0.00000E+00   8.68974E-01   3.63479E-03
  0.00000E+00   8.66169E-01   4.36724E-03
  0.00000E+00   8.63551E-01   5.05545E-03
  0.00000E+00   8.61095E-01   5.67958E-03
  0.00000E+00   8.58770E-01   6.21706E-03
  0.00000E+00   8.56554E-01   6.64242E-03
  0.00000E+00   8.54440E-01   6.93136E-03
  0.00000E+00   8.52437E-01   7.06712E-03
  0.00000E+00   8.50570E-01   7.04607E-03
  0.00000E+00   8.48873E-01   6.87947E-03
  0.00000E+00   8.47371E-01   6.59128E-03
  0.00000E+00   8.46073E-01   6.21480E-03
  0.00000E+00   8.44962E-01   5.78793E-03
  0.00000E+00   8.43997E-01   5.34478E-03
  0.00000E+00   8.43119E-01   4.90609E-03
  0.00000E+00   8.42254E-01   4.47688E-03
  0.00000E+00   8.41319E-01   4.05319E-03
  0.00000E+00   8.40230E-01   3.63146E-03
  0.00000E+00   8.38920E-01   3.21257E-03
  0.00000E+00   8.37348E-01   2.80033E-03
  0.00000E+00   8.35495E-01   2.40076E-03
  0.00000E+00   8.33364E-01   2.02364E-03
  0.00000E+00   8.30974E-01   1.68231E-03
  0.00000E+00   8.28361E-01   1.39125E-03
  0.00000E+00   8.25578E-01   1.16367E-03
  0.00000E+00   8.22684E-01   1.01150E-03
  0.00000E+00   8.19740E-01   9.48136E-04
  0.00000E+00   8.16795E-01   9.90241E-04
  0.00000E+00   8.13892E-01   1.15539E-03
  0.00000E+00   8.11058E-01   1.45609E-03
  0.00000E+00   8.08308E-01   1.89366E-03
  0.00000E+00   8.05642E-01   2.45636E-03
  0.00000E+00   8.03048E-01   3.12189E-03
  0.00000E+00   8.00508E-01   3.86285E-03
  0.00000E+00   7.98005E-01   4.65148E-03
  0.00000E+00   7.95531E-01   5.46122E-03
  0.00000E+00   7.93088E-01   6.26692E-03
  0.00000E+00   7.90694E-01   7.04564E-03
  0.00000E+00   7.88379E-01   7.77750E-03
  0.00000E+00   7.86192E-01   8.44337E-03
  0.00000E+00   7.84188E-01   9.02110E-03
  0.00000E+00   7.82418E-01   9.48555E-03
  0.00000E+00   7.80924E-01   9.81168E-03
  0.00000E+00   7.79736E-01   9.97871E-03
  0.00000E+00   7.78871E-01   9.97180E-03
  0.00000E+00   7.78345E-01   9.78078E-03
  0.00000E+00   7.78167E-01   9.40089E-03
  0.00000E+00   7.78346E-01   8.83539E-03
  0.00000E+00   7.78887E-01   8.09567E-03
  0.00000E+00   7.79793E-01   7.19996E-03
  0.00000E+00   7.81064E-01   6.17276E-03
  0.00000E+00   7.82688E-01   5.04437E-03
  0.00000E+00   7.84642E-01   3.85077E-03
  0.00000E+00   7.86889E-01   2.63410E-03
  0.00000E+00   7.89383E-01   1.44239E-03
  0.00000E+00   7.92077E-01   3.26374E-04
  0.00000E+00   7.94931E-01  -6.66421E-04
  0.00000E+00   7.97910E-01  -1.49798E-03
  0.00000E+00   8.00986E-01  -2.14357E-03
  0.00000E+00   8.04136E-01  -2.59233E-03
  0.00000E+00   8.07332E-01  -2.84611E-03
  0.00000E+00   8.10548E-01  -2.91638E-03
  0.00000E+00   8.13759E-01  -2.81959E-03
  0.00000E+00   8.16946E-01  -2.57334E-03
  0.00000E+00   8.20097E-01  -2.19519E-03
  0.00000E+00   8.23208E-01  -1.70103E-03
  0.00000E+00   8.26286E-01  -1.10282E-03
  0.00000E+00   8.29352E-01  -4.10104E-04
  0.00000E+00   8.32437E-01   3.67022E-04
  0.00000E+00   8.35579E-01   1.21744E-03
  0.00000E+00   8.38827E-01   2.13035E-03
  0.00000E+00   8.42226E-01   3.09795E-03
  0.00000E+00   8.45822E-01   4.11722E-03
  0.00000E+00   8.49649E-01   5.18835E-03
  0.00000E+00   8.53735E-01   6.31128E-03
  0.00000E+00   8.58092E-01   7.48304E-03
  0.00000E+00   8.62722E-01   8.69557E-03
  0.00000E+00   8.67610E-01   9.93439E-03
  0.00000E+00   8.72725E-01   1.11801E-02
  0.00000E+00   8.78019E-01   1.24138E-02
  0.00000E+00   8.83430E-01   1.36230E-02
  0.00000E+00   8.88885E-01   1.48029E-02
  0.00000E+00   8.94309E-01   1.59535E-02
  0.00000E+00   8.99626E-01   1.70746E-02
  0.00000E+00   9.04765E-01   1.81641E-02
  0.00000E+00   9.09667E-01   1.92185E-02
  0.00000E+00   9.14288E-01   2.02353E-02
  0.00000E+00   9.18599E-01   2.12156E-02
  0.00000E+00   9.22584E-01   2.21659E-02
  0.00000E+00   9.26233E-01   2.30980E-02
  0.00000E+00   9.29539E-01   2.40260E-02
  0.00000E+00   9.32488E-01   2.49601E-02
  0.00000E+00   9.35070E-01   2.59006E-02
  0.00000E+00   9.37279E-01   2.68386E-02
  0.00000E+00   9.39117E-01   2.77598E-02
  0.00000E+00   9.40603E-01   2.86491E-02
  0.00000E+00   9.41764E-01   2.94930E-02
  0.00000E+00   9.42634E-01   3.02815E-02
  0.00000E+00   9.43250E-01   3.10112E-02
  0.00000E+00   9.43646E-01   3.16876E-02
  0.00000E+00   9.43855E-01   3.23265E-02
  0.00000E+00   9.43906E-01   3.29483E-02
  0.00000E+00   9.43832E-01   3.35720E-02
  0.00000E+00   9.43672E-01   3.42099E-02
  0.00000E+00   9.43472E-01   3.48680E-02
  0.00000E+00   9.43284E-01   3.55465E-02
  0.00000E+00   9.43160E-01   3.62427E-02
  0.00000E+00   9.43148E-01   3.69534E-02
  0.00000E+00   9.43285E-01   3.76758E-02
  0.00000E+00   9.43596E-01   3.84071E-02
  0.00000E+00   9.44092E-01   3.91436E-02
  0.00000E+00   9.44769E-01   3.98815E-02
  0.00000E+00   9.45614E-01   4.06177E-02
  0.00000E+00   9.46612E-01   4.13465E-02
  0.00000E+00   9.47747E-01   4.20570E-02
  0.00000E+00   9.49010E-01   4.27327E-02
  0.00000E+00   9.50399E-01   4.33527E-02
  0.00000E+00   9.51919E-01   4.38928E-02
  0.00000E+00   9.53587E-01   4.43282E-02
  0.00000E+00   9.55420E-01   4.46377E-02
  0.00000E+00   9.57437E-01   4.48053E-02
  0.00000E+00   9.59660E-01   4.48212E-02
  0.00000E+00   9.62114E-01   4.46806E-02
  0.00000E+00   9.64824E-01   4.43826E-02
  0.00000E+00   9.67818E-01   4.39346E-02
  0.00000E+00   9.71117E-01   4.33548E-02
  0.00000E+00   9.74741E-01   4.26737E-02
  0.00000E+00   9.78699E-01   4.19328E-02
  0.00000E+00   9.82992E-01   4.11823E-02
  0.00000E+00   9.87610E-01   4.04732E-02
  0.00000E+00   9.92525E-01   3.98487E-02
  0.00000E+00   9.97703E-01   3.93380E-02
  0.00000E+00   1.00311E+00   3.89519E-02
  0.00000E+00   1.00873E+00   3.86858E-02
  0.00000E+00   1.01455E+00   3.85302E-02
  0.00000E+00   1.02059E+00   3.84795E-02
  0.00000E+00   1.02682E+00   3.85341E-02
  0.00000E+00   1.03326E+00   3.86982E-02
  0.00000E+00   1.03987E+00   3.89706E-02
  0.00000E+00   1.04662E+00   3.93362E-02
  0.00000E+00   1.05349E+00   3.97664E-02
  0.00000E+00   1.06042E+00   4.02256E-02
  0.00000E+00   1.06736E+00   4.06741E-02
  0.00000E+00   1.07425E+00   4.10698E-02
  0.00000E+00   1.08104E+00   4.13718E-02
  0.00000E+00   1.08771E+00   4.15488E-02
  0.00000E+00   1.09427E+00   4.15884E-02
  0.00000E+00   1.10076E+00   4.14965E-02
  0.00000E+00   1.10724E+00   4.12887E-02
  0.00000E+00   1.11376E+00   4.09825E-02
  0.00000E+00   1.12036E+00   4.05920E-02
  0.00000E+00   1.12706E+00   4.01269E-02
  0.00000E+00   1.13386E+00   3.95985E-02
  0.00000E+00   1.14080E+00   3.90273E-02
  0.00000E+00   1.14789E+00   3.84428E-02
  0.00000E+00   1.15517E+00   3.78789E-02
  0.00000E+00   1.16268E+00   3.73666E-02
  0.00000E+00   1.17048E+00   3.69262E-02
  0.00000E+00   1.17859E+00   3.65644E-02
  0.00000E+00   1.18703E+00   3.62788E-02
  0.00000E+00   1.19579E+00   3.60678E-02
  0.00000E+00   1.20485E+00   3.59364E-02
  0.00000E+00   1.21418E+00   3.58918E-02
  0.00000E+00   1.22372E+00   3.59404E-02
  0.00000E+00   1.23338E+00   3.60980E-02
  0.00000E+00   1.24308E+00   3.64003E-02
  0.00000E+00   1.25269E+00   3.68950E-02
  0.00000E+00   1.26212E+00   3.76172E-02
  0.00000E+00   1.27125E+00   3.85688E-02
  0.00000E+00   1.27998E+00   3.97144E-02
  0.00000E+00   1.28824E+00   4.09878E-02
  0.00000E+00   1.29595E+00   4.23055E-02
  0.00000E+00   1.30307E+00   4.35928E-02
  0.00000E+00   1.30959E+00   4.48083E-02
  0.00000E+00   1.31550E+00   4.59492E-02
  0.00000E+00   1.32087E+00   4.70350E-02
  0.00000E+00   1.32575E+00   4.80860E-02
  0.00000E+00   1.33022E+00   4.91130E-02
  0.00000E+00   1.33432E+00   5.01153E-02
  0.00000E+00   1.33809E+00   5.10785E-02
  0.00000E+00   1.34148E+00   5.19778E-02
  0.00000E+00   1.34444E+00   5.27934E-02
  0.00000E+00   1.34690E+00   5.35233E-02
  0.00000E+00   1.34874E+00   5.41830E-02
  0.00000E+00   1.34989E+00   5.47941E-02
  0.00000E+00   1.35025E+00   5.53716E-02
  0.00000E+00   1.34982E+00   5.59183E-02
  0.00000E+00   1.34860E+00   5.64205E-02
  0.00000E+00   1.34664E+00   5.68453E-02
  0.00000E+00   1.34404E+00   5.71427E-02
  0.00000E+00   1.34088E+00   5.72428E-02
  0.00000E+00   1.33731E+00   5.70609E-02
  0.00000E+00   1.33348E+00   5.65165E-02
  0.00000E+00   1.32957E+00   5.55537E-02
  0.00000E+00   1.32577E+00   5.41529E-02
  0.00000E+00   1.32221E+00   5.23392E-02
  0.00000E+00   1.31897E+00   5.01896E-02
  0.00000E+00   1.31605E+00   4.78210E-02
  0.00000E+00   1.31337E+00   4.53683E-02
  0.00000E+00   1.31080E+00   4.29634E-02
  0.00000E+00   1.30824E+00   4.07256E-02
  0.00000E+00   1.30560E+00   3.87578E-02
  0.00000E+00   1.30283E+00   3.71400E-02
  0.00000E+00   1.29991E+00   3.59370E-02
  0.00000E+00   1.29682E+00   3.52028E-02
  0.00000E+00   1.29356E+00   3.49650E-02
  0.00000E+00   1.29010E+00   3.52058E-02
  0.00000E+00   1.28646E+00   3.58599E-02
  0.00000E+00   1.28265E+00   3.68277E-02
  0.00000E+00   1.27872E+00   3.79893E-02
  0.00000E+00   1.27474E+00   3.92183E-02
  0.00000E+00   1.27084E+00   4.03994E-02
  0.00000E+00   1.26713E+00   4.14417E-02
  0.00000E+00   1.26368E+00   4.22804E-02
  0.00000E+00   1.26055E+00   4.28738E-02
  0.00000E+00   1.25776E+00   4.32028E-02
  0.00000E+00   1.25533E+00   4.32721E-02
  0.00000E+00   1.25329E+00   4.31072E-02
  0.00000E+00   1.25170E+00   4.27497E-02
  0.00000E+00   1.25062E+00   4.22534E-02
  0.00000E+00   1.25014E+00   4.16780E-02
  0.00000E+00   1.25033E+00   4.10755E-02
  0.00000E+00   1.25129E+00   4.04751E-02
  0.00000E+00   1.25308E+00   3.98807E-02
  0.00000E+00   1.25576E+00   3.92791E-02
  0.00000E+00   1.25936E+00   3.86507E-02
  0.00000E+00   1.26382E+00   3.79896E-02
  0.00000E+00   1.26902E+00   3.73201E-02
  0.00000E+00   1.27479E+00   3.66922E-02
  0.00000E+00   1.28093E+00   3.61532E-02
  0.00000E+00   1.28720E+00   3.57187E-02
  0.00000E+00   1.29337E+00   3.53704E-02
  0.00000E+00   1.29924E+00   3.50705E-02
  0.00000E+00   1.30468E+00   3.47741E-02
  0.00000E+00   1.30967E+00   3.44381E-02
  0.00000E+00   1.31424E+00   3.40305E-02
  0.00000E+00   1.31851E+00   3.35383E-02
  0.00000E+00   1.32256E+00   3.29612E-02
  0.00000E+00   1.32644E+00   3.23015E-02
  0.00000E+00   1.33012E+00   3.15680E-02
  0.00000E+00   1.33355E+00   3.07852E-02
  0.00000E+00   1.33664E+00   2.99936E-02
  0.00000E+00   1.33930E+00   2.92363E-02
  0.00000E+00   1.34143E+00   2.85405E-02
  0.00000E+00   1.34295E+00   2.79025E-02
  0.00000E+00   1.34386E+00   2.72857E-02
  0.00000E+00   1.34422E+00   2.66313E-02
  0.00000E+00   1.34415E+00   2.58821E-02
  0.00000E+00   1.34379E+00   2.50065E-02
  0.00000E+00   1.34325E+00   2.40132E-02
  0.00000E+00   1.34260E+00   2.29489E-02
  0.00000E+00   1.34182E+00   2.18858E-02
  0.00000E+00   1.34083E+00   2.09077E-02
  0.00000E+00   1.33949E+00   2.00890E-02
  0.00000E+00   1.33760E+00   1.94700E-02
  0.00000E+00   1.33500E+00   1.90441E-02
  0.00000E+00   1.33157E+00   1.87701E-02
  0.00000E+00   1.32726E+00   1.85952E-02
  0.00000E+00   1.32211E+00   1.84672E-02
  0.00000E+00   1.31622E+00   1.83350E-02
  0.00000E+00   1.30972E+00   1.81509E-02
  0.00000E+00   1.30275E+00   1.78777E-02
  0.00000E+00   1.29545E+00   1.74818E-02
  0.00000E+00   1.28789E+00   1.69254E-02
  0.00000E+00   1.28015E+00   1.61735E-02
  0.00000E+00   1.27231E+00   1.52093E-02
  0.00000E+00   1.26448E+00   1.40367E-02
  0.00000E+00   1.25676E+00   1.26760E-02
  0.00000E+00   1.24922E+00   1.11631E-02
  0.00000E+00   1.24192E+00   9.54505E-03
  0.00000E+00   1.23490E+00   7.86655E-03
  0.00000E+00   1.22822E+00   6.16181E-03
  0.00000E+00   1.22191E+00   4.45248E-03
  0.00000E+00   1.21597E+00   2.74462E-03
  0.00000E+00   1.21041E+00   1.03015E-03
  0.00000E+00   1.20526E+00  -7.04689E-04
  0.00000E+00   1.20057E+00  -2.46402E-03
  0.00000E+00   1.19640E+00  -4.23190E-03
  0.00000E+00   1.19285E+00  -5.97735E-03
  0.00000E+00   1.18998E+00  -7.67174E-03
  0.00000E+00   1.18783E+00  -9.30449E-03
  0.00000E+00   1.18640E+00  -1.08868E-02
  0.00000E+00   1.18568E+00  -1.24450E-02
  0.00000E+00   1.18561E+00  -1.40092E-02
  0.00000E+00   1.18610E+00  -1.56010E-02
  0.00000E+00   1.18707E+00  -1.72267E-02
  0.00000E+00   1.18846E+00  -1.88779E-02
  0.00000E+00   1.19027E+00  -2.05373E-02
  0.00000E+00   1.19252E+00  -2.21883E-02
  0.00000E+00   1.19526E+00  -2.38232E-02
  0.00000E+00   1.19850E+00  -2.54482E-02
  0.00000E+00   1.20224E+00  -2.70812E-02
  0.00000E+00   1.20643E+00  -2.87456E-02
  0.00000E+00   1.21100E+00  -3.04648E-02
  0.00000E+00   1.21585E+00  -3.22622E-02
  0.00000E+00   1.22088E+00  -3.41624E-02
  0.00000E+00   1.22597E+00  -3.61865E-02
  0.00000E+00   1.23098E+00  -3.83456E-02
  0.00000E+00   1.23576E+00  -4.06360E-02
  0.00000E+00   1.24019E+00  -4.30378E-02
  0.00000E+00   1.24415E+00  -4.55163E-02
  0.00000E+00   1.24761E+00  -4.80251E-02
  0.00000E+00   1.25057E+00  -5.05099E-02
  0.00000E+00   1.25312E+00  -5.29118E-02
  0.00000E+00   1.25537E+00  -5.51721E-02
  0.00000E+00   1.25748E+00  -5.72392E-02
  0.00000E+00   1.25962E+00  -5.90764E-02
  0.00000E+00   1.26198E+00  -6.06711E-02
  0.00000E+00   1.26472E+00  -6.20346E-02
  0.00000E+00   1.26798E+00  -6.31953E-02
  0.00000E+00   1.27185E+00  -6.41900E-02
  0.00000E+00   1.27637E+00  -6.50579E-02
  0.00000E+00   1.28153E+00  -6.58337E-02
  0.00000E+00   1.28730E+00  -6.65416E-02
  0.00000E+00   1.29366E+00  -6.71894E-02
  0.00000E+00   1.30053E+00  -6.77660E-02
  0.00000E+00   1.30785E+00  -6.82456E-02
  0.00000E+00   1.31550E+00  -6.85943E-02
  0.00000E+00   1.32337E+00  -6.87790E-02
  0.00000E+00   1.33134E+00  -6.87775E-02
  0.00000E+00   1.33930E+00  -6.85834E-02
  0.00000E+00   1.34717E+00  -6.82114E-02
  0.00000E+00   1.35491E+00  -6.76954E-02
  0.00000E+00   1.36249E+00  -6.70821E-02
  0.00000E+00   1.36993E+00  -6.64277E-02
  0.00000E+00   1.37727E+00  -6.57986E-02
  0.00000E+00   1.38453E+00  -6.52637E-02
  0.00000E+00   1.39175E+00  -6.48859E-02
  0.00000E+00   1.39895E+00  -6.47215E-02
  0.00000E+00   1.40612E+00  -6.48237E-02
  0.00000E+00   1.41327E+00  -6.52423E-02
  0.00000E+00   1.42036E+00  -6.60180E-02
  0.00000E+00   1.42735E+00  -6.71687E-02
  0.00000E+00   1.43422E+00  -6.86789E-02
  0.00000E+00   1.44094E+00  -7.04989E-02
  0.00000E+00   1.44754E+00  -7.25501E-02
  0.00000E+00   1.45405E+00  -7.47374E-02
  0.00000E+00   1.46049E+00  -7.69702E-02
  0.00000E+00   1.46687E+00  -7.91812E-02
  0.00000E+00   1.47317E+00  -8.13349E-02
  0.00000E+00   1.47934E+00  -8.34248E-02
  0.00000E+00   1.48531E+00  -8.54660E-02
  0.00000E+00   1.49105E+00  -8.74864E-02
  0.00000E+00   1.49651E+00  -8.95200E-02
  0.00000E+00   1.50168E+00  -9.16000E-02
  0.00000E+00   1.50656E+00  -9.37517E-02
  0.00000E+00   1.51112E+00  -9.59875E-02
  0.00000E+00   1.51536E+00  -9.83039E-02
  0.00000E+00   1.51927E+00  -1.00684E-01
  0.00000E+00   1.52287E+00  -1.03102E-01
  0.00000E+00   1.52619E+00  -1.05537E-01
  0.00000E+00   1.52929E+00  -1.07976E-01
  0.00000E+00   1.53221E+00  -1.10417E-01
  0.00000E+00   1.53499E+00  -1.12864E-01
  0.00000E+00   1.53768E+00  -1.15316E-01
  0.00000E+00   1.54031E+00  -1.17764E-01
  0.00000E+00   1.54291E+00  -1.20194E-01
  0.00000E+00   1.54554E+00  -1.22594E-01
  0.00000E+00   1.54828E+00  -1.24955E-01
  0.00000E+00   1.55121E+00  -1.27267E-01
  0.00000E+00   1.55443E+00  -1.29527E-01
  0.00000E+00   1.55800E+00  -1.31729E-01
  0.00000E+00   1.56196E+00  -1.33869E-01
  0.00000E+00   1.56631E+00  -1.35938E-01
  0.00000E+00   1.57104E+00  -1.37935E-01
  0.00000E+00   1.57608E+00  -1.39862E-01
  0.00000E+00   1.58137E+00  -1.41727E-01
  0.00000E+00   1.58686E+00  -1.43535E-01
  0.00000E+00   1.59244E+00  -1.45283E-01
  0.00000E+00   1.59804E+00  -1.46963E-01
  0.00000E+00   1.60355E+00  -1.48556E-01
  0.00000E+00   1.60885E+00  -1.50034E-01
  0.00000E+00   1.61387E+00  -1.51366E-01
  0.00000E+00   1.61851E+00  -1.52523E-01
  0.00000E+00   1.62274E+00  -1.53489E-01
  0.00000E+00   1.62649E+00  -1.54272E-01
  0.00000E+00   1.62973E+00  -1.54905E-01
  0.00000E+00   1.63239E+00  -1.55432E-01
  0.00000E+00   1.63445E+00  -1.55891E-01
  0.00000E+00   1.63590E+00  -1.56304E-01
  0.00000E+00   1.63670E+00  -1.56676E-01
  0.00000E+00   1.63682E+00  -1.56995E-01
  0.00000E+00   1.63622E+00  -1.57243E-01
  0.00000E+00   1.63489E+00  -1.57391E-01
  0.00000E+00   1.63284E+00  -1.57405E-01
  0.00000E+00   1.63012E+00  -1.57253E-01
  0.00000E+00   1.62683E+00  -1.56906E-01
  0.00000E+00   1.62305E+00  -1.56336E-01
  0.00000E+00   1.61887E+00  -1.55516E-01
  0.00000E+00   1.61434E+00  -1.54438E-01
  0.00000E+00   1.60951E+00  -1.53128E-01
  0.00000E+00   1.60437E+00  -1.51651E-01
  0.00000E+00   1.59893E+00  -1.50105E-01
  0.00000E+00   1.59318E+00  -1.48607E-01
  0.00000E+00   1.58719E+00  -1.47265E-01
  0.00000E+00   1.58109E+00  -1.46172E-01
  0.00000E+00   1.57508E+00  -1.45389E-01
  0.00000E+00   1.56938E+00  -1.44937E-01
  0.00000E+00   1.56418E+00  -1.44802E-01
  0.00000E+00   1.55952E+00  -1.44940E-01
  0.00000E+00   1.55536E+00  -1.45273E-01
  0.00000E+00   1.55149E+00  -1.45713E-01
  0.00000E+00   1.54772E+00  -1.46194E-01
  0.00000E+00   1.54380E+00  -1.46668E-01
  0.00000E+00   1.53958E+00  -1.47099E-01
  0.00000E+00   1.53488E+00  -1.47472E-01
  0.00000E+00   1.52958E+00  -1.47806E-01
  0.00000E+00   1.52351E+00  -1.48156E-01
  0.00000E+00   1.51651E+00  -1.48584E-01
  0.00000E+00   1.50846E+00  -1.49129E-01
  0.00000E+00   1.49927E+00  -1.49784E-01
  0.00000E+00   1.48894E+00  -1.50502E-01
  0.00000E+00   1.47755E+00  -1.51214E-01
  0.00000E+00   1.46523E+00  -1.51842E-01
  0.00000E+00   1.45216E+00  -1.52302E-01
  0.00000E+00   1.43856E+00  -1.52510E-01
  0.00000E+00   1.42469E+00  -1.52383E-01
  0.00000E+00   1.41080E+00  -1.51855E-01
  0.00000E+00   1.39714E+00  -1.50889E-01
  0.00000E+00   1.38389E+00  -1.49481E-01
  0.00000E+00   1.37117E+00  -1.47651E-01
  0.00000E+00   1.35897E+00  -1.45435E-01
  0.00000E+00   1.34726E+00  -1.42864E-01
  0.00000E+00   1.33591E+00  -1.39968E-01
  0.00000E+00   1.32480E+00  -1.36777E-01
  0.00000E+00   1.31382E+00  -1.33334E-01
  0.00000E+00   1.30288E+00  -1.29701E-01
  0.00000E+00   1.29195E+00  -1.25939E-01
  0.00000E+00   1.28102E+00  -1.22102E-01
  0.00000E+00   1.27009E+00  -1.18227E-01
  0.00000E+00   1.25921E+00  -1.14342E-01
  0.00000E+00   1.24848E+00  -1.10475E-01
  0.00000E+00   1.23799E+00  -1.06658E-01
  0.00000E+00   1.22781E+00  -1.02918E-01
  0.00000E+00   1.21801E+00  -9.92816E-02
  0.00000E+00   1.20862E+00  -9.57956E-02
  0.00000E+00   1.19967E+00  -9.25281E-02
  0.00000E+00   1.19118E+00  -8.95493E-02
  0.00000E+00   1.18316E+00  -8.69092E-02
  0.00000E+00   1.17561E+00  -8.46264E-02
  0.00000E+00   1.16849E+00  -8.26882E-02
  0.00000E+00   1.16180E+00  -8.10553E-02
  0.00000E+00   1.15548E+00  -7.96794E-02
  0.00000E+00   1.14948E+00  -7.85215E-02
  0.00000E+00   1.14379E+00  -7.75610E-02
  0.00000E+00   1.13842E+00  -7.68026E-02
  0.00000E+00   1.13344E+00  -7.62659E-02
  0.00000E+00   1.12896E+00  -7.59633E-02
  0.00000E+00   1.12499E+00  -7.58918E-02
  0.00000E+00   1.12148E+00  -7.60359E-02
  0.00000E+00   1.11826E+00  -7.63784E-02
  0.00000E+00   1.11517E+00  -7.69067E-02
  0.00000E+00   1.11205E+00  -7.76121E-02
  0.00000E+00   1.10879E+00  -7.84837E-02
  0.00000E+00   1.10536E+00  -7.94960E-02
  0.00000E+00   1.10176E+00  -8.06004E-02
  0.00000E+00   1.09803E+00  -8.17302E-02
  0.00000E+00   1.09421E+00  -8.28134E-02
  0.00000E+00   1.09033E+00  -8.37823E-02
  0.00000E+00   1.08640E+00  -8.45721E-02
  0.00000E+00   1.08241E+00  -8.51214E-02
  0.00000E+00   1.07834E+00  -8.53802E-02
  0.00000E+00   1.07416E+00  -8.53251E-02
  0.00000E+00   1.06987E+00  -8.49729E-02
  0.00000E+00   1.06548E+00  -8.43797E-02
  0.00000E+00   1.06098E+00  -8.36282E-02
  0.00000E+00   1.05637E+00  -8.28085E-02
  0.00000E+00   1.05162E+00  -8.19971E-02
  0.00000E+00   1.04673E+00  -8.12411E-02
  0.00000E+00   1.04172E+00  -8.05538E-02
  0.00000E+00   1.03661E+00  -7.99222E-02
  0.00000E+00   1.03148E+00  -7.93218E-02
  0.00000E+00   1.02638E+00  -7.87270E-02
  0.00000E+00   1.02136E+00  -7.81156E-02
  0.00000E+00   1.01647E+00  -7.74651E-02
  0.00000E+00   1.01174E+00  -7.67477E-02
  0.00000E+00   1.00722E+00  -7.59301E-02
  0.00000E+00   1.00292E+00  -7.49766E-02
  0.00000E+00   9.98836E-01  -7.38528E-02
  0.00000E+00   9.94982E-01  -7.25293E-02
  0.00000E+00   9.91339E-01  -7.09894E-02
  0.00000E+00   9.87872E-01  -6.92325E-02
