  0.00000E+00  -1.03482E-03  -2.95454E-05
  0.00000E+00  -1.24835E-04  -4.27021E-05
  0.00000E+00   1.45743E-03  -6.30788E-05
  0.00000E+00   2.48556E-03  -8.39408E-05
  0.00000E+00   3.22567E-03  -9.96000E-05
  0.00000E+00   3.89070E-03  -1.02876E-04
  0.00000E+00   4.56070E-03  -9.38235E-05
  0.00000E+00   5.29288E-03  -7.52783E-05
  0.00000E+00   6.12534E-03  -5.05923E-05
  0.00000E+00   7.08315E-03  -2.12648E-05
  0.00000E+00   8.18733E-03   1.22211E-05
  0.00000E+00   9.46594E-03   5.05463E-05
  0.00000E+00   1.09458E-02   9.50543E-05
  0.00000E+00   1.26568E-02   1.47313E-04
  0.00000E+00   1.46303E-02   2.08870E-04
  0.00000E+00   1.68999E-02   2.81370E-04
  0.00000E+00   1.95092E-02   3.66123E-04
  0.00000E+00   2.25073E-02   4.64297E-04
  0.00000E+00   2.59443E-02   5.76634E-04
  0.00000E+00   2.98853E-02   7.03646E-04
  0.00000E+00   3.43931E-02   8.45099E-04
  0.00000E+00   3.95441E-02   1.00072E-03
  0.00000E+00   4.54232E-02   1.16989E-03
  0.00000E+00   5.21180E-02   1.35140E-03
  0.00000E+00   5.97333E-02   1.54364E-03
  0.00000E+00   6.83682E-02   1.74478E-03
  0.00000E+00   7.81521E-02   1.95333E-03
  0.00000E+00   8.91868E-02   2.16621E-03
  0.00000E+00   1.01614E-01   2.38068E-03
  0.00000E+00   1.15566E-01   2.59403E-03
  0.00000E+00   1.31157E-01   2.80239E-03
  0.00000E+00   1.48537E-01   3.00183E-03
  0.00000E+00   1.67843E-01   3.18736E-03
  0.00000E+00   1.89195E-01   3.35352E-03
  0.00000E+00   2.12727E-01   3.49372E-03
  0.00000E+00   2.38565E-01   3.60154E-03
  0.00000E+00   2.66836E-01   3.67023E-03
  0.00000E+00   2.97654E-01   3.69274E-03
  0.00000E+00   3.31140E-01   3.66275E-03
  0.00000E+00   3.67423E-01   3.57296E-03
  0.00000E+00   4.06638E-01   3.41751E-03
  0.00000E+00   4.48942E-01   3.18946E-03
  0.00000E+00   4.94507E-01   2.88217E-03
  0.00000E+00   5.43542E-01   2.48948E-03
  0.00000E+00   5.96293E-01   2.00678E-03
  0.00000E+00   6.53055E-01   1.43200E-03
  0.00000E+00   7.14167E-01   7.66886E-04
  0.00000E+00   7.80021E-01   1.79996E-05
  0.00000E+00   8.51060E-01  -8.02713E-04
  0.00000E+00   9.27780E-01  -1.67765E-03
  0.00000E+00   1.01073E+00  -2.58347E-03
  0.00000E+00   1.10049E+00  -3.49139E-03
  0.00000E+00   1.19772E+00  -4.36736E-03
  0.00000E+00   1.30309E+00  -5.17206E-03
  0.00000E+00   1.41732E+00  -5.86123E-03
  0.00000E+00   1.54115E+00  -6.38589E-03
  0.00000E+00   1.67536E+00  -6.69343E-03
  0.00000E+00   1.82076E+00  -6.73031E-03
  0.00000E+00   1.97818E+00  -6.44734E-03
  0.00000E+00   2.14855E+00  -5.81197E-03
  0.00000E+00   2.33294E+00  -4.82876E-03
  0.00000E+00   2.53262E+00  -3.53937E-03
  0.00000E+00   2.74908E+00  -1.96218E-03
  0.00000E+00   2.98395E+00  -7.51931E-06
  0.00000E+00   3.23896E+00   2.41333E-03
  0.00000E+00   3.51603E+00   5.26852E-03
  0.00000E+00   3.81722E+00   8.34083E-03
  0.00000E+00   4.14420E+00   1.09669E-02
  0.00000E+00   4.49773E+00   1.23556E-02
  0.00000E+00   4.87769E+00   1.23392E-02
  0.00000E+00   5.28277E+00   1.13303E-02
  0.00000E+00   5.70983E+00   9.85637E-03
  0.00000E+00   6.15314E+00   9.01214E-03
  0.00000E+00   6.60380E+00   9.43414E-03
  0.00000E+00   7.04976E+00   1.06926E-02
  0.00000E+00   7.47868E+00   1.25772E-02
  0.00000E+00   7.88196E+00   1.52779E-02
  0.00000E+00   8.25424E+00   1.77776E-02
  0.00000E+00   8.59392E+00   1.77060E-02
  0.00000E+00   8.90368E+00   1.33858E-02
  0.00000E+00   9.18835E+00   6.11167E-03
  0.00000E+00   9.45024E+00  -5.09772E-03
  0.00000E+00   9.68388E+00  -1.70005E-02
  0.00000E+00   9.87888E+00  -1.64142E-02
  0.00000E+00   1.00268E+01   3.71635E-03
  0.00000E+00   1.01268E+01   3.96983E-02
  0.00000E+00   1.01823E+01   8.59616E-02
  0.00000E+00   1.02159E+01   1.40171E-01
  0.00000E+00   1.02672E+01   1.86466E-01
  0.00000E+00   1.03943E+01   2.08645E-01
  0.00000E+00   1.06179E+01   2.18235E-01
  0.00000E+00   1.08978E+01   2.18703E-01
  0.00000E+00   1.12179E+01   2.17689E-01
  0.00000E+00   1.15644E+01   2.11629E-01
  0.00000E+00   1.19332E+01   1.96179E-01
  0.00000E+00   1.23239E+01   1.63956E-01
  0.00000E+00   1.27191E+01   1.31988E-01
  0.00000E+00   1.31249E+01   1.00453E-01
  0.00000E+00   1.35555E+01   7.20771E-02
  0.00000E+00   1.40197E+01   4.21437E-02
  0.00000E+00   1.45008E+01   4.96038E-03
  0.00000E+00   1.49363E+01  -4.07158E-02
  0.00000E+00   1.53076E+01  -9.53535E-02
  0.00000E+00   1.56134E+01  -1.48531E-01
  0.00000E+00   1.58302E+01  -1.86969E-01
  0.00000E+00   1.59453E+01  -1.97944E-01
  0.00000E+00   1.59835E+01  -1.98833E-01
  0.00000E+00   1.59920E+01  -2.09959E-01
  0.00000E+00   1.60059E+01  -2.34430E-01
  0.00000E+00   1.60348E+01  -2.78505E-01
  0.00000E+00   1.60878E+01  -3.32957E-01
  0.00000E+00   1.62042E+01  -3.93170E-01
  0.00000E+00   1.64184E+01  -4.40023E-01
  0.00000E+00   1.67483E+01  -4.54632E-01
  0.00000E+00   1.71545E+01  -4.34835E-01
  0.00000E+00   1.75925E+01  -3.90634E-01
  0.00000E+00   1.80471E+01  -3.37243E-01
  0.00000E+00   1.85069E+01  -2.92891E-01
  0.00000E+00   1.89726E+01  -2.59542E-01
  0.00000E+00   1.94599E+01  -2.23751E-01
  0.00000E+00   1.99657E+01  -1.70815E-01
  0.00000E+00   2.04613E+01  -1.02518E-01
  0.00000E+00   2.09152E+01  -3.25675E-02
  0.00000E+00   2.13353E+01   3.01136E-02
  0.00000E+00   2.17513E+01   8.79979E-02
  0.00000E+00   2.21601E+01   1.48904E-01
  0.00000E+00   2.25693E+01   2.09345E-01
  0.00000E+00   2.30300E+01   2.68916E-01
  0.00000E+00   2.35792E+01   3.31365E-01
  0.00000E+00   2.42071E+01   3.86864E-01
  0.00000E+00   2.49120E+01   4.34512E-01
  0.00000E+00   2.56478E+01   4.78128E-01
  0.00000E+00   2.63482E+01   5.08812E-01
  0.00000E+00   2.69520E+01   5.42221E-01
  0.00000E+00   2.74483E+01   5.98090E-01
  0.00000E+00   2.78833E+01   6.83546E-01
  0.00000E+00   2.82984E+01   7.90655E-01
  0.00000E+00   2.87367E+01   8.82983E-01
  0.00000E+00   2.91892E+01   9.33053E-01
  0.00000E+00   2.96330E+01   9.28048E-01
  0.00000E+00   3.00087E+01   8.55820E-01
  0.00000E+00   3.02470E+01   7.19623E-01
  0.00000E+00   3.03369E+01   5.52006E-01
  0.00000E+00   3.03229E+01   3.72963E-01
  0.00000E+00   3.02668E+01   2.01237E-01
  0.00000E+00   3.02120E+01   8.59147E-02
  0.00000E+00   3.02057E+01   2.35501E-02
  0.00000E+00   3.03084E+01   1.15240E-03
  0.00000E+00   3.05498E+01  -1.42290E-03
  0.00000E+00   3.09340E+01   1.49251E-02
  0.00000E+00   3.14264E+01   4.58231E-02
  0.00000E+00   3.20032E+01   6.98993E-02
  0.00000E+00   3.26561E+01   6.73588E-02
  0.00000E+00   3.33353E+01   4.40821E-02
  0.00000E+00   3.39665E+01  -8.49561E-03
  0.00000E+00   3.45074E+01  -6.97873E-02
  0.00000E+00   3.49672E+01  -1.17497E-01
  0.00000E+00   3.53958E+01  -1.29273E-01
  0.00000E+00   3.58522E+01  -1.18401E-01
  0.00000E+00   3.63621E+01  -9.59630E-02
  0.00000E+00   3.68628E+01  -7.19249E-02
  0.00000E+00   3.73695E+01  -6.51159E-02
  0.00000E+00   3.78228E+01  -8.60466E-02
  0.00000E+00   3.82336E+01  -1.55206E-01
  0.00000E+00   3.85515E+01  -2.35001E-01
  0.00000E+00   3.86517E+01  -2.93419E-01
  0.00000E+00   3.83659E+01  -3.45371E-01
  0.00000E+00   3.75835E+01  -4.25273E-01
  0.00000E+00   3.63525E+01  -4.93861E-01
  0.00000E+00   3.48721E+01  -4.87766E-01
  0.00000E+00   3.34091E+01  -4.54070E-01
  0.00000E+00   3.20471E+01  -4.59780E-01
  0.00000E+00   3.08077E+01  -4.65365E-01
  0.00000E+00   2.97798E+01  -4.08592E-01
  0.00000E+00   2.90212E+01  -3.37751E-01
  0.00000E+00   2.85326E+01  -3.20389E-01
  0.00000E+00   2.82277E+01  -3.20416E-01
  0.00000E+00   2.79646E+01  -3.17152E-01
  0.00000E+00   2.77229E+01  -3.16752E-01
  0.00000E+00   2.74629E+01  -2.95393E-01
  0.00000E+00   2.71726E+01  -2.53370E-01
  0.00000E+00   2.68544E+01  -1.98651E-01
  0.00000E+00   2.65697E+01  -1.26332E-01
  0.00000E+00   2.63306E+01  -7.83695E-02
  0.00000E+00   2.61382E+01  -5.05163E-02
  0.00000E+00   2.60443E+01   5.23525E-03
  0.00000E+00   2.60530E+01   9.77102E-02
  0.00000E+00   2.61078E+01   1.99923E-01
  0.00000E+00   2.61401E+01   3.00616E-01
  0.00000E+00   2.61576E+01   3.80009E-01
  0.00000E+00   2.62259E+01   4.44636E-01
  0.00000E+00   2.64059E+01   5.00177E-01
  0.00000E+00   2.67363E+01   5.64805E-01
  0.00000E+00   2.72268E+01   6.28385E-01
  0.00000E+00   2.78337E+01   6.64447E-01
  0.00000E+00   2.84977E+01   6.83826E-01
  0.00000E+00   2.91844E+01   6.74105E-01
  0.00000E+00   2.98911E+01   6.18267E-01
  0.00000E+00   3.06306E+01   5.15103E-01
  0.00000E+00   3.13871E+01   3.88854E-01
  0.00000E+00   3.21531E+01   2.62594E-01
  0.00000E+00   3.29026E+01   1.31158E-01
  0.00000E+00   3.36256E+01   4.62575E-03
  0.00000E+00   3.43363E+01  -1.13444E-01
  0.00000E+00   3.50378E+01  -2.16306E-01
  0.00000E+00   3.57249E+01  -2.94088E-01
  0.00000E+00   3.64294E+01  -3.41295E-01
  0.00000E+00   3.72294E+01  -3.77249E-01
  0.00000E+00   3.81377E+01  -3.79378E-01
  0.00000E+00   3.90844E+01  -3.48486E-01
  0.00000E+00   3.99553E+01  -3.05108E-01
  0.00000E+00   4.06364E+01  -2.53773E-01
  0.00000E+00   4.10666E+01  -1.80063E-01
  0.00000E+00   4.12622E+01  -8.22686E-02
  0.00000E+00   4.12627E+01  -6.88602E-04
  0.00000E+00   4.11181E+01   5.86012E-02
  0.00000E+00   4.09135E+01   8.93830E-02
  0.00000E+00   4.08117E+01   7.61466E-02
  0.00000E+00   4.08737E+01   2.78417E-02
  0.00000E+00   4.10043E+01  -5.73215E-02
  0.00000E+00   4.10359E+01  -1.34717E-01
  0.00000E+00   4.09158E+01  -1.79619E-01
  0.00000E+00   4.06998E+01  -2.11067E-01
  0.00000E+00   4.04067E+01  -2.27088E-01
  0.00000E+00   4.00071E+01  -1.90480E-01
  0.00000E+00   3.94916E+01  -9.28949E-02
  0.00000E+00   3.89490E+01   3.94755E-02
  0.00000E+00   3.85480E+01   1.57499E-01
  0.00000E+00   3.84733E+01   2.19390E-01
  0.00000E+00   3.87960E+01   2.01496E-01
  0.00000E+00   3.94458E+01   1.33685E-01
  0.00000E+00   4.02923E+01   4.27981E-02
  0.00000E+00   4.11934E+01  -3.06107E-03
  0.00000E+00   4.20654E+01  -1.71178E-02
  0.00000E+00   4.28127E+01  -2.31664E-02
  0.00000E+00   4.35139E+01  -1.38139E-02
  0.00000E+00   4.43786E+01   3.95063E-02
  0.00000E+00   4.54641E+01   1.27622E-01
  0.00000E+00   4.65574E+01   2.57875E-01
  0.00000E+00   4.73368E+01   4.42226E-01
  0.00000E+00   4.75714E+01   6.11739E-01
  0.00000E+00   4.71316E+01   7.46926E-01
  0.00000E+00   4.61548E+01   8.46581E-01
  0.00000E+00   4.48840E+01   8.96645E-01
  0.00000E+00   4.35575E+01   9.12790E-01
  0.00000E+00   4.24149E+01   8.76926E-01
  0.00000E+00   4.16454E+01   7.52741E-01
  0.00000E+00   4.12206E+01   5.91800E-01
  0.00000E+00   4.09649E+01   4.23314E-01
  0.00000E+00   4.07673E+01   2.66612E-01
  0.00000E+00   4.05380E+01   1.32664E-01
  0.00000E+00   4.02966E+01   3.20605E-02
  0.00000E+00   4.01046E+01  -8.47457E-02
  0.00000E+00   4.00251E+01  -2.12138E-01
  0.00000E+00   4.00866E+01  -3.30622E-01
  0.00000E+00   4.02410E+01  -4.40510E-01
  0.00000E+00   4.03490E+01  -5.53092E-01
  0.00000E+00   4.02878E+01  -6.81827E-01
  0.00000E+00   3.99912E+01  -8.31851E-01
  0.00000E+00   3.95344E+01  -1.02982E+00
  0.00000E+00   3.90954E+01  -1.24303E+00
  0.00000E+00   3.88182E+01  -1.41783E+00
  0.00000E+00   3.86685E+01  -1.54597E+00
  0.00000E+00   3.83503E+01  -1.63094E+00
  0.00000E+00   3.77303E+01  -1.65571E+00
  0.00000E+00   3.69412E+01  -1.64988E+00
  0.00000E+00   3.61269E+01  -1.60112E+00
  0.00000E+00   3.54329E+01  -1.52497E+00
  0.00000E+00   3.48828E+01  -1.45616E+00
  0.00000E+00   3.44222E+01  -1.38586E+00
  0.00000E+00   3.39869E+01  -1.29458E+00
  0.00000E+00   3.36220E+01  -1.21226E+00
  0.00000E+00   3.33230E+01  -1.12510E+00
  0.00000E+00   3.31743E+01  -1.02646E+00
  0.00000E+00   3.32514E+01  -9.23458E-01
  0.00000E+00   3.35201E+01  -8.09390E-01
  0.00000E+00   3.38090E+01  -6.77405E-01
  0.00000E+00   3.39762E+01  -5.25462E-01
  0.00000E+00   3.39339E+01  -3.50202E-01
  0.00000E+00   3.37271E+01  -1.61985E-01
  0.00000E+00   3.33752E+01   2.86205E-02
  0.00000E+00   3.27290E+01   2.00400E-01
  0.00000E+00   3.18185E+01   2.85035E-01
  0.00000E+00   3.09574E+01   2.71507E-01
  0.00000E+00   3.02929E+01   2.36197E-01
  0.00000E+00   2.98953E+01   2.47011E-01
  0.00000E+00   2.97472E+01   2.82763E-01
  0.00000E+00   2.97634E+01   3.09045E-01
  0.00000E+00   2.99492E+01   3.00143E-01
  0.00000E+00   3.02791E+01   2.87122E-01
  0.00000E+00   3.07215E+01   2.57337E-01
  0.00000E+00   3.12235E+01   2.01935E-01
  0.00000E+00   3.17074E+01   1.42286E-01
  0.00000E+00   3.21483E+01   1.00953E-01
  0.00000E+00   3.25954E+01   5.89688E-02
  0.00000E+00   3.31214E+01   3.23729E-02
  0.00000E+00   3.37256E+01   4.31198E-02
  0.00000E+00   3.42812E+01   7.49193E-02
  0.00000E+00   3.46275E+01   1.47602E-01
  0.00000E+00   3.46514E+01   2.26828E-01
  0.00000E+00   3.43847E+01   2.59812E-01
  0.00000E+00   3.39915E+01   2.23511E-01
  0.00000E+00   3.36125E+01   1.97387E-01
  0.00000E+00   3.33157E+01   2.04263E-01
  0.00000E+00   3.31413E+01   1.77645E-01
  0.00000E+00   3.30630E+01   6.83971E-02
  0.00000E+00   3.30547E+01  -9.49079E-02
  0.00000E+00   3.31071E+01  -2.80568E-01
  0.00000E+00   3.32412E+01  -4.51505E-01
  0.00000E+00   3.34921E+01  -6.03818E-01
  0.00000E+00   3.38728E+01  -6.95581E-01
  0.00000E+00   3.43851E+01  -7.21058E-01
  0.00000E+00   3.49881E+01  -7.25051E-01
  0.00000E+00   3.55407E+01  -7.35306E-01
  0.00000E+00   3.59890E+01  -7.25922E-01
  0.00000E+00   3.62589E+01  -6.93838E-01
  0.00000E+00   3.62375E+01  -6.76177E-01
  0.00000E+00   3.59744E+01  -6.71425E-01
  0.00000E+00   3.56883E+01  -6.65473E-01
  0.00000E+00   3.55856E+01  -6.41530E-01
  0.00000E+00   3.56813E+01  -5.77307E-01
  0.00000E+00   3.58667E+01  -4.99370E-01
  0.00000E+00   3.60360E+01  -3.97801E-01
  0.00000E+00   3.61692E+01  -2.36605E-01
  0.00000E+00   3.62617E+01  -2.59321E-02
  0.00000E+00   3.63177E+01   1.84733E-01
  0.00000E+00   3.63549E+01   3.92921E-01
  0.00000E+00   3.64308E+01   5.84723E-01
  0.00000E+00   3.65442E+01   7.41492E-01
  0.00000E+00   3.66233E+01   8.86851E-01
  0.00000E+00   3.66473E+01   1.03645E+00
  0.00000E+00   3.66111E+01   1.18568E+00
  0.00000E+00   3.65691E+01   1.33262E+00
  0.00000E+00   3.66187E+01   1.47396E+00
  0.00000E+00   3.68355E+01   1.62744E+00
  0.00000E+00   3.71536E+01   1.75881E+00
  0.00000E+00   3.74634E+01   1.85623E+00
  0.00000E+00   3.77087E+01   1.90873E+00
  0.00000E+00   3.79387E+01   1.95386E+00
  0.00000E+00   3.82396E+01   2.01175E+00
  0.00000E+00   3.86623E+01   2.08560E+00
  0.00000E+00   3.92065E+01   2.14590E+00
  0.00000E+00   3.98723E+01   2.17022E+00
  0.00000E+00   4.06242E+01   2.16390E+00
  0.00000E+00   4.14148E+01   2.14527E+00
  0.00000E+00   4.22076E+01   2.16397E+00
  0.00000E+00   4.30044E+01   2.21451E+00
  0.00000E+00   4.37924E+01   2.26062E+00
  0.00000E+00   4.44989E+01   2.28807E+00
  0.00000E+00   4.50877E+01   2.28005E+00
  0.00000E+00   4.55138E+01   2.21789E+00
  0.00000E+00   4.57268E+01   2.05864E+00
  0.00000E+00   4.57684E+01   1.82689E+00
  0.00000E+00   4.56896E+01   1.55671E+00
  0.00000E+00   4.54398E+01   1.30062E+00
  0.00000E+00   4.49419E+01   1.07183E+00
  0.00000E+00   4.42021E+01   8.44910E-01
  0.00000E+00   4.31931E+01   5.95763E-01
  0.00000E+00   4.20381E+01   3.76942E-01
  0.00000E+00   4.08655E+01   2.16288E-01
  0.00000E+00   3.98377E+01   1.05412E-01
  0.00000E+00   3.89845E+01   4.00843E-02
  0.00000E+00   3.83571E+01  -1.59318E-02
  0.00000E+00   3.80631E+01  -7.00862E-02
  0.00000E+00   3.79868E+01  -1.12997E-01
  0.00000E+00   3.80912E+01  -1.53431E-01
  0.00000E+00   3.83487E+01  -1.83192E-01
  0.00000E+00   3.86917E+01  -1.97103E-01
  0.00000E+00   3.89584E+01  -2.03058E-01
  0.00000E+00   3.91234E+01  -1.82025E-01
  0.00000E+00   3.92363E+01  -1.70289E-01
  0.00000E+00   3.93298E+01  -1.73979E-01
  0.00000E+00   3.94551E+01  -1.95906E-01
  0.00000E+00   3.95112E+01  -3.02366E-01
  0.00000E+00   3.92910E+01  -4.55228E-01
  0.00000E+00   3.87546E+01  -5.81269E-01
  0.00000E+00   3.79687E+01  -7.06581E-01
  0.00000E+00   3.70087E+01  -8.13770E-01
  0.00000E+00   3.59440E+01  -8.63097E-01
  0.00000E+00   3.49914E+01  -8.62160E-01
  0.00000E+00   3.43821E+01  -8.10967E-01
  0.00000E+00   3.41274E+01  -7.83386E-01
  0.00000E+00   3.41169E+01  -7.77882E-01
  0.00000E+00   3.42921E+01  -7.37940E-01
  0.00000E+00   3.45754E+01  -6.74006E-01
  0.00000E+00   3.48530E+01  -5.64289E-01
  0.00000E+00   3.50857E+01  -4.55936E-01
  0.00000E+00   3.54004E+01  -3.52803E-01
  0.00000E+00   3.58911E+01  -2.58173E-01
  0.00000E+00   3.65568E+01  -1.59492E-01
  0.00000E+00   3.72785E+01  -6.17244E-02
  0.00000E+00   3.79465E+01   5.53274E-02
  0.00000E+00   3.84567E+01   1.73844E-01
  0.00000E+00   3.87814E+01   3.08367E-01
  0.00000E+00   3.89472E+01   4.70285E-01
  0.00000E+00   3.89059E+01   6.69603E-01
  0.00000E+00   3.86763E+01   8.48841E-01
  0.00000E+00   3.83457E+01   9.88174E-01
  0.00000E+00   3.79337E+01   1.11244E+00
  0.00000E+00   3.74941E+01   1.17008E+00
  0.00000E+00   3.70527E+01   1.16462E+00
  0.00000E+00   3.65555E+01   1.15831E+00
  0.00000E+00   3.59127E+01   1.19024E+00
  0.00000E+00   3.52666E+01   1.23312E+00
  0.00000E+00   3.47263E+01   1.24092E+00
  0.00000E+00   3.42346E+01   1.21390E+00
  0.00000E+00   3.37730E+01   1.17282E+00
  0.00000E+00   3.33996E+01   1.13708E+00
  0.00000E+00   3.31623E+01   1.09843E+00
  0.00000E+00   3.29767E+01   1.08386E+00
  0.00000E+00   3.27683E+01   1.08538E+00
  0.00000E+00   3.25452E+01   1.02675E+00
  0.00000E+00   3.23602E+01   8.95490E-01
  0.00000E+00   3.22683E+01   7.03867E-01
  0.00000E+00   3.22742E+01   4.72870E-01
  0.00000E+00   3.23194E+01   2.59569E-01
  0.00000E+00   3.22836E+01   5.64873E-02
  0.00000E+00   3.20682E+01  -1.49341E-01
  0.00000E+00   3.17524E+01  -3.62576E-01
  0.00000E+00   3.14397E+01  -5.65821E-01
  0.00000E+00   3.11696E+01  -7.27187E-01
  0.00000E+00   3.09687E+01  -8.09373E-01
  0.00000E+00   3.08419E+01  -8.08831E-01
  0.00000E+00   3.06904E+01  -7.55654E-01
  0.00000E+00   3.04722E+01  -6.75969E-01
  0.00000E+00   3.02467E+01  -5.42222E-01
  0.00000E+00   3.00252E+01  -3.63152E-01
  0.00000E+00   2.98878E+01  -1.77985E-01
  0.00000E+00   2.99021E+01  -1.28315E-02
  0.00000E+00   3.00297E+01   8.15737E-02
  0.00000E+00   3.02372E+01   1.06219E-01
  0.00000E+00   3.05212E+01   1.30613E-01
  0.00000E+00   3.08143E+01   1.96478E-01
  0.00000E+00   3.11105E+01   2.95931E-01
  0.00000E+00   3.14145E+01   3.91361E-01
  0.00000E+00   3.17412E+01   4.34511E-01
  0.00000E+00   3.21326E+01   4.26027E-01
  0.00000E+00   3.26373E+01   3.83032E-01
  0.00000E+00   3.32385E+01   3.44320E-01
  0.00000E+00   3.38472E+01   3.13897E-01
  0.00000E+00   3.43857E+01   3.02573E-01
  0.00000E+00   3.48479E+01   3.43365E-01
  0.00000E+00   3.53057E+01   4.34369E-01
  0.00000E+00   3.58233E+01   5.54645E-01
  0.00000E+00   3.63932E+01   6.93432E-01
  0.00000E+00   3.69803E+01   8.05221E-01
  0.00000E+00   3.75550E+01   8.70397E-01
  0.00000E+00   3.81486E+01   8.56644E-01
  0.00000E+00   3.87960E+01   7.63884E-01
  0.00000E+00   3.95240E+01   6.20192E-01
  0.00000E+00   4.02539E+01   4.84831E-01
  0.00000E+00   4.08485E+01   4.13701E-01
  0.00000E+00   4.11650E+01   4.13117E-01
  0.00000E+00   4.11865E+01   4.10690E-01
  0.00000E+00   4.09997E+01   3.91956E-01
  0.00000E+00   4.06498E+01   3.28211E-01
  0.00000E+00   4.02158E+01   1.97706E-01
  0.00000E+00   3.98021E+01   4.64712E-02
  0.00000E+00   3.94368E+01  -8.95961E-02
  0.00000E+00   3.91624E+01  -2.33175E-01
  0.00000E+00   3.89686E+01  -3.30742E-01
  0.00000E+00   3.88455E+01  -3.71179E-01
  0.00000E+00   3.86515E+01  -3.67762E-01
  0.00000E+00   3.83495E+01  -2.93646E-01
  0.00000E+00   3.81086E+01  -1.61822E-01
  0.00000E+00   3.80889E+01   2.12490E-02
  0.00000E+00   3.82238E+01   1.94148E-01
  0.00000E+00   3.85007E+01   3.26915E-01
  0.00000E+00   3.88418E+01   3.82523E-01
  0.00000E+00   3.91474E+01   3.89879E-01
  0.00000E+00   3.93835E+01   3.95476E-01
  0.00000E+00   3.95999E+01   3.92271E-01
  0.00000E+00   3.98395E+01   3.84424E-01
  0.00000E+00   4.00644E+01   3.77785E-01
  0.00000E+00   4.02633E+01   3.64598E-01
  0.00000E+00   4.05170E+01   3.39122E-01
  0.00000E+00   4.08567E+01   3.06697E-01
  0.00000E+00   4.12885E+01   2.93758E-01
  0.00000E+00   4.16667E+01   2.76687E-01
  0.00000E+00   4.18619E+01   2.31461E-01
  0.00000E+00   4.18227E+01   1.85404E-01
  0.00000E+00   4.16053E+01   1.79527E-01
  0.00000E+00   4.13811E+01   1.81542E-01
  0.00000E+00   4.12506E+01   1.71948E-01
  0.00000E+00   4.12005E+01   1.45560E-01
  0.00000E+00   4.12618E+01   1.05652E-01
  0.00000E+00   4.14769E+01   7.93834E-02
  0.00000E+00   4.18245E+01   7.96954E-02
  0.00000E+00   4.22690E+01   1.31104E-01
  0.00000E+00   4.27452E+01   1.86470E-01
  0.00000E+00   4.31694E+01   2.28959E-01
  0.00000E+00   4.35004E+01   2.58127E-01
  0.00000E+00   4.38320E+01   2.45688E-01
  0.00000E+00   4.41668E+01   1.88207E-01
  0.00000E+00   4.44123E+01   8.57418E-02
  0.00000E+00   4.46814E+01  -3.89886E-02
  0.00000E+00   4.49591E+01  -1.34669E-01
  0.00000E+00   4.53161E+01  -2.30652E-01
  0.00000E+00   4.56733E+01  -3.11378E-01
  0.00000E+00   4.58291E+01  -3.65553E-01
  0.00000E+00   4.57009E+01  -3.66551E-01
  0.00000E+00   4.53091E+01  -3.26328E-01
  0.00000E+00   4.48017E+01  -2.69709E-01
  0.00000E+00   4.43887E+01  -1.87501E-01
  0.00000E+00   4.41566E+01  -9.98544E-02
  0.00000E+00   4.41358E+01  -5.14552E-02
  0.00000E+00   4.42198E+01  -4.00996E-02
  0.00000E+00   4.44064E+01  -8.65168E-02
  0.00000E+00   4.46039E+01  -1.07533E-01
  0.00000E+00   4.48086E+01  -9.90257E-02
  0.00000E+00   4.50048E+01  -1.01188E-01
  0.00000E+00   4.50525E+01  -1.44641E-01
  0.00000E+00   4.47700E+01  -2.27736E-01
  0.00000E+00   4.41213E+01  -3.53739E-01
  0.00000E+00   4.31383E+01  -5.04798E-01
  0.00000E+00   4.20186E+01  -6.30263E-01
  0.00000E+00   4.09789E+01  -7.43849E-01
  0.00000E+00   4.00378E+01  -8.44351E-01
  0.00000E+00   3.91216E+01  -9.16637E-01
  0.00000E+00   3.82196E+01  -9.40808E-01
  0.00000E+00   3.73620E+01  -8.48890E-01
  0.00000E+00   3.66142E+01  -6.76655E-01
  0.00000E+00   3.58780E+01  -4.93375E-01
  0.00000E+00   3.51071E+01  -3.24082E-01
  0.00000E+00   3.44151E+01  -1.61587E-01
  0.00000E+00   3.39034E+01  -2.60071E-02
  0.00000E+00   3.35653E+01   8.85079E-02
  0.00000E+00   3.33315E+01   1.87056E-01
  0.00000E+00   3.31048E+01   3.05169E-01
  0.00000E+00   3.28472E+01   4.27219E-01
  0.00000E+00   3.25619E+01   5.04847E-01
  0.00000E+00   3.22992E+01   5.15850E-01
  0.00000E+00   3.21230E+01   5.21689E-01
  0.00000E+00   3.20268E+01   5.18757E-01
  0.00000E+00   3.20290E+01   4.92685E-01
  0.00000E+00   3.22252E+01   4.72600E-01
  0.00000E+00   3.25918E+01   4.77089E-01
  0.00000E+00   3.30446E+01   5.03264E-01
  0.00000E+00   3.34469E+01   5.23569E-01
  0.00000E+00   3.37383E+01   5.10989E-01
  0.00000E+00   3.39102E+01   4.47892E-01
  0.00000E+00   3.40909E+01   3.70315E-01
  0.00000E+00   3.44075E+01   2.77532E-01
  0.00000E+00   3.47991E+01   1.56757E-01
  0.00000E+00   3.51752E+01   1.98121E-02
  0.00000E+00   3.55299E+01  -1.18494E-01
  0.00000E+00   3.58104E+01  -2.37464E-01
  0.00000E+00   3.60095E+01  -3.29760E-01
  0.00000E+00   3.61488E+01  -4.36965E-01
  0.00000E+00   3.63042E+01  -5.38507E-01
  0.00000E+00   3.65525E+01  -5.94026E-01
  0.00000E+00   3.69180E+01  -6.70366E-01
  0.00000E+00   3.73264E+01  -7.99913E-01
  0.00000E+00   3.76780E+01  -9.32285E-01
  0.00000E+00   3.79325E+01  -1.05289E+00
  0.00000E+00   3.81208E+01  -1.14489E+00
  0.00000E+00   3.82532E+01  -1.19158E+00
  0.00000E+00   3.84291E+01  -1.18207E+00
  0.00000E+00   3.86934E+01  -1.15989E+00
  0.00000E+00   3.90509E+01  -1.15914E+00
  0.00000E+00   3.94386E+01  -1.16736E+00
  0.00000E+00   3.97710E+01  -1.20006E+00
  0.00000E+00   4.00299E+01  -1.25380E+00
  0.00000E+00   4.02963E+01  -1.35561E+00
  0.00000E+00   4.07068E+01  -1.51199E+00
  0.00000E+00   4.12563E+01  -1.67183E+00
  0.00000E+00   4.18678E+01  -1.80700E+00
  0.00000E+00   4.25213E+01  -1.92925E+00
  0.00000E+00   4.31838E+01  -2.04351E+00
  0.00000E+00   4.37668E+01  -2.15770E+00
  0.00000E+00   4.42168E+01  -2.27796E+00
  0.00000E+00   4.45433E+01  -2.39402E+00
  0.00000E+00   4.48090E+01  -2.53245E+00
  0.00000E+00   4.51154E+01  -2.69771E+00
  0.00000E+00   4.55176E+01  -2.87631E+00
  0.00000E+00   4.60038E+01  -3.06391E+00
  0.00000E+00   4.65397E+01  -3.27437E+00
  0.00000E+00   4.70306E+01  -3.48197E+00
  0.00000E+00   4.73717E+01  -3.68140E+00
  0.00000E+00   4.74685E+01  -3.84491E+00
  0.00000E+00   4.73283E+01  -3.96871E+00
  0.00000E+00   4.70891E+01  -4.07861E+00
  0.00000E+00   4.69527E+01  -4.14315E+00
  0.00000E+00   4.70128E+01  -4.19497E+00
  0.00000E+00   4.72368E+01  -4.26174E+00
  0.00000E+00   4.75952E+01  -4.29833E+00
  0.00000E+00   4.80452E+01  -4.31742E+00
  0.00000E+00   4.84552E+01  -4.34980E+00
  0.00000E+00   4.87161E+01  -4.36154E+00
  0.00000E+00   4.88037E+01  -4.31869E+00
  0.00000E+00   4.88121E+01  -4.19298E+00
  0.00000E+00   4.88227E+01  -3.98078E+00
  0.00000E+00   4.88200E+01  -3.74367E+00
  0.00000E+00   4.87662E+01  -3.49123E+00
  0.00000E+00   4.85660E+01  -3.20045E+00
  0.00000E+00   4.82188E+01  -2.92207E+00
  0.00000E+00   4.78386E+01  -2.69194E+00
  0.00000E+00   4.74697E+01  -2.49611E+00
  0.00000E+00   4.70618E+01  -2.27660E+00
  0.00000E+00   4.66798E+01  -2.01898E+00
  0.00000E+00   4.63452E+01  -1.75142E+00
  0.00000E+00   4.59659E+01  -1.56269E+00
  0.00000E+00   4.55647E+01  -1.49398E+00
  0.00000E+00   4.52089E+01  -1.48371E+00
  0.00000E+00   4.49256E+01  -1.44394E+00
  0.00000E+00   4.47801E+01  -1.38410E+00
  0.00000E+00   4.47957E+01  -1.35168E+00
  0.00000E+00   4.48794E+01  -1.35055E+00
  0.00000E+00   4.49744E+01  -1.29785E+00
  0.00000E+00   4.50622E+01  -1.15004E+00
  0.00000E+00   4.49968E+01  -9.54045E-01
  0.00000E+00   4.46862E+01  -7.79457E-01
  0.00000E+00   4.42133E+01  -6.51818E-01
  0.00000E+00   4.36939E+01  -5.57195E-01
  0.00000E+00   4.33643E+01  -5.14329E-01
  0.00000E+00   4.33215E+01  -4.98211E-01
  0.00000E+00   4.34186E+01  -4.73819E-01
  0.00000E+00   4.34934E+01  -3.61545E-01
  0.00000E+00   4.34403E+01  -2.17446E-01
  0.00000E+00   4.32879E+01  -9.31404E-02
  0.00000E+00   4.30542E+01   4.88867E-02
  0.00000E+00   4.27742E+01   2.29469E-01
  0.00000E+00   4.24341E+01   3.93642E-01
  0.00000E+00   4.20184E+01   5.51937E-01
  0.00000E+00   4.14698E+01   6.94165E-01
  0.00000E+00   4.08355E+01   8.35513E-01
  0.00000E+00   4.01970E+01   9.28840E-01
  0.00000E+00   3.95915E+01   9.33154E-01
  0.00000E+00   3.89746E+01   8.32611E-01
  0.00000E+00   3.83058E+01   6.71445E-01
  0.00000E+00   3.76818E+01   4.79469E-01
  0.00000E+00   3.71860E+01   2.77993E-01
  0.00000E+00   3.67731E+01   9.12920E-02
  0.00000E+00   3.64512E+01  -5.14396E-02
  0.00000E+00   3.62372E+01  -1.69894E-01
  0.00000E+00   3.62126E+01  -2.45061E-01
  0.00000E+00   3.64384E+01  -2.35423E-01
  0.00000E+00   3.68791E+01  -1.95128E-01
  0.00000E+00   3.73028E+01  -1.47144E-01
  0.00000E+00   3.75008E+01  -9.05899E-02
  0.00000E+00   3.74415E+01  -2.40546E-02
  0.00000E+00   3.73168E+01   3.73978E-02
  0.00000E+00   3.71716E+01   5.75519E-02
  0.00000E+00   3.69179E+01   1.95913E-02
  0.00000E+00   3.64862E+01  -3.35337E-02
  0.00000E+00   3.59202E+01  -1.07054E-01
  0.00000E+00   3.53135E+01  -1.39028E-01
  0.00000E+00   3.46920E+01  -1.22216E-01
  0.00000E+00   3.41723E+01  -9.96723E-02
  0.00000E+00   3.38654E+01  -9.11203E-02
  0.00000E+00   3.38191E+01  -8.28603E-02
  0.00000E+00   3.39338E+01  -7.46170E-02
  0.00000E+00   3.40785E+01  -8.08662E-02
  0.00000E+00   3.41545E+01  -1.11138E-01
  0.00000E+00   3.41173E+01  -1.58192E-01
  0.00000E+00   3.39519E+01  -2.38250E-01
  0.00000E+00   3.37388E+01  -3.36873E-01
  0.00000E+00   3.35326E+01  -4.59424E-01
  0.00000E+00   3.33758E+01  -5.98253E-01
  0.00000E+00   3.33265E+01  -7.34840E-01
  0.00000E+00   3.33637E+01  -8.46834E-01
  0.00000E+00   3.34854E+01  -9.44122E-01
  0.00000E+00   3.36397E+01  -1.06193E+00
  0.00000E+00   3.37133E+01  -1.20050E+00
  0.00000E+00   3.36091E+01  -1.31629E+00
  0.00000E+00   3.33359E+01  -1.36960E+00
  0.00000E+00   3.30188E+01  -1.40962E+00
  0.00000E+00   3.27257E+01  -1.46956E+00
  0.00000E+00   3.24503E+01  -1.53991E+00
  0.00000E+00   3.22079E+01  -1.59621E+00
  0.00000E+00   3.20430E+01  -1.66986E+00
  0.00000E+00   3.19963E+01  -1.75574E+00
  0.00000E+00   3.20194E+01  -1.82326E+00
  0.00000E+00   3.20675E+01  -1.85899E+00
  0.00000E+00   3.21676E+01  -1.85083E+00
  0.00000E+00   3.24063E+01  -1.80973E+00
  0.00000E+00   3.27724E+01  -1.74406E+00
  0.00000E+00   3.31913E+01  -1.63711E+00
  0.00000E+00   3.36740E+01  -1.50807E+00
  0.00000E+00   3.42188E+01  -1.36451E+00
  0.00000E+00   3.47003E+01  -1.23888E+00
  0.00000E+00   3.50405E+01  -1.12754E+00
  0.00000E+00   3.53118E+01  -1.01522E+00
  0.00000E+00   3.56845E+01  -8.97622E-01
  0.00000E+00   3.61501E+01  -7.87509E-01
  0.00000E+00   3.66775E+01  -7.13899E-01
  0.00000E+00   3.71479E+01  -6.60315E-01
  0.00000E+00   3.74107E+01  -5.93429E-01
  0.00000E+00   3.74842E+01  -5.12281E-01
  0.00000E+00   3.74353E+01  -4.19808E-01
  0.00000E+00   3.72769E+01  -3.16159E-01
  0.00000E+00   3.70222E+01  -1.99211E-01
  0.00000E+00   3.67979E+01  -8.41957E-02
  0.00000E+00   3.67484E+01   2.06713E-02
  0.00000E+00   3.68833E+01   1.16092E-01
  0.00000E+00   3.71272E+01   1.82393E-01
  0.00000E+00   3.74616E+01   2.22145E-01
  0.00000E+00   3.78457E+01   2.54883E-01
  0.00000E+00   3.81585E+01   2.67293E-01
  0.00000E+00   3.83094E+01   2.66948E-01
  0.00000E+00   3.82043E+01   2.42520E-01
  0.00000E+00   3.78182E+01   2.04061E-01
  0.00000E+00   3.72630E+01   1.56403E-01
  0.00000E+00   3.67235E+01   1.18566E-01
  0.00000E+00   3.63699E+01   8.37854E-02
  0.00000E+00   3.62499E+01   3.96107E-02
  0.00000E+00   3.63271E+01  -3.33550E-02
  0.00000E+00   3.65277E+01  -8.38800E-02
  0.00000E+00   3.66972E+01  -9.93007E-02
  0.00000E+00   3.67349E+01  -9.44701E-02
  0.00000E+00   3.66492E+01  -7.36460E-02
  0.00000E+00   3.65474E+01  -3.25421E-02
  0.00000E+00   3.65135E+01  -1.06187E-02
  0.00000E+00   3.65240E+01  -1.43581E-02
  0.00000E+00   3.65515E+01  -3.00491E-02
  0.00000E+00   3.66991E+01  -6.95651E-02
  0.00000E+00   3.69741E+01  -1.14228E-01
  0.00000E+00   3.72601E+01  -1.41112E-01
  0.00000E+00   3.74307E+01  -1.39294E-01
  0.00000E+00   3.75219E+01  -1.39126E-01
  0.00000E+00   3.76680E+01  -1.35029E-01
  0.00000E+00   3.79267E+01  -1.08102E-01
  0.00000E+00   3.83388E+01  -6.17196E-02
  0.00000E+00   3.89863E+01  -1.18780E-02
  0.00000E+00   3.98159E+01   7.72191E-03
  0.00000E+00   4.07410E+01  -2.26343E-02
  0.00000E+00   4.16764E+01  -1.09135E-01
  0.00000E+00   4.25306E+01  -2.28623E-01
  0.00000E+00   4.32132E+01  -3.18542E-01
  0.00000E+00   4.37158E+01  -3.50611E-01
  0.00000E+00   4.40147E+01  -3.58201E-01
  0.00000E+00   4.41655E+01  -4.12921E-01
  0.00000E+00   4.41409E+01  -5.35175E-01
  0.00000E+00   4.39263E+01  -6.20614E-01
  0.00000E+00   4.36499E+01  -7.22173E-01
  0.00000E+00   4.35147E+01  -8.81560E-01
  0.00000E+00   4.35300E+01  -1.02267E+00
  0.00000E+00   4.36773E+01  -1.10160E+00
  0.00000E+00   4.38474E+01  -1.14556E+00
  0.00000E+00   4.38815E+01  -1.13239E+00
  0.00000E+00   4.37346E+01  -1.03868E+00
  0.00000E+00   4.35060E+01  -8.80689E-01
  0.00000E+00   4.32655E+01  -7.14084E-01
  0.00000E+00   4.29372E+01  -5.65534E-01
  0.00000E+00   4.23883E+01  -4.60134E-01
  0.00000E+00   4.16595E+01  -3.80983E-01
  0.00000E+00   4.09535E+01  -3.38717E-01
  0.00000E+00   4.04270E+01  -3.47440E-01
  0.00000E+00   4.01525E+01  -3.57427E-01
  0.00000E+00   4.00111E+01  -2.99882E-01
  0.00000E+00   3.98307E+01  -2.23299E-01
  0.00000E+00   3.95004E+01  -1.56131E-01
  0.00000E+00   3.90279E+01  -8.73178E-02
  0.00000E+00   3.84275E+01  -5.33780E-02
  0.00000E+00   3.78978E+01  -3.41292E-02
  0.00000E+00   3.76121E+01  -3.71034E-02
  0.00000E+00   3.75558E+01  -9.47698E-03
  0.00000E+00   3.76736E+01   7.46512E-02
  0.00000E+00   3.79009E+01   2.30515E-01
  0.00000E+00   3.82386E+01   4.14098E-01
  0.00000E+00   3.87647E+01   5.26908E-01
  0.00000E+00   3.94451E+01   5.72696E-01
  0.00000E+00   4.01562E+01   5.41739E-01
  0.00000E+00   4.08207E+01   4.72081E-01
  0.00000E+00   4.13388E+01   4.11369E-01
  0.00000E+00   4.16852E+01   3.90651E-01
  0.00000E+00   4.19357E+01   3.99998E-01
  0.00000E+00   4.22402E+01   4.18488E-01
  0.00000E+00   4.26742E+01   4.40185E-01
  0.00000E+00   4.32032E+01   4.09910E-01
  0.00000E+00   4.36097E+01   3.27039E-01
  0.00000E+00   4.36512E+01   2.39950E-01
  0.00000E+00   4.33975E+01   1.71250E-01
  0.00000E+00   4.30836E+01   1.07108E-01
  0.00000E+00   4.29149E+01   2.39479E-03
  0.00000E+00   4.29950E+01  -1.14131E-01
  0.00000E+00   4.32058E+01  -2.17396E-01
  0.00000E+00   4.33748E+01  -2.70367E-01
  0.00000E+00   4.35528E+01  -2.72810E-01
  0.00000E+00   4.38535E+01  -2.20841E-01
  0.00000E+00   4.42666E+01  -1.60049E-01
  0.00000E+00   4.47197E+01  -1.33262E-01
  0.00000E+00   4.51236E+01  -1.38975E-01
  0.00000E+00   4.54211E+01  -1.74943E-01
  0.00000E+00   4.55578E+01  -2.34364E-01
  0.00000E+00   4.54530E+01  -2.68391E-01
  0.00000E+00   4.52059E+01  -2.54063E-01
  0.00000E+00   4.48682E+01  -1.35638E-01
  0.00000E+00   4.43385E+01   4.21251E-02
  0.00000E+00   4.37360E+01   2.18543E-01
  0.00000E+00   4.32379E+01   3.61842E-01
  0.00000E+00   4.29524E+01   4.45683E-01
  0.00000E+00   4.28340E+01   4.22313E-01
  0.00000E+00   4.27198E+01   3.43412E-01
  0.00000E+00   4.24975E+01   1.89419E-01
  0.00000E+00   4.21759E+01  -5.25452E-03
  0.00000E+00   4.17341E+01  -1.61020E-01
  0.00000E+00   4.11006E+01  -2.81906E-01
  0.00000E+00   4.04297E+01  -4.03102E-01
  0.00000E+00   3.99867E+01  -5.24637E-01
