  0.00000E+00   4.66569E-03   6.67557E-05
  0.00000E+00   4.00876E-03   5.02379E-05
  0.00000E+00   3.29409E-03  -6.31322E-05
  0.00000E+00   2.76387E-03  -6.53505E-05
  0.00000E+00   2.59451E-03  -2.78400E-05
  0.00000E+00   2.77788E-03  -1.87291E-06
  0.00000E+00   3.00979E-03  -2.07227E-05
  0.00000E+00   3.40213E-03   3.38654E-05
  0.00000E+00   3.66637E-03  -6.18109E-05
  0.00000E+00   3.97030E-03  -5.72049E-05
  0.00000E+00   4.63566E-03  -5.86429E-05
  0.00000E+00   5.62322E-03  -7.94878E-05
  0.00000E+00   6.42762E-03  -8.59650E-05
  0.00000E+00   7.44754E-03  -9.75951E-05
  0.00000E+00   9.14109E-03  -1.20062E-04
  0.00000E+00   1.12270E-02  -1.70693E-04
  0.00000E+00   1.38255E-02  -2.25549E-04
  0.00000E+00   1.70771E-02  -2.96586E-04
  0.00000E+00   2.12848E-02  -3.51755E-04
  0.00000E+00   2.66005E-02  -4.05878E-04
  0.00000E+00   3.32786E-02  -4.92740E-04
  0.00000E+00   4.17522E-02  -6.18769E-04
  0.00000E+00   5.26007E-02  -7.98745E-04
  0.00000E+00   6.64374E-02  -1.01969E-03
  0.00000E+00   8.40746E-02  -1.28415E-03
  0.00000E+00   1.06622E-01  -1.60924E-03
  0.00000E+00   1.35568E-01  -2.01902E-03
  0.00000E+00   1.72721E-01  -2.53349E-03
  0.00000E+00   2.20375E-01  -3.18511E-03
  0.00000E+00   2.81621E-01  -4.00886E-03
  0.00000E+00   3.60285E-01  -5.05381E-03
  0.00000E+00   4.61315E-01  -6.38947E-03
  0.00000E+00   5.91018E-01  -8.08490E-03
  0.00000E+00   7.57590E-01  -1.02493E-02
  0.00000E+00   9.71397E-01  -1.30250E-02
  0.00000E+00   1.24552E+00  -1.65619E-02
  0.00000E+00   1.59652E+00  -2.10728E-02
  0.00000E+00   2.04518E+00  -2.68164E-02
  0.00000E+00   2.61742E+00  -3.41125E-02
  0.00000E+00   3.34515E+00  -4.33782E-02
  0.00000E+00   4.26745E+00  -5.51673E-02
  0.00000E+00   5.43142E+00  -7.01780E-02
  0.00000E+00   6.89289E+00  -8.92536E-02
  0.00000E+00   8.71680E+00  -1.13291E-01
  0.00000E+00   1.09766E+01  -1.43060E-01
  0.00000E+00   1.37519E+01  -1.78951E-01
  0.00000E+00   1.71235E+01  -2.20616E-01
  0.00000E+00   2.11651E+01  -2.66459E-01
  0.00000E+00   2.59304E+01  -3.13107E-01
  0.00000E+00   3.14330E+01  -3.55035E-01
  0.00000E+00   3.76113E+01  -3.84354E-01
  0.00000E+00   4.42656E+01  -3.91104E-01
  0.00000E+00   5.09423E+01  -3.69645E-01
  0.00000E+00   5.67644E+01  -3.34863E-01
  0.00000E+00   6.03505E+01  -3.28794E-01
  0.00000E+00   6.02236E+01  -4.05566E-01
  0.00000E+00   5.57273E+01  -5.53152E-01
  0.00000E+00   4.78308E+01  -6.81011E-01
  0.00000E+00   3.84613E+01  -6.37508E-01
  0.00000E+00   3.03635E+01  -4.18670E-01
  0.00000E+00   2.56878E+01  -2.93251E-01
  0.00000E+00   2.28049E+01  -2.27699E-01
  0.00000E+00   2.07922E+01  -1.26503E-01
  0.00000E+00   1.96749E+01  -7.66533E-02
  0.00000E+00   1.93543E+01  -1.47273E-01
  0.00000E+00   1.93301E+01  -1.64993E-01
  0.00000E+00   1.95559E+01  -1.78695E-01
  0.00000E+00   1.97427E+01  -1.65191E-01
  0.00000E+00   1.97667E+01  -1.63512E-01
  0.00000E+00   1.98274E+01  -1.39773E-01
  0.00000E+00   2.01466E+01  -1.21759E-01
  0.00000E+00   2.06584E+01  -1.13886E-01
  0.00000E+00   2.12586E+01  -1.13225E-01
  0.00000E+00   2.18846E+01  -1.19263E-01
  0.00000E+00   2.24970E+01  -9.33107E-02
  0.00000E+00   2.31236E+01  -4.69701E-02
  0.00000E+00   2.37217E+01  -3.77219E-04
  0.00000E+00   2.42314E+01   5.76612E-02
  0.00000E+00   2.46331E+01   9.19594E-02
  0.00000E+00   2.49353E+01   1.01258E-01
  0.00000E+00   2.52012E+01   7.31184E-02
  0.00000E+00   2.54891E+01   2.81205E-02
  0.00000E+00   2.58182E+01   2.91635E-03
  0.00000E+00   2.61830E+01  -5.34434E-03
  0.00000E+00   2.65989E+01   1.22780E-02
  0.00000E+00   2.71202E+01   6.40885E-02
  0.00000E+00   2.78042E+01   1.07404E-01
  0.00000E+00   2.86171E+01   1.41160E-01
  0.00000E+00   2.94511E+01   1.35472E-01
  0.00000E+00   3.03128E+01   9.52919E-02
  0.00000E+00   3.12836E+01   2.20639E-02
  0.00000E+00   3.24131E+01  -6.94999E-02
  0.00000E+00   3.36626E+01  -1.42286E-01
  0.00000E+00   3.50453E+01  -1.82376E-01
  0.00000E+00   3.61513E+01  -2.11102E-01
  0.00000E+00   3.65716E+01  -2.39141E-01
  0.00000E+00   3.64317E+01  -2.31243E-01
  0.00000E+00   3.60357E+01  -1.66072E-01
  0.00000E+00   3.57932E+01  -1.33981E-01
  0.00000E+00   3.59798E+01  -1.49196E-01
  0.00000E+00   3.64884E+01  -9.20718E-02
  0.00000E+00   3.71530E+01   2.12063E-02
  0.00000E+00   3.77957E+01   1.13956E-01
  0.00000E+00   3.81805E+01   1.41765E-01
  0.00000E+00   3.83868E+01   1.36178E-01
  0.00000E+00   3.83416E+01   1.10453E-01
  0.00000E+00   3.81339E+01   1.13003E-01
  0.00000E+00   3.80392E+01   7.46710E-02
  0.00000E+00   3.82463E+01  -4.89792E-02
  0.00000E+00   3.85507E+01  -1.73952E-01
  0.00000E+00   3.87861E+01  -2.28402E-01
  0.00000E+00   3.89648E+01  -1.80535E-01
  0.00000E+00   3.93625E+01  -1.02517E-01
  0.00000E+00   4.01545E+01  -2.04539E-02
  0.00000E+00   4.14367E+01   7.85127E-02
  0.00000E+00   4.29192E+01   1.46716E-01
  0.00000E+00   4.43594E+01   1.66296E-01
  0.00000E+00   4.54343E+01   1.10663E-01
  0.00000E+00   4.62898E+01   3.72193E-02
  0.00000E+00   4.68789E+01  -3.83268E-02
  0.00000E+00   4.66963E+01  -1.22343E-01
  0.00000E+00   4.57969E+01  -2.40692E-01
  0.00000E+00   4.49513E+01  -4.02723E-01
  0.00000E+00   4.46237E+01  -5.42698E-01
  0.00000E+00   4.48604E+01  -5.69643E-01
  0.00000E+00   4.55360E+01  -5.24199E-01
  0.00000E+00   4.63097E+01  -4.54676E-01
  0.00000E+00   4.65800E+01  -3.63788E-01
  0.00000E+00   4.61526E+01  -3.51358E-01
  0.00000E+00   4.55869E+01  -3.58754E-01
  0.00000E+00   4.53375E+01  -2.63620E-01
  0.00000E+00   4.56466E+01  -1.72887E-01
  0.00000E+00   4.65792E+01  -1.21945E-01
  0.00000E+00   4.76682E+01  -1.09528E-01
  0.00000E+00   4.85113E+01  -7.71619E-02
  0.00000E+00   4.87549E+01  -4.14367E-02
  0.00000E+00   4.86209E+01   2.86932E-03
  0.00000E+00   4.84780E+01   1.52764E-01
  0.00000E+00   4.84600E+01   2.69422E-01
  0.00000E+00   4.88187E+01   3.30616E-01
  0.00000E+00   4.94175E+01   4.40751E-01
  0.00000E+00   4.97205E+01   5.46355E-01
  0.00000E+00   4.96262E+01   6.36256E-01
  0.00000E+00   4.95172E+01   6.94073E-01
  0.00000E+00   4.98060E+01   6.99131E-01
  0.00000E+00   5.06558E+01   6.55394E-01
  0.00000E+00   5.13844E+01   6.29932E-01
  0.00000E+00   5.13944E+01   6.42181E-01
  0.00000E+00   5.09494E+01   7.06869E-01
  0.00000E+00   5.02169E+01   6.78090E-01
  0.00000E+00   4.93353E+01   5.67454E-01
  0.00000E+00   4.90071E+01   3.77653E-01
  0.00000E+00   4.92405E+01   1.59526E-01
  0.00000E+00   4.98137E+01   7.29578E-03
  0.00000E+00   5.03918E+01  -3.69984E-02
  0.00000E+00   5.06428E+01  -4.30066E-03
  0.00000E+00   5.03282E+01  -1.50902E-02
  0.00000E+00   4.97329E+01  -2.99680E-02
  0.00000E+00   4.93686E+01  -4.91472E-02
  0.00000E+00   4.93971E+01  -3.29586E-02
  0.00000E+00   4.94876E+01  -1.98446E-02
  0.00000E+00   4.92494E+01  -2.87934E-02
  0.00000E+00   4.83423E+01  -9.52942E-02
  0.00000E+00   4.70086E+01  -2.07274E-01
  0.00000E+00   4.57128E+01  -3.26547E-01
  0.00000E+00   4.47409E+01  -4.20913E-01
  0.00000E+00   4.43222E+01  -4.83565E-01
  0.00000E+00   4.43761E+01  -4.30303E-01
  0.00000E+00   4.48263E+01  -3.25580E-01
  0.00000E+00   4.52089E+01  -1.70999E-01
  0.00000E+00   4.53457E+01  -5.53980E-02
  0.00000E+00   4.52694E+01  -1.16440E-01
  0.00000E+00   4.50486E+01  -2.26566E-01
  0.00000E+00   4.47398E+01  -3.91482E-01
  0.00000E+00   4.46191E+01  -5.37635E-01
  0.00000E+00   4.48610E+01  -6.69744E-01
  0.00000E+00   4.54254E+01  -7.72747E-01
  0.00000E+00   4.61960E+01  -8.67534E-01
  0.00000E+00   4.67634E+01  -9.02104E-01
  0.00000E+00   4.70070E+01  -8.90202E-01
  0.00000E+00   4.70284E+01  -8.87213E-01
  0.00000E+00   4.70911E+01  -8.63444E-01
  0.00000E+00   4.74634E+01  -8.52060E-01
  0.00000E+00   4.81252E+01  -7.73909E-01
  0.00000E+00   4.90063E+01  -6.53003E-01
  0.00000E+00   4.97937E+01  -5.75126E-01
  0.00000E+00   5.02404E+01  -4.92234E-01
  0.00000E+00   5.03704E+01  -4.30904E-01
  0.00000E+00   5.02672E+01  -4.16418E-01
  0.00000E+00   5.00056E+01  -3.72645E-01
  0.00000E+00   4.94865E+01  -2.82236E-01
  0.00000E+00   4.86287E+01  -1.69523E-01
  0.00000E+00   4.75884E+01  -5.95642E-02
  0.00000E+00   4.63694E+01   8.56497E-02
  0.00000E+00   4.52758E+01   2.20359E-01
  0.00000E+00   4.45043E+01   2.41456E-01
  0.00000E+00   4.42566E+01   2.94739E-01
  0.00000E+00   4.44986E+01   3.49753E-01
  0.00000E+00   4.50346E+01   3.71462E-01
  0.00000E+00   4.54471E+01   3.61087E-01
  0.00000E+00   4.55576E+01   3.32720E-01
  0.00000E+00   4.54225E+01   2.76933E-01
  0.00000E+00   4.53823E+01   2.74804E-01
  0.00000E+00   4.56619E+01   2.78036E-01
  0.00000E+00   4.61673E+01   2.21061E-01
  0.00000E+00   4.68757E+01   1.41133E-01
  0.00000E+00   4.74941E+01   8.39283E-02
  0.00000E+00   4.77137E+01   6.05037E-02
  0.00000E+00   4.77321E+01   1.93737E-02
  0.00000E+00   4.77607E+01  -9.07750E-03
  0.00000E+00   4.76377E+01  -8.16990E-02
  0.00000E+00   4.72656E+01  -1.79184E-01
  0.00000E+00   4.67409E+01  -2.88003E-01
  0.00000E+00   4.64085E+01  -4.31062E-01
  0.00000E+00   4.65005E+01  -4.86800E-01
  0.00000E+00   4.70281E+01  -5.58132E-01
  0.00000E+00   4.74316E+01  -6.89526E-01
  0.00000E+00   4.73860E+01  -7.16455E-01
  0.00000E+00   4.68304E+01  -6.22679E-01
  0.00000E+00   4.61978E+01  -4.85638E-01
  0.00000E+00   4.58358E+01  -4.39488E-01
  0.00000E+00   4.59466E+01  -4.33771E-01
  0.00000E+00   4.62559E+01  -4.22085E-01
  0.00000E+00   4.66538E+01  -3.81136E-01
  0.00000E+00   4.74304E+01  -3.43329E-01
  0.00000E+00   4.86938E+01  -4.20344E-01
  0.00000E+00   5.00620E+01  -5.47030E-01
  0.00000E+00   5.14271E+01  -6.89081E-01
  0.00000E+00   5.28642E+01  -8.41410E-01
  0.00000E+00   5.43653E+01  -9.98921E-01
  0.00000E+00   5.57171E+01  -1.15172E+00
  0.00000E+00   5.66767E+01  -1.27525E+00
  0.00000E+00   5.71817E+01  -1.32065E+00
  0.00000E+00   5.73181E+01  -1.24762E+00
  0.00000E+00   5.72702E+01  -1.17001E+00
  0.00000E+00   5.73233E+01  -1.16547E+00
  0.00000E+00   5.76525E+01  -1.28662E+00
  0.00000E+00   5.81106E+01  -1.46460E+00
  0.00000E+00   5.86675E+01  -1.66011E+00
  0.00000E+00   5.97076E+01  -1.85580E+00
  0.00000E+00   6.13867E+01  -2.03380E+00
  0.00000E+00   6.34637E+01  -2.16684E+00
  0.00000E+00   6.57964E+01  -2.21339E+00
  0.00000E+00   6.78686E+01  -2.22999E+00
  0.00000E+00   6.95905E+01  -2.22427E+00
  0.00000E+00   7.07942E+01  -2.12412E+00
  0.00000E+00   7.09978E+01  -2.02180E+00
  0.00000E+00   7.06197E+01  -1.93391E+00
  0.00000E+00   7.06300E+01  -1.82328E+00
  0.00000E+00   7.14589E+01  -1.74211E+00
  0.00000E+00   7.24226E+01  -1.61420E+00
  0.00000E+00   7.26917E+01  -1.42776E+00
  0.00000E+00   7.19640E+01  -1.27106E+00
  0.00000E+00   7.03456E+01  -1.06529E+00
  0.00000E+00   6.83780E+01  -8.73045E-01
  0.00000E+00   6.72266E+01  -7.30999E-01
  0.00000E+00   6.74193E+01  -6.67780E-01
  0.00000E+00   6.89831E+01  -5.17768E-01
  0.00000E+00   7.11530E+01  -2.94391E-01
  0.00000E+00   7.36409E+01  -1.28022E-01
  0.00000E+00   7.57663E+01   3.41031E-02
  0.00000E+00   7.67699E+01   1.46016E-01
  0.00000E+00   7.57244E+01   1.08943E-01
  0.00000E+00   7.40386E+01  -4.90878E-02
  0.00000E+00   7.27841E+01  -2.63867E-01
  0.00000E+00   7.27189E+01  -3.92579E-01
  0.00000E+00   7.37895E+01  -4.67565E-01
  0.00000E+00   7.50883E+01  -5.04812E-01
  0.00000E+00   7.63959E+01  -4.96070E-01
  0.00000E+00   7.77126E+01  -5.17832E-01
  0.00000E+00   7.85209E+01  -6.78296E-01
  0.00000E+00   7.86598E+01  -9.28114E-01
  0.00000E+00   7.86484E+01  -1.19206E+00
  0.00000E+00   7.88445E+01  -1.33276E+00
  0.00000E+00   7.92702E+01  -1.38288E+00
  0.00000E+00   7.93761E+01  -1.32570E+00
  0.00000E+00   7.90997E+01  -1.26567E+00
  0.00000E+00   7.81805E+01  -1.14333E+00
  0.00000E+00   7.61873E+01  -9.27298E-01
  0.00000E+00   7.35668E+01  -8.38110E-01
  0.00000E+00   7.12789E+01  -7.68549E-01
  0.00000E+00   7.03141E+01  -8.48786E-01
  0.00000E+00   7.03769E+01  -8.96651E-01
  0.00000E+00   7.05609E+01  -7.05731E-01
  0.00000E+00   6.97533E+01  -4.93948E-01
  0.00000E+00   6.80985E+01  -2.47341E-01
  0.00000E+00   6.67283E+01  -1.46536E-01
  0.00000E+00   6.63271E+01  -6.60003E-02
  0.00000E+00   6.71007E+01  -6.97976E-02
  0.00000E+00   6.82782E+01  -1.49057E-01
  0.00000E+00   6.92496E+01  -1.37697E-01
  0.00000E+00   6.96260E+01  -6.97615E-02
  0.00000E+00   7.00140E+01   6.96328E-02
  0.00000E+00   7.04579E+01   2.15431E-01
  0.00000E+00   7.14240E+01   2.38431E-01
  0.00000E+00   7.20018E+01   3.73415E-01
  0.00000E+00   7.23500E+01   4.58910E-01
  0.00000E+00   7.23088E+01   5.24671E-01
  0.00000E+00   7.19674E+01   5.22272E-01
  0.00000E+00   7.19866E+01   5.14227E-01
  0.00000E+00   7.21712E+01   5.72897E-01
  0.00000E+00   7.28803E+01   5.59108E-01
  0.00000E+00   7.41420E+01   5.70419E-01
  0.00000E+00   7.54568E+01   4.85387E-01
  0.00000E+00   7.63198E+01   4.03777E-01
  0.00000E+00   7.61255E+01   4.29144E-01
  0.00000E+00   7.56598E+01   4.87425E-01
  0.00000E+00   7.56155E+01   7.22226E-01
  0.00000E+00   7.61445E+01   8.81830E-01
  0.00000E+00   7.73264E+01   1.02301E+00
  0.00000E+00   7.86783E+01   1.16142E+00
  0.00000E+00   7.99533E+01   1.17173E+00
  0.00000E+00   8.06344E+01   1.22693E+00
  0.00000E+00   8.03474E+01   1.19319E+00
  0.00000E+00   7.95798E+01   1.05520E+00
  0.00000E+00   7.87314E+01   9.67602E-01
  0.00000E+00   7.83910E+01   9.13484E-01
  0.00000E+00   7.90706E+01   9.19457E-01
  0.00000E+00   8.03978E+01   8.72101E-01
  0.00000E+00   8.15150E+01   7.49214E-01
  0.00000E+00   8.26165E+01   6.78558E-01
  0.00000E+00   8.32949E+01   7.21019E-01
  0.00000E+00   8.32003E+01   8.40349E-01
  0.00000E+00   8.23666E+01   8.89359E-01
  0.00000E+00   8.13486E+01   9.74423E-01
  0.00000E+00   8.11159E+01   1.09258E+00
  0.00000E+00   8.18075E+01   1.19633E+00
  0.00000E+00   8.27495E+01   1.30526E+00
  0.00000E+00   8.30990E+01   1.44727E+00
  0.00000E+00   8.20272E+01   1.72483E+00
  0.00000E+00   7.99674E+01   1.85677E+00
  0.00000E+00   7.82292E+01   1.96388E+00
  0.00000E+00   7.75253E+01   2.09661E+00
  0.00000E+00   7.73220E+01   2.19001E+00
  0.00000E+00   7.75261E+01   2.40641E+00
  0.00000E+00   7.82897E+01   2.51932E+00
  0.00000E+00   7.91270E+01   2.69294E+00
  0.00000E+00   7.93561E+01   2.91396E+00
  0.00000E+00   7.87654E+01   2.94824E+00
  0.00000E+00   7.74690E+01   3.01809E+00
  0.00000E+00   7.62417E+01   3.01558E+00
  0.00000E+00   7.51351E+01   2.92225E+00
  0.00000E+00   7.45296E+01   2.94250E+00
  0.00000E+00   7.46796E+01   3.07448E+00
  0.00000E+00   7.50585E+01   3.17293E+00
  0.00000E+00   7.50013E+01   3.09100E+00
  0.00000E+00   7.41040E+01   2.91713E+00
  0.00000E+00   7.26206E+01   2.72969E+00
  0.00000E+00   7.09701E+01   2.61749E+00
  0.00000E+00   6.96599E+01   2.49129E+00
  0.00000E+00   6.90452E+01   2.43077E+00
  0.00000E+00   6.86484E+01   2.34504E+00
  0.00000E+00   6.86543E+01   2.27305E+00
  0.00000E+00   6.91349E+01   2.31844E+00
  0.00000E+00   6.98554E+01   2.39706E+00
  0.00000E+00   7.01948E+01   2.41797E+00
  0.00000E+00   7.03139E+01   2.36843E+00
  0.00000E+00   6.98487E+01   2.31060E+00
  0.00000E+00   6.84729E+01   2.29348E+00
  0.00000E+00   6.65946E+01   2.39314E+00
  0.00000E+00   6.53534E+01   2.52502E+00
  0.00000E+00   6.50329E+01   2.61723E+00
  0.00000E+00   6.50215E+01   2.67817E+00
  0.00000E+00   6.46772E+01   2.65286E+00
  0.00000E+00   6.44001E+01   2.65699E+00
  0.00000E+00   6.44113E+01   2.73691E+00
  0.00000E+00   6.42647E+01   2.78526E+00
  0.00000E+00   6.39202E+01   2.72464E+00
  0.00000E+00   6.34966E+01   2.65177E+00
  0.00000E+00   6.33271E+01   2.62604E+00
  0.00000E+00   6.32782E+01   2.57866E+00
  0.00000E+00   6.35425E+01   2.47563E+00
  0.00000E+00   6.43102E+01   2.38355E+00
  0.00000E+00   6.50902E+01   2.30467E+00
  0.00000E+00   6.57837E+01   2.27098E+00
  0.00000E+00   6.64357E+01   2.24133E+00
  0.00000E+00   6.72567E+01   2.14562E+00
  0.00000E+00   6.86870E+01   2.17210E+00
  0.00000E+00   7.07642E+01   2.27789E+00
  0.00000E+00   7.31397E+01   2.37012E+00
  0.00000E+00   7.54373E+01   2.39657E+00
  0.00000E+00   7.73334E+01   2.34543E+00
  0.00000E+00   7.88421E+01   2.26156E+00
  0.00000E+00   8.00612E+01   2.17231E+00
  0.00000E+00   8.10976E+01   2.13763E+00
  0.00000E+00   8.19592E+01   2.16859E+00
  0.00000E+00   8.25284E+01   2.12162E+00
  0.00000E+00   8.31709E+01   1.98668E+00
  0.00000E+00   8.43253E+01   1.85165E+00
  0.00000E+00   8.60031E+01   1.74706E+00
  0.00000E+00   8.82091E+01   1.61323E+00
  0.00000E+00   9.01843E+01   1.30128E+00
  0.00000E+00   9.14954E+01   1.06561E+00
  0.00000E+00   9.15372E+01   9.52536E-01
  0.00000E+00   9.04786E+01   1.00184E+00
  0.00000E+00   8.96718E+01   1.06375E+00
  0.00000E+00   8.99336E+01   1.13427E+00
  0.00000E+00   9.17115E+01   1.31771E+00
  0.00000E+00   9.38374E+01   1.47912E+00
  0.00000E+00   9.54268E+01   1.65565E+00
  0.00000E+00   9.52304E+01   1.80355E+00
  0.00000E+00   9.29614E+01   1.83398E+00
  0.00000E+00   8.96952E+01   1.64465E+00
  0.00000E+00   8.69441E+01   1.31823E+00
  0.00000E+00   8.56790E+01   1.03602E+00
  0.00000E+00   8.54563E+01   8.42716E-01
  0.00000E+00   8.57826E+01   6.46111E-01
  0.00000E+00   8.63625E+01   4.98016E-01
  0.00000E+00   8.67010E+01   2.02930E-01
  0.00000E+00   8.73776E+01   3.26576E-02
  0.00000E+00   8.81730E+01  -2.32848E-01
  0.00000E+00   8.89941E+01  -4.13754E-01
  0.00000E+00   8.95277E+01  -5.55928E-01
  0.00000E+00   8.99322E+01  -5.43535E-01
  0.00000E+00   8.98914E+01  -5.59525E-01
  0.00000E+00   8.94283E+01  -6.84520E-01
  0.00000E+00   8.94130E+01  -7.15190E-01
  0.00000E+00   9.01364E+01  -6.27581E-01
  0.00000E+00   9.06644E+01  -5.61046E-01
  0.00000E+00   9.12294E+01  -7.00495E-01
  0.00000E+00   9.19575E+01  -7.06812E-01
  0.00000E+00   9.23525E+01  -7.22539E-01
  0.00000E+00   9.27203E+01  -7.15605E-01
  0.00000E+00   9.35423E+01  -7.04464E-01
  0.00000E+00   9.52419E+01  -6.95382E-01
  0.00000E+00   9.81174E+01  -5.55315E-01
  0.00000E+00   1.01311E+02  -4.13980E-01
  0.00000E+00   1.03757E+02  -3.73241E-01
  0.00000E+00   1.04766E+02  -3.62267E-01
  0.00000E+00   1.03909E+02  -4.21308E-01
  0.00000E+00   1.01640E+02  -4.39112E-01
  0.00000E+00   9.91753E+01  -3.58707E-01
  0.00000E+00   9.74357E+01  -3.43403E-01
  0.00000E+00   9.76779E+01  -4.14328E-01
  0.00000E+00   1.00191E+02  -4.94358E-01
  0.00000E+00   1.03415E+02  -4.35798E-01
  0.00000E+00   1.06127E+02  -4.15163E-01
  0.00000E+00   1.07721E+02  -3.83290E-01
  0.00000E+00   1.07880E+02  -4.34232E-01
  0.00000E+00   1.07370E+02  -3.94342E-01
  0.00000E+00   1.06942E+02  -1.10384E-01
  0.00000E+00   1.07917E+02   2.10908E-01
  0.00000E+00   1.09720E+02   5.04900E-01
  0.00000E+00   1.11931E+02   6.82463E-01
  0.00000E+00   1.13300E+02   7.68198E-01
  0.00000E+00   1.12868E+02   7.55602E-01
  0.00000E+00   1.11044E+02   6.45771E-01
  0.00000E+00   1.08966E+02   5.74581E-01
  0.00000E+00   1.07360E+02   5.89325E-01
  0.00000E+00   1.06551E+02   5.10177E-01
  0.00000E+00   1.06772E+02   5.83190E-01
  0.00000E+00   1.08033E+02   5.69472E-01
  0.00000E+00   1.09974E+02   3.80213E-01
  0.00000E+00   1.12247E+02   2.53460E-01
  0.00000E+00   1.13830E+02   1.12204E-01
  0.00000E+00   1.15119E+02  -1.36980E-01
  0.00000E+00   1.16042E+02  -3.85218E-01
  0.00000E+00   1.16372E+02  -6.92716E-01
  0.00000E+00   1.16038E+02  -1.15025E+00
  0.00000E+00   1.15245E+02  -1.49148E+00
  0.00000E+00   1.14747E+02  -1.70735E+00
  0.00000E+00   1.13989E+02  -1.77859E+00
  0.00000E+00   1.14023E+02  -1.96783E+00
  0.00000E+00   1.14609E+02  -1.99273E+00
  0.00000E+00   1.15402E+02  -1.94749E+00
  0.00000E+00   1.16478E+02  -2.01895E+00
  0.00000E+00   1.17290E+02  -2.25827E+00
  0.00000E+00   1.17432E+02  -2.34374E+00
  0.00000E+00   1.16740E+02  -2.42379E+00
  0.00000E+00   1.15092E+02  -2.39252E+00
  0.00000E+00   1.12935E+02  -2.26736E+00
  0.00000E+00   1.11393E+02  -2.27118E+00
  0.00000E+00   1.11343E+02  -2.35462E+00
  0.00000E+00   1.12448E+02  -2.41064E+00
  0.00000E+00   1.13629E+02  -2.41155E+00
  0.00000E+00   1.14385E+02  -2.28210E+00
  0.00000E+00   1.14315E+02  -2.23324E+00
  0.00000E+00   1.13679E+02  -2.21692E+00
  0.00000E+00   1.12993E+02  -2.20581E+00
  0.00000E+00   1.12623E+02  -2.02663E+00
  0.00000E+00   1.12963E+02  -1.96383E+00
  0.00000E+00   1.12776E+02  -1.91679E+00
  0.00000E+00   1.11353E+02  -2.02954E+00
  0.00000E+00   1.09339E+02  -2.09498E+00
  0.00000E+00   1.07050E+02  -2.19449E+00
  0.00000E+00   1.04957E+02  -2.19576E+00
  0.00000E+00   1.03931E+02  -2.21796E+00
  0.00000E+00   1.03680E+02  -2.24274E+00
  0.00000E+00   1.04301E+02  -2.36231E+00
  0.00000E+00   1.05104E+02  -2.49306E+00
  0.00000E+00   1.05257E+02  -2.60174E+00
  0.00000E+00   1.04415E+02  -2.77011E+00
  0.00000E+00   1.02400E+02  -2.96882E+00
  0.00000E+00   1.00212E+02  -2.82033E+00
  0.00000E+00   9.79799E+01  -2.77161E+00
  0.00000E+00   9.58315E+01  -2.94678E+00
  0.00000E+00   9.37791E+01  -3.09772E+00
  0.00000E+00   9.20942E+01  -3.38142E+00
  0.00000E+00   9.07018E+01  -3.54508E+00
  0.00000E+00   8.96151E+01  -3.60967E+00
  0.00000E+00   8.83592E+01  -3.67153E+00
  0.00000E+00   8.68836E+01  -3.70655E+00
  0.00000E+00   8.54636E+01  -3.58557E+00
  0.00000E+00   8.41080E+01  -3.56932E+00
  0.00000E+00   8.28720E+01  -3.70505E+00
  0.00000E+00   8.18738E+01  -3.95529E+00
  0.00000E+00   8.08885E+01  -4.11714E+00
  0.00000E+00   7.98859E+01  -4.19544E+00
  0.00000E+00   7.89426E+01  -4.05419E+00
  0.00000E+00   7.79920E+01  -3.80079E+00
  0.00000E+00   7.69870E+01  -3.47234E+00
  0.00000E+00   7.57029E+01  -3.12050E+00
  0.00000E+00   7.43965E+01  -2.86284E+00
  0.00000E+00   7.27810E+01  -2.77189E+00
  0.00000E+00   7.10446E+01  -2.62863E+00
  0.00000E+00   6.95318E+01  -2.50852E+00
  0.00000E+00   6.87540E+01  -2.44723E+00
  0.00000E+00   6.84764E+01  -2.34058E+00
  0.00000E+00   6.85037E+01  -2.25473E+00
  0.00000E+00   6.81833E+01  -2.18611E+00
  0.00000E+00   6.74134E+01  -2.07295E+00
  0.00000E+00   6.64774E+01  -1.95720E+00
  0.00000E+00   6.53212E+01  -1.83211E+00
  0.00000E+00   6.42792E+01  -1.90576E+00
  0.00000E+00   6.38729E+01  -2.01648E+00
  0.00000E+00   6.37318E+01  -2.13328E+00
  0.00000E+00   6.38245E+01  -2.13251E+00
  0.00000E+00   6.41869E+01  -2.04003E+00
  0.00000E+00   6.44708E+01  -1.92166E+00
  0.00000E+00   6.45614E+01  -1.74190E+00
  0.00000E+00   6.47852E+01  -1.60551E+00
  0.00000E+00   6.55297E+01  -1.51992E+00
  0.00000E+00   6.62809E+01  -1.39874E+00
  0.00000E+00   6.69458E+01  -1.28309E+00
  0.00000E+00   6.74514E+01  -1.24815E+00
  0.00000E+00   6.78020E+01  -1.29294E+00
  0.00000E+00   6.78006E+01  -1.22347E+00
  0.00000E+00   6.74189E+01  -1.06093E+00
  0.00000E+00   6.66915E+01  -9.10767E-01
  0.00000E+00   6.59022E+01  -8.97609E-01
  0.00000E+00   6.49917E+01  -9.72848E-01
  0.00000E+00   6.41290E+01  -1.01789E+00
  0.00000E+00   6.36341E+01  -1.07774E+00
  0.00000E+00   6.30403E+01  -1.17596E+00
  0.00000E+00   6.20339E+01  -1.32427E+00
  0.00000E+00   6.06422E+01  -1.43947E+00
  0.00000E+00   5.92507E+01  -1.54266E+00
  0.00000E+00   5.80419E+01  -1.57293E+00
  0.00000E+00   5.70854E+01  -1.56411E+00
  0.00000E+00   5.63374E+01  -1.53888E+00
  0.00000E+00   5.60261E+01  -1.46806E+00
  0.00000E+00   5.62464E+01  -1.42865E+00
  0.00000E+00   5.66899E+01  -1.37768E+00
  0.00000E+00   5.68146E+01  -1.29614E+00
  0.00000E+00   5.66620E+01  -1.20079E+00
  0.00000E+00   5.64774E+01  -1.24398E+00
  0.00000E+00   5.64431E+01  -1.34817E+00
  0.00000E+00   5.68943E+01  -1.45232E+00
  0.00000E+00   5.77404E+01  -1.54663E+00
  0.00000E+00   5.87409E+01  -1.63981E+00
  0.00000E+00   5.94118E+01  -1.74397E+00
  0.00000E+00   5.93364E+01  -1.80567E+00
  0.00000E+00   5.87173E+01  -1.81604E+00
  0.00000E+00   5.77176E+01  -1.80377E+00
  0.00000E+00   5.66532E+01  -1.81556E+00
  0.00000E+00   5.60818E+01  -1.86431E+00
  0.00000E+00   5.58086E+01  -1.92251E+00
  0.00000E+00   5.55603E+01  -2.05931E+00
  0.00000E+00   5.54780E+01  -2.21707E+00
  0.00000E+00   5.55973E+01  -2.39633E+00
  0.00000E+00   5.55122E+01  -2.57965E+00
  0.00000E+00   5.52304E+01  -2.78320E+00
  0.00000E+00   5.46733E+01  -2.91426E+00
  0.00000E+00   5.43038E+01  -2.92578E+00
  0.00000E+00   5.45943E+01  -2.91614E+00
  0.00000E+00   5.53566E+01  -2.84068E+00
  0.00000E+00   5.63030E+01  -2.72369E+00
  0.00000E+00   5.70394E+01  -2.59518E+00
  0.00000E+00   5.73563E+01  -2.38403E+00
  0.00000E+00   5.74031E+01  -2.17246E+00
  0.00000E+00   5.74992E+01  -1.99227E+00
  0.00000E+00   5.75876E+01  -1.86124E+00
  0.00000E+00   5.74436E+01  -1.82181E+00
  0.00000E+00   5.72065E+01  -1.78629E+00
  0.00000E+00   5.69543E+01  -1.55038E+00
  0.00000E+00   5.66656E+01  -1.22091E+00
  0.00000E+00   5.62776E+01  -9.06349E-01
  0.00000E+00   5.56983E+01  -6.38128E-01
  0.00000E+00   5.48363E+01  -4.06528E-01
  0.00000E+00   5.41997E+01  -2.49202E-01
  0.00000E+00   5.38552E+01  -2.00731E-01
  0.00000E+00   5.35740E+01  -7.79117E-02
  0.00000E+00   5.31553E+01  -3.70135E-03
  0.00000E+00   5.27757E+01   9.09894E-02
  0.00000E+00   5.24313E+01   1.79122E-01
  0.00000E+00   5.24564E+01   1.97290E-01
  0.00000E+00   5.29212E+01   1.92725E-01
  0.00000E+00   5.37908E+01   1.63192E-01
  0.00000E+00   5.47798E+01   7.62636E-02
  0.00000E+00   5.55377E+01   1.23601E-02
  0.00000E+00   5.55384E+01   6.38862E-03
  0.00000E+00   5.48177E+01   2.06345E-02
  0.00000E+00   5.41394E+01  -5.28866E-02
  0.00000E+00   5.40475E+01  -1.28787E-01
  0.00000E+00   5.48306E+01  -2.79951E-01
  0.00000E+00   5.62606E+01  -4.75679E-01
  0.00000E+00   5.75332E+01  -6.12298E-01
  0.00000E+00   5.82844E+01  -7.43900E-01
  0.00000E+00   5.88498E+01  -7.92289E-01
  0.00000E+00   5.95626E+01  -8.11968E-01
  0.00000E+00   6.02226E+01  -8.52316E-01
  0.00000E+00   6.06820E+01  -8.64533E-01
  0.00000E+00   6.13107E+01  -7.64368E-01
  0.00000E+00   6.22199E+01  -6.71582E-01
  0.00000E+00   6.32505E+01  -7.04158E-01
  0.00000E+00   6.40569E+01  -7.72743E-01
  0.00000E+00   6.46923E+01  -8.46601E-01
  0.00000E+00   6.54342E+01  -9.02217E-01
  0.00000E+00   6.61132E+01  -9.36793E-01
  0.00000E+00   6.67362E+01  -9.76350E-01
  0.00000E+00   6.71402E+01  -9.04299E-01
  0.00000E+00   6.73233E+01  -8.89698E-01
  0.00000E+00   6.76821E+01  -8.71001E-01
  0.00000E+00   6.82883E+01  -9.02839E-01
  0.00000E+00   6.87058E+01  -9.14431E-01
  0.00000E+00   6.88795E+01  -9.05363E-01
  0.00000E+00   6.87922E+01  -8.24059E-01
  0.00000E+00   6.87205E+01  -6.57897E-01
  0.00000E+00   6.87001E+01  -3.93218E-01
  0.00000E+00   6.87519E+01  -1.35116E-01
  0.00000E+00   6.89952E+01   3.92047E-02
  0.00000E+00   6.93484E+01   1.69866E-01
  0.00000E+00   6.97578E+01   2.21381E-01
  0.00000E+00   7.02102E+01   2.36462E-01
  0.00000E+00   7.01671E+01   2.50814E-01
  0.00000E+00   6.95313E+01   3.19850E-01
  0.00000E+00   6.89311E+01   3.99878E-01
  0.00000E+00   6.88491E+01   2.87598E-01
  0.00000E+00   6.94710E+01   1.18866E-01
  0.00000E+00   7.02077E+01  -1.20478E-01
  0.00000E+00   7.04780E+01  -3.55925E-01
  0.00000E+00   6.96146E+01  -5.69918E-01
  0.00000E+00   6.78580E+01  -7.10396E-01
  0.00000E+00   6.60335E+01  -7.56614E-01
  0.00000E+00   6.49154E+01  -8.53650E-01
  0.00000E+00   6.46309E+01  -9.89422E-01
  0.00000E+00   6.51781E+01  -1.07669E+00
  0.00000E+00   6.62862E+01  -1.23893E+00
  0.00000E+00   6.74793E+01  -1.46458E+00
  0.00000E+00   6.86535E+01  -1.66780E+00
  0.00000E+00   6.95341E+01  -1.78679E+00
  0.00000E+00   6.98468E+01  -1.87456E+00
  0.00000E+00   6.97716E+01  -1.98294E+00
  0.00000E+00   6.95201E+01  -2.05349E+00
  0.00000E+00   6.91936E+01  -2.16256E+00
  0.00000E+00   6.89854E+01  -2.19891E+00
  0.00000E+00   6.89202E+01  -2.30954E+00
  0.00000E+00   6.90982E+01  -2.42939E+00
  0.00000E+00   6.96214E+01  -2.49363E+00
  0.00000E+00   7.01423E+01  -2.59534E+00
  0.00000E+00   7.02564E+01  -2.66142E+00
  0.00000E+00   7.00403E+01  -2.69806E+00
  0.00000E+00   6.95331E+01  -2.73997E+00
  0.00000E+00   6.91581E+01  -2.80006E+00
  0.00000E+00   6.91537E+01  -2.75675E+00
  0.00000E+00   6.93084E+01  -2.57898E+00
  0.00000E+00   6.94297E+01  -2.38955E+00
  0.00000E+00   6.95201E+01  -2.15251E+00
  0.00000E+00   6.91730E+01  -1.88826E+00
  0.00000E+00   6.86918E+01  -1.59578E+00
  0.00000E+00   6.83686E+01  -1.23728E+00
  0.00000E+00   6.81274E+01  -9.17410E-01
  0.00000E+00   6.78828E+01  -7.26212E-01
  0.00000E+00   6.72845E+01  -6.44787E-01
  0.00000E+00   6.62241E+01  -5.26031E-01
  0.00000E+00   6.47836E+01  -2.43351E-01
  0.00000E+00   6.32231E+01  -1.15613E-01
  0.00000E+00   6.21236E+01  -1.47155E-01
  0.00000E+00   6.11357E+01  -1.56605E-01
  0.00000E+00   6.02933E+01  -1.93301E-01
  0.00000E+00   5.99247E+01  -2.09634E-01
  0.00000E+00   5.97666E+01  -2.58859E-01
  0.00000E+00   5.95824E+01  -3.09120E-01
  0.00000E+00   5.92740E+01  -3.42415E-01
  0.00000E+00   5.88410E+01  -3.50146E-01
  0.00000E+00   5.84392E+01  -4.18359E-01
  0.00000E+00   5.83475E+01  -5.05642E-01
  0.00000E+00   5.82890E+01  -4.94448E-01
  0.00000E+00   5.80895E+01  -4.59230E-01
  0.00000E+00   5.79879E+01  -4.25124E-01
  0.00000E+00   5.79183E+01  -3.53499E-01
  0.00000E+00   5.78604E+01  -2.01159E-01
  0.00000E+00   5.79103E+01  -3.99136E-03
  0.00000E+00   5.85213E+01   2.04792E-01
  0.00000E+00   5.98073E+01   3.90610E-01
  0.00000E+00   6.14772E+01   6.32123E-01
  0.00000E+00   6.28723E+01   9.03454E-01
  0.00000E+00   6.36230E+01   1.09238E+00
  0.00000E+00   6.39783E+01   1.15123E+00
  0.00000E+00   6.42208E+01   1.20947E+00
  0.00000E+00   6.47364E+01   1.23452E+00
  0.00000E+00   6.53428E+01   1.24263E+00
  0.00000E+00   6.58530E+01   1.32908E+00
  0.00000E+00   6.63671E+01   1.37063E+00
  0.00000E+00   6.71323E+01   1.35212E+00
  0.00000E+00   6.81359E+01   1.33248E+00
  0.00000E+00   6.91839E+01   1.36596E+00
  0.00000E+00   6.99157E+01   1.39748E+00
  0.00000E+00   7.01551E+01   1.37362E+00
  0.00000E+00   6.97036E+01   1.29069E+00
  0.00000E+00   6.84784E+01   1.23757E+00
  0.00000E+00   6.66681E+01   1.21932E+00
  0.00000E+00   6.54042E+01   1.31632E+00
  0.00000E+00   6.50673E+01   1.40885E+00
  0.00000E+00   6.54687E+01   1.53415E+00
  0.00000E+00   6.57523E+01   1.62929E+00
  0.00000E+00   6.55965E+01   1.70441E+00
  0.00000E+00   6.50422E+01   1.80170E+00
  0.00000E+00   6.42362E+01   1.91641E+00
  0.00000E+00   6.34369E+01   2.05605E+00
  0.00000E+00   6.28461E+01   2.10568E+00
  0.00000E+00   6.24370E+01   2.11121E+00
  0.00000E+00   6.23541E+01   2.09807E+00
  0.00000E+00   6.27219E+01   2.04022E+00
  0.00000E+00   6.36448E+01   1.96674E+00
  0.00000E+00   6.47998E+01   1.87886E+00
  0.00000E+00   6.57615E+01   1.72957E+00
  0.00000E+00   6.64357E+01   1.56154E+00
  0.00000E+00   6.68255E+01   1.32817E+00
  0.00000E+00   6.68099E+01   1.12323E+00
  0.00000E+00   6.64620E+01   1.03195E+00
  0.00000E+00   6.62465E+01   1.07695E+00
  0.00000E+00   6.66323E+01   1.16254E+00
  0.00000E+00   6.76315E+01   1.16273E+00
  0.00000E+00   6.89740E+01   1.16220E+00
  0.00000E+00   7.01611E+01   1.21702E+00
  0.00000E+00   7.04461E+01   1.18010E+00
  0.00000E+00   7.00587E+01   1.08691E+00
  0.00000E+00   6.93762E+01   9.47941E-01
  0.00000E+00   6.86481E+01   7.75848E-01
  0.00000E+00   6.80674E+01   6.24971E-01
  0.00000E+00   6.76983E+01   4.69294E-01
  0.00000E+00   6.72002E+01   2.78644E-01
  0.00000E+00   6.63248E+01   2.04605E-01
  0.00000E+00   6.52431E+01   1.93542E-01
  0.00000E+00   6.38946E+01   7.83196E-02
  0.00000E+00   6.26793E+01   2.13591E-02
  0.00000E+00   6.22262E+01  -4.23473E-02
  0.00000E+00   6.24558E+01  -3.52477E-02
  0.00000E+00   6.34267E+01  -8.61428E-03
  0.00000E+00   6.47427E+01   8.33040E-02
  0.00000E+00   6.57330E+01   1.16647E-01
  0.00000E+00   6.62375E+01   4.76334E-02
  0.00000E+00   6.65181E+01  -1.01879E-01
  0.00000E+00   6.67411E+01  -1.93393E-01
  0.00000E+00   6.68636E+01  -2.31274E-01
  0.00000E+00   6.69197E+01  -2.66373E-01
  0.00000E+00   6.73268E+01  -3.34263E-01
  0.00000E+00   6.78709E+01  -4.16457E-01
  0.00000E+00   6.78915E+01  -5.49833E-01
  0.00000E+00   6.72565E+01  -6.41969E-01
  0.00000E+00   6.63294E+01  -8.40359E-01
  0.00000E+00   6.51237E+01  -1.16855E+00
  0.00000E+00   6.37259E+01  -1.42842E+00
  0.00000E+00   6.22275E+01  -1.66947E+00
  0.00000E+00   6.12182E+01  -1.92623E+00
  0.00000E+00   6.06276E+01  -2.08441E+00
  0.00000E+00   6.05819E+01  -2.23086E+00
  0.00000E+00   6.05797E+01  -2.25533E+00
  0.00000E+00   6.03220E+01  -2.39087E+00
  0.00000E+00   5.98868E+01  -2.56753E+00
  0.00000E+00   5.91187E+01  -2.56656E+00
  0.00000E+00   5.79254E+01  -2.45883E+00
  0.00000E+00   5.64902E+01  -2.36037E+00
  0.00000E+00   5.49596E+01  -2.34207E+00
  0.00000E+00   5.35808E+01  -2.40243E+00
  0.00000E+00   5.25254E+01  -2.46630E+00
  0.00000E+00   5.17275E+01  -2.39729E+00
  0.00000E+00   5.10832E+01  -2.19408E+00
  0.00000E+00   5.09115E+01  -1.95436E+00
  0.00000E+00   5.12795E+01  -1.77487E+00
  0.00000E+00   5.19029E+01  -1.56868E+00
  0.00000E+00   5.21749E+01  -1.39674E+00
  0.00000E+00   5.16985E+01  -1.27516E+00
  0.00000E+00   5.07596E+01  -1.27084E+00
  0.00000E+00   4.96133E+01  -1.31378E+00
  0.00000E+00   4.83814E+01  -1.26155E+00
  0.00000E+00   4.74461E+01  -1.10814E+00
  0.00000E+00   4.70377E+01  -1.04801E+00
  0.00000E+00   4.68229E+01  -9.86578E-01
  0.00000E+00   4.66633E+01  -9.31217E-01
  0.00000E+00   4.65912E+01  -8.01114E-01
  0.00000E+00   4.63958E+01  -6.97509E-01
  0.00000E+00   4.58841E+01  -5.80748E-01
  0.00000E+00   4.55025E+01  -5.14693E-01
  0.00000E+00   4.53603E+01  -4.67434E-01
  0.00000E+00   4.56546E+01  -4.60252E-01
  0.00000E+00   4.63112E+01  -4.64375E-01
  0.00000E+00   4.70302E+01  -4.25671E-01
  0.00000E+00   4.76242E+01  -2.90809E-01
