  0.00000E+00   2.00386E-04  -6.34122E-06
  0.00000E+00   2.03138E-04  -1.89119E-05
  0.00000E+00   2.07085E-04  -2.92823E-05
  0.00000E+00   2.27680E-04  -3.32715E-05
  0.00000E+00   2.66242E-04  -3.41539E-05
  0.00000E+00   3.25111E-04  -3.51728E-05
  0.00000E+00   4.09916E-04  -3.81710E-05
  0.00000E+00   5.28927E-04  -4.40438E-05
  0.00000E+00   6.94296E-04  -5.36114E-05
  0.00000E+00   9.22746E-04  -6.82494E-05
  0.00000E+00   1.23766E-03  -9.00670E-05
  0.00000E+00   1.67182E-03  -1.22040E-04
  0.00000E+00   2.27069E-03  -1.68248E-04
  0.00000E+00   3.09794E-03  -2.34268E-04
  0.00000E+00   4.24249E-03  -3.27799E-04
  0.00000E+00   5.82855E-03  -4.59564E-04
  0.00000E+00   8.02952E-03  -6.44544E-04
  0.00000E+00   1.10871E-02  -9.03651E-04
  0.00000E+00   1.53376E-02  -1.26591E-03
  0.00000E+00   2.12472E-02  -1.77130E-03
  0.00000E+00   2.94594E-02  -2.47438E-03
  0.00000E+00   4.08577E-02  -3.44869E-03
  0.00000E+00   5.66453E-02  -4.79183E-03
  0.00000E+00   7.84455E-02  -6.63112E-03
  0.00000E+00   1.08424E-01  -9.12917E-03
  0.00000E+00   1.49433E-01  -1.24890E-02
  0.00000E+00   2.05171E-01  -1.69581E-02
  0.00000E+00   2.80362E-01  -2.28316E-02
  0.00000E+00   3.80929E-01  -3.04552E-02
  0.00000E+00   5.14172E-01  -4.02293E-02
  0.00000E+00   6.88905E-01  -5.26165E-02
  0.00000E+00   9.15545E-01  -6.81533E-02
  0.00000E+00   1.20613E+00  -8.74691E-02
  0.00000E+00   1.57419E+00  -1.11308E-01
  0.00000E+00   2.03453E+00  -1.40547E-01
  0.00000E+00   2.60277E+00  -1.76198E-01
  0.00000E+00   3.29476E+00  -2.19394E-01
  0.00000E+00   4.12578E+00  -2.71315E-01
  0.00000E+00   5.10964E+00  -3.33038E-01
  0.00000E+00   6.25785E+00  -4.05307E-01
  0.00000E+00   7.57903E+00  -4.88253E-01
  0.00000E+00   9.07885E+00  -5.81151E-01
  0.00000E+00   1.07604E+01  -6.82414E-01
  0.00000E+00   1.26235E+01  -7.89217E-01
  0.00000E+00   1.46616E+01  -8.98583E-01
  0.00000E+00   1.68544E+01  -1.00421E+00
  0.00000E+00   1.91576E+01  -1.09961E+00
  0.00000E+00   2.15056E+01  -1.16303E+00
  0.00000E+00   2.38088E+01  -1.17266E+00
  0.00000E+00   2.59639E+01  -1.13617E+00
  0.00000E+00   2.76922E+01  -1.12986E+00
  0.00000E+00   2.84397E+01  -1.02565E+00
  0.00000E+00   2.84044E+01  -8.52628E-01
  0.00000E+00   2.86699E+01  -5.97248E-01
  0.00000E+00   2.88383E+01  -3.89603E-01
  0.00000E+00   2.83082E+01  -2.98387E-01
  0.00000E+00   2.64858E+01  -2.04200E-01
  0.00000E+00   2.38537E+01  -2.10616E-01
  0.00000E+00   2.20776E+01  -1.25507E-01
  0.00000E+00   2.17017E+01  -5.11316E-02
  0.00000E+00   2.17212E+01  -7.52612E-02
  0.00000E+00   2.16603E+01  -9.67335E-02
  0.00000E+00   2.18398E+01  -1.09040E-01
  0.00000E+00   2.20427E+01   1.53776E-02
  0.00000E+00   2.25824E+01   1.15959E-01
  0.00000E+00   2.36966E+01   1.89758E-01
  0.00000E+00   2.49092E+01   1.90010E-01
  0.00000E+00   2.63541E+01   2.39691E-01
  0.00000E+00   2.74704E+01   2.61557E-01
  0.00000E+00   2.83563E+01   2.29142E-01
  0.00000E+00   2.95696E+01   1.29259E-01
  0.00000E+00   3.14314E+01   1.33933E-02
  0.00000E+00   3.38013E+01  -1.17439E-01
  0.00000E+00   3.65856E+01  -1.81298E-01
  0.00000E+00   3.94713E+01  -2.99688E-01
  0.00000E+00   4.24401E+01  -2.71873E-01
  0.00000E+00   4.56349E+01  -2.58439E-01
  0.00000E+00   4.83901E+01  -3.64811E-01
  0.00000E+00   5.02876E+01  -3.81198E-01
  0.00000E+00   5.16371E+01  -4.05879E-01
  0.00000E+00   5.28916E+01  -4.39082E-01
  0.00000E+00   5.46892E+01  -4.87044E-01
  0.00000E+00   5.69161E+01  -4.44671E-01
  0.00000E+00   5.92879E+01  -3.75725E-01
  0.00000E+00   6.16456E+01  -1.90884E-01
  0.00000E+00   6.30592E+01  -2.29339E-03
  0.00000E+00   6.34700E+01   8.76493E-02
  0.00000E+00   6.35257E+01   2.63550E-01
  0.00000E+00   6.36904E+01   5.35066E-01
  0.00000E+00   6.40842E+01   8.24190E-01
  0.00000E+00   6.41201E+01   1.15153E+00
  0.00000E+00   6.36743E+01   1.24262E+00
  0.00000E+00   6.31145E+01   1.21709E+00
  0.00000E+00   6.18003E+01   1.11083E+00
  0.00000E+00   6.04589E+01   1.00940E+00
  0.00000E+00   5.94919E+01   9.23487E-01
  0.00000E+00   5.92403E+01   9.39954E-01
  0.00000E+00   5.92763E+01   1.11883E+00
  0.00000E+00   5.90689E+01   1.31682E+00
  0.00000E+00   5.91398E+01   1.37434E+00
  0.00000E+00   5.92572E+01   1.51850E+00
  0.00000E+00   6.01984E+01   1.59701E+00
  0.00000E+00   6.27274E+01   1.65588E+00
  0.00000E+00   6.52334E+01   1.69832E+00
  0.00000E+00   6.73071E+01   1.67597E+00
  0.00000E+00   6.85751E+01   1.47581E+00
  0.00000E+00   6.98898E+01   1.34705E+00
  0.00000E+00   7.14285E+01   1.20737E+00
  0.00000E+00   7.25355E+01   1.03120E+00
  0.00000E+00   7.27044E+01   8.32989E-01
  0.00000E+00   7.28183E+01   6.19111E-01
  0.00000E+00   7.31472E+01   5.72664E-01
  0.00000E+00   7.40981E+01   4.87489E-01
  0.00000E+00   7.51884E+01   4.46766E-01
  0.00000E+00   7.60831E+01   2.39531E-01
  0.00000E+00   7.51711E+01   5.65593E-02
  0.00000E+00   7.34087E+01   1.13496E-02
  0.00000E+00   6.93327E+01   1.44773E-01
  0.00000E+00   6.36864E+01   2.69340E-01
  0.00000E+00   5.97748E+01   4.19349E-01
  0.00000E+00   5.83009E+01   5.66376E-01
  0.00000E+00   5.89457E+01   5.76721E-01
  0.00000E+00   6.09072E+01   6.41691E-01
  0.00000E+00   6.23239E+01   7.00964E-01
  0.00000E+00   6.30697E+01   6.14227E-01
  0.00000E+00   6.35642E+01   6.06501E-01
  0.00000E+00   6.41555E+01   3.74210E-01
  0.00000E+00   6.46972E+01   2.89041E-01
  0.00000E+00   6.42342E+01   1.67283E-01
  0.00000E+00   6.32430E+01   2.98096E-01
  0.00000E+00   6.29050E+01   4.51260E-01
  0.00000E+00   6.39381E+01   5.17306E-01
  0.00000E+00   6.59196E+01   5.59706E-01
  0.00000E+00   6.83007E+01   6.88367E-01
  0.00000E+00   7.02113E+01   7.13246E-01
  0.00000E+00   7.16853E+01   7.84688E-01
  0.00000E+00   7.33074E+01   9.25677E-01
  0.00000E+00   7.44925E+01   1.02129E+00
  0.00000E+00   7.49210E+01   1.10775E+00
  0.00000E+00   7.48536E+01   1.24859E+00
  0.00000E+00   7.52335E+01   1.34827E+00
  0.00000E+00   7.60017E+01   1.33773E+00
  0.00000E+00   7.69156E+01   1.39758E+00
  0.00000E+00   7.68261E+01   1.44777E+00
  0.00000E+00   7.60371E+01   1.62204E+00
  0.00000E+00   7.55265E+01   1.69767E+00
  0.00000E+00   7.53604E+01   1.71378E+00
  0.00000E+00   7.55421E+01   1.84775E+00
  0.00000E+00   7.58822E+01   2.21012E+00
  0.00000E+00   7.63726E+01   2.45742E+00
  0.00000E+00   7.70021E+01   2.57347E+00
  0.00000E+00   7.74919E+01   2.65613E+00
  0.00000E+00   7.79762E+01   2.66832E+00
  0.00000E+00   7.77143E+01   2.49507E+00
  0.00000E+00   7.63514E+01   2.19753E+00
  0.00000E+00   7.43338E+01   2.04112E+00
  0.00000E+00   7.26939E+01   1.82230E+00
  0.00000E+00   7.24759E+01   1.72460E+00
  0.00000E+00   7.33791E+01   1.75414E+00
  0.00000E+00   7.46624E+01   1.66778E+00
  0.00000E+00   7.52997E+01   1.63080E+00
  0.00000E+00   7.50558E+01   1.45800E+00
  0.00000E+00   7.36622E+01   1.29542E+00
  0.00000E+00   7.24145E+01   1.23304E+00
  0.00000E+00   7.17979E+01   1.12093E+00
  0.00000E+00   7.25399E+01   1.03297E+00
  0.00000E+00   7.41917E+01   1.08652E+00
  0.00000E+00   7.58737E+01   1.10033E+00
  0.00000E+00   7.65665E+01   1.16032E+00
  0.00000E+00   7.70495E+01   1.18158E+00
  0.00000E+00   7.75925E+01   1.05878E+00
  0.00000E+00   7.78016E+01   8.84657E-01
  0.00000E+00   7.75329E+01   7.87671E-01
  0.00000E+00   7.72067E+01   7.75471E-01
  0.00000E+00   7.69312E+01   7.33740E-01
  0.00000E+00   7.63804E+01   7.95576E-01
  0.00000E+00   7.61564E+01   7.72815E-01
  0.00000E+00   7.65609E+01   9.26051E-01
  0.00000E+00   7.76009E+01   1.01145E+00
  0.00000E+00   7.97855E+01   1.07152E+00
  0.00000E+00   8.22773E+01   1.13798E+00
  0.00000E+00   8.43116E+01   1.16308E+00
  0.00000E+00   8.58007E+01   1.09074E+00
  0.00000E+00   8.70565E+01   1.20151E+00
  0.00000E+00   8.75195E+01   1.40254E+00
  0.00000E+00   8.78831E+01   1.78577E+00
  0.00000E+00   8.88446E+01   1.86663E+00
  0.00000E+00   8.97881E+01   1.83807E+00
  0.00000E+00   9.05892E+01   1.91075E+00
  0.00000E+00   9.21334E+01   1.90110E+00
  0.00000E+00   9.35364E+01   2.03562E+00
  0.00000E+00   9.50245E+01   2.08500E+00
  0.00000E+00   9.61629E+01   2.09393E+00
  0.00000E+00   9.70532E+01   2.01331E+00
  0.00000E+00   9.77538E+01   1.92870E+00
  0.00000E+00   9.74350E+01   1.78513E+00
  0.00000E+00   9.62786E+01   1.55142E+00
  0.00000E+00   9.46194E+01   1.51924E+00
  0.00000E+00   9.32854E+01   1.50044E+00
  0.00000E+00   9.20141E+01   1.51627E+00
  0.00000E+00   9.17180E+01   1.51169E+00
  0.00000E+00   9.21419E+01   1.57231E+00
  0.00000E+00   9.25531E+01   1.59390E+00
  0.00000E+00   9.24483E+01   1.74163E+00
  0.00000E+00   9.23901E+01   1.83323E+00
  0.00000E+00   9.17456E+01   1.96843E+00
  0.00000E+00   9.00998E+01   2.00704E+00
  0.00000E+00   8.71580E+01   1.80138E+00
  0.00000E+00   8.40888E+01   1.81227E+00
  0.00000E+00   8.22829E+01   1.72175E+00
  0.00000E+00   8.17026E+01   1.63468E+00
  0.00000E+00   8.12695E+01   1.73509E+00
  0.00000E+00   8.08379E+01   1.83429E+00
  0.00000E+00   8.08992E+01   1.79266E+00
  0.00000E+00   8.15487E+01   1.92085E+00
  0.00000E+00   8.32422E+01   2.10663E+00
  0.00000E+00   8.42956E+01   2.25039E+00
  0.00000E+00   8.44839E+01   2.27247E+00
  0.00000E+00   8.46538E+01   2.08569E+00
  0.00000E+00   8.45237E+01   2.21334E+00
  0.00000E+00   8.46804E+01   2.46486E+00
  0.00000E+00   8.39200E+01   2.52510E+00
  0.00000E+00   8.26683E+01   2.59565E+00
  0.00000E+00   8.19570E+01   2.65474E+00
  0.00000E+00   8.18939E+01   2.45729E+00
  0.00000E+00   8.28392E+01   2.47367E+00
  0.00000E+00   8.42264E+01   2.53716E+00
  0.00000E+00   8.53803E+01   2.71782E+00
  0.00000E+00   8.55646E+01   2.62033E+00
  0.00000E+00   8.48544E+01   2.76108E+00
  0.00000E+00   8.42696E+01   2.87319E+00
  0.00000E+00   8.43245E+01   2.96963E+00
  0.00000E+00   8.49518E+01   3.05985E+00
  0.00000E+00   8.61146E+01   3.06427E+00
  0.00000E+00   8.70697E+01   2.97787E+00
  0.00000E+00   8.75932E+01   2.77063E+00
  0.00000E+00   8.76685E+01   2.73695E+00
  0.00000E+00   8.75549E+01   2.71050E+00
  0.00000E+00   8.76298E+01   2.68553E+00
  0.00000E+00   8.87398E+01   2.82504E+00
  0.00000E+00   9.02571E+01   2.92469E+00
  0.00000E+00   9.17526E+01   3.05922E+00
  0.00000E+00   9.32288E+01   3.05603E+00
  0.00000E+00   9.36564E+01   3.14362E+00
  0.00000E+00   9.29140E+01   3.06059E+00
  0.00000E+00   9.12619E+01   2.86201E+00
  0.00000E+00   8.89420E+01   2.69515E+00
  0.00000E+00   8.78405E+01   2.66172E+00
  0.00000E+00   8.76405E+01   2.63786E+00
  0.00000E+00   8.71851E+01   2.57046E+00
  0.00000E+00   8.71025E+01   2.40207E+00
  0.00000E+00   8.67045E+01   2.31135E+00
  0.00000E+00   8.65068E+01   2.11226E+00
  0.00000E+00   8.70654E+01   2.09818E+00
  0.00000E+00   8.75608E+01   2.13941E+00
  0.00000E+00   8.78781E+01   2.13966E+00
  0.00000E+00   8.78654E+01   1.86768E+00
  0.00000E+00   8.81218E+01   1.62881E+00
  0.00000E+00   8.88259E+01   1.50296E+00
  0.00000E+00   8.99054E+01   1.38576E+00
  0.00000E+00   9.09697E+01   1.31089E+00
  0.00000E+00   9.25233E+01   1.27297E+00
  0.00000E+00   9.43444E+01   1.30211E+00
  0.00000E+00   9.66624E+01   1.37223E+00
  0.00000E+00   9.92986E+01   1.25618E+00
  0.00000E+00   1.01375E+02   1.16104E+00
  0.00000E+00   1.03432E+02   1.27259E+00
  0.00000E+00   1.05744E+02   1.42447E+00
  0.00000E+00   1.08288E+02   1.51446E+00
  0.00000E+00   1.10593E+02   1.42227E+00
  0.00000E+00   1.11505E+02   1.31494E+00
  0.00000E+00   1.10746E+02   1.17715E+00
  0.00000E+00   1.08888E+02   9.53415E-01
  0.00000E+00   1.07126E+02   7.20361E-01
  0.00000E+00   1.06116E+02   6.24372E-01
  0.00000E+00   1.05686E+02   6.98002E-01
  0.00000E+00   1.06260E+02   4.42592E-01
  0.00000E+00   1.07220E+02   4.69607E-01
  0.00000E+00   1.08221E+02   5.98115E-01
  0.00000E+00   1.07917E+02   4.33938E-01
  0.00000E+00   1.06744E+02   1.75748E-01
  0.00000E+00   1.04419E+02   1.93322E-01
  0.00000E+00   1.02634E+02   4.54449E-02
  0.00000E+00   1.01580E+02   8.43690E-03
  0.00000E+00   1.01639E+02  -3.63779E-02
  0.00000E+00   1.02773E+02  -1.43005E-01
  0.00000E+00   1.03408E+02  -1.78913E-01
  0.00000E+00   1.03545E+02  -4.30660E-01
  0.00000E+00   1.02557E+02  -5.63865E-01
  0.00000E+00   1.00669E+02  -5.61925E-01
  0.00000E+00   9.94265E+01  -3.92470E-01
  0.00000E+00   9.97013E+01  -4.95636E-01
  0.00000E+00   1.01174E+02  -5.85620E-01
  0.00000E+00   1.03137E+02  -6.66103E-01
  0.00000E+00   1.04542E+02  -6.67163E-01
  0.00000E+00   1.05130E+02  -8.80208E-01
  0.00000E+00   1.05164E+02  -1.06504E+00
  0.00000E+00   1.04597E+02  -1.21792E+00
  0.00000E+00   1.04096E+02  -1.17051E+00
  0.00000E+00   1.03924E+02  -1.01619E+00
  0.00000E+00   1.04905E+02  -9.96248E-01
  0.00000E+00   1.07331E+02  -9.23155E-01
  0.00000E+00   1.10486E+02  -9.74748E-01
  0.00000E+00   1.12588E+02  -7.97075E-01
  0.00000E+00   1.13264E+02  -8.24118E-01
  0.00000E+00   1.12828E+02  -7.85308E-01
  0.00000E+00   1.12516E+02  -6.40275E-01
  0.00000E+00   1.13022E+02  -4.34271E-01
  0.00000E+00   1.14909E+02  -2.52611E-01
  0.00000E+00   1.17351E+02  -7.13185E-02
  0.00000E+00   1.19895E+02   5.30333E-02
  0.00000E+00   1.21179E+02   1.89061E-01
  0.00000E+00   1.20824E+02   3.63594E-01
  0.00000E+00   1.20285E+02   5.10499E-01
  0.00000E+00   1.21094E+02   5.87163E-01
  0.00000E+00   1.23016E+02   4.45261E-01
  0.00000E+00   1.26786E+02   3.12079E-01
  0.00000E+00   1.31026E+02   4.17109E-01
  0.00000E+00   1.34774E+02   2.44430E-01
  0.00000E+00   1.37364E+02   5.22775E-02
  0.00000E+00   1.38599E+02  -4.15885E-02
  0.00000E+00   1.39285E+02  -1.39093E-01
  0.00000E+00   1.40477E+02  -3.49016E-01
  0.00000E+00   1.42323E+02  -4.05937E-01
  0.00000E+00   1.45014E+02  -2.87863E-01
  0.00000E+00   1.48394E+02  -2.46792E-01
  0.00000E+00   1.52183E+02  -1.53122E-01
  0.00000E+00   1.55356E+02  -6.55121E-03
  0.00000E+00   1.56249E+02  -4.70909E-02
  0.00000E+00   1.54852E+02  -4.41341E-02
  0.00000E+00   1.52382E+02  -1.33979E-01
  0.00000E+00   1.49459E+02  -3.46338E-01
  0.00000E+00   1.46722E+02  -4.10694E-01
  0.00000E+00   1.44496E+02  -5.34561E-01
  0.00000E+00   1.44392E+02  -5.88693E-01
  0.00000E+00   1.44501E+02  -7.21292E-01
  0.00000E+00   1.44667E+02  -5.96048E-01
  0.00000E+00   1.45294E+02  -5.64973E-01
  0.00000E+00   1.44565E+02  -5.41534E-01
  0.00000E+00   1.40592E+02  -7.81929E-01
  0.00000E+00   1.36352E+02  -8.45604E-01
  0.00000E+00   1.31736E+02  -9.69190E-01
  0.00000E+00   1.28519E+02  -9.32338E-01
  0.00000E+00   1.26833E+02  -9.73403E-01
  0.00000E+00   1.26593E+02  -8.88688E-01
  0.00000E+00   1.27066E+02  -9.25080E-01
  0.00000E+00   1.28206E+02  -8.41786E-01
  0.00000E+00   1.29764E+02  -8.73513E-01
  0.00000E+00   1.31274E+02  -1.06365E+00
  0.00000E+00   1.31373E+02  -1.28128E+00
  0.00000E+00   1.31801E+02  -1.33947E+00
  0.00000E+00   1.32351E+02  -1.45053E+00
  0.00000E+00   1.31565E+02  -1.59636E+00
  0.00000E+00   1.30757E+02  -1.68277E+00
  0.00000E+00   1.30418E+02  -1.65425E+00
  0.00000E+00   1.30749E+02  -1.92409E+00
  0.00000E+00   1.30550E+02  -2.18412E+00
  0.00000E+00   1.29629E+02  -2.27672E+00
  0.00000E+00   1.28452E+02  -2.36127E+00
  0.00000E+00   1.27642E+02  -2.53915E+00
  0.00000E+00   1.27947E+02  -2.68955E+00
  0.00000E+00   1.29457E+02  -2.80142E+00
  0.00000E+00   1.31666E+02  -2.96865E+00
  0.00000E+00   1.33300E+02  -3.03150E+00
  0.00000E+00   1.33982E+02  -3.23728E+00
  0.00000E+00   1.33227E+02  -3.12961E+00
  0.00000E+00   1.31273E+02  -2.98175E+00
  0.00000E+00   1.30384E+02  -2.71080E+00
  0.00000E+00   1.31080E+02  -2.49088E+00
  0.00000E+00   1.32458E+02  -2.36512E+00
  0.00000E+00   1.34458E+02  -2.26396E+00
  0.00000E+00   1.35425E+02  -2.00403E+00
  0.00000E+00   1.36660E+02  -1.71191E+00
  0.00000E+00   1.37938E+02  -1.28217E+00
  0.00000E+00   1.39358E+02  -1.19836E+00
  0.00000E+00   1.41807E+02  -9.55750E-01
  0.00000E+00   1.42831E+02  -7.97227E-01
  0.00000E+00   1.42336E+02  -8.11611E-01
  0.00000E+00   1.42658E+02  -7.25894E-01
  0.00000E+00   1.44614E+02  -5.84759E-01
  0.00000E+00   1.46898E+02  -4.11433E-01
  0.00000E+00   1.48954E+02  -3.61817E-01
  0.00000E+00   1.49697E+02  -4.75307E-01
  0.00000E+00   1.48952E+02  -4.63132E-01
  0.00000E+00   1.47108E+02  -3.15501E-01
  0.00000E+00   1.45154E+02  -2.99267E-02
  0.00000E+00   1.43852E+02   1.90722E-01
  0.00000E+00   1.42637E+02   1.86112E-01
  0.00000E+00   1.41413E+02   2.57180E-01
  0.00000E+00   1.40441E+02  -1.14294E-01
  0.00000E+00   1.41097E+02  -3.43304E-01
  0.00000E+00   1.42445E+02  -2.50913E-01
  0.00000E+00   1.44138E+02  -2.57338E-01
  0.00000E+00   1.46082E+02  -2.97476E-01
  0.00000E+00   1.47112E+02  -1.92493E-01
  0.00000E+00   1.47624E+02  -3.46894E-01
  0.00000E+00   1.48449E+02  -4.03526E-01
  0.00000E+00   1.49190E+02  -3.43280E-01
  0.00000E+00   1.49795E+02  -1.08734E-01
  0.00000E+00   1.50313E+02  -9.56725E-02
  0.00000E+00   1.49367E+02  -1.84618E-01
  0.00000E+00   1.48226E+02  -7.81776E-02
  0.00000E+00   1.47630E+02   1.67774E-01
  0.00000E+00   1.47988E+02   3.67293E-01
  0.00000E+00   1.49311E+02   4.62868E-01
  0.00000E+00   1.49974E+02   6.63017E-01
  0.00000E+00   1.49451E+02   9.53338E-01
  0.00000E+00   1.47964E+02   1.18429E+00
  0.00000E+00   1.47002E+02   1.36736E+00
  0.00000E+00   1.46609E+02   1.32787E+00
  0.00000E+00   1.46813E+02   1.45655E+00
  0.00000E+00   1.47764E+02   1.42960E+00
  0.00000E+00   1.49285E+02   1.17080E+00
  0.00000E+00   1.50583E+02   9.99020E-01
  0.00000E+00   1.51808E+02   8.25513E-01
  0.00000E+00   1.53394E+02   5.52349E-01
  0.00000E+00   1.55010E+02   4.30746E-01
  0.00000E+00   1.57291E+02   3.73076E-01
  0.00000E+00   1.59054E+02   1.66829E-01
  0.00000E+00   1.59728E+02  -4.19484E-03
  0.00000E+00   1.59590E+02   3.08241E-02
  0.00000E+00   1.59824E+02   3.95266E-02
  0.00000E+00   1.60884E+02  -6.59170E-03
  0.00000E+00   1.63700E+02   1.02166E-01
  0.00000E+00   1.66847E+02   1.18710E-01
  0.00000E+00   1.68517E+02   2.84872E-02
  0.00000E+00   1.67389E+02   9.27012E-02
  0.00000E+00   1.63820E+02   1.70427E-01
  0.00000E+00   1.60599E+02   1.64425E-01
  0.00000E+00   1.58548E+02   3.61112E-01
  0.00000E+00   1.58638E+02   6.01302E-01
  0.00000E+00   1.60427E+02   5.06986E-01
  0.00000E+00   1.62095E+02   2.62573E-01
  0.00000E+00   1.62776E+02   2.29239E-01
  0.00000E+00   1.62792E+02   2.07514E-01
  0.00000E+00   1.62799E+02   8.04901E-02
  0.00000E+00   1.62798E+02   7.70667E-02
  0.00000E+00   1.62643E+02   2.53887E-01
  0.00000E+00   1.62159E+02   3.00054E-01
  0.00000E+00   1.62463E+02   2.78996E-01
  0.00000E+00   1.63969E+02   2.77757E-01
  0.00000E+00   1.65775E+02   3.75967E-01
  0.00000E+00   1.67374E+02   4.04837E-01
  0.00000E+00   1.67659E+02   7.87099E-01
  0.00000E+00   1.66807E+02   8.68127E-01
  0.00000E+00   1.66742E+02   1.04520E+00
  0.00000E+00   1.68135E+02   1.20939E+00
  0.00000E+00   1.70171E+02   1.40695E+00
  0.00000E+00   1.71541E+02   1.27323E+00
  0.00000E+00   1.72540E+02   1.18604E+00
  0.00000E+00   1.71731E+02   1.18380E+00
  0.00000E+00   1.70314E+02   1.30264E+00
  0.00000E+00   1.68843E+02   1.52779E+00
  0.00000E+00   1.69497E+02   1.80896E+00
  0.00000E+00   1.72087E+02   1.93874E+00
  0.00000E+00   1.73984E+02   1.85057E+00
  0.00000E+00   1.73752E+02   1.89036E+00
  0.00000E+00   1.71878E+02   2.25312E+00
  0.00000E+00   1.70669E+02   2.47682E+00
  0.00000E+00   1.70104E+02   2.53013E+00
  0.00000E+00   1.70421E+02   2.55735E+00
  0.00000E+00   1.71185E+02   2.57660E+00
  0.00000E+00   1.71592E+02   2.58423E+00
  0.00000E+00   1.69171E+02   2.53776E+00
  0.00000E+00   1.65679E+02   2.41592E+00
  0.00000E+00   1.62283E+02   2.52940E+00
  0.00000E+00   1.61304E+02   2.35109E+00
  0.00000E+00   1.61615E+02   2.39019E+00
  0.00000E+00   1.63295E+02   2.00865E+00
  0.00000E+00   1.65498E+02   1.94831E+00
  0.00000E+00   1.65900E+02   1.75461E+00
  0.00000E+00   1.62153E+02   1.70642E+00
  0.00000E+00   1.56693E+02   1.52899E+00
  0.00000E+00   1.50983E+02   1.40538E+00
  0.00000E+00   1.48659E+02   1.42276E+00
  0.00000E+00   1.48802E+02   1.16325E+00
  0.00000E+00   1.49940E+02   1.20501E+00
  0.00000E+00   1.51567E+02   8.94750E-01
  0.00000E+00   1.51717E+02   4.15098E-01
  0.00000E+00   1.51256E+02   7.56779E-02
  0.00000E+00   1.49435E+02  -3.71841E-01
  0.00000E+00   1.47893E+02  -8.49800E-01
  0.00000E+00   1.47394E+02  -1.00394E+00
  0.00000E+00   1.48514E+02  -1.25135E+00
  0.00000E+00   1.48755E+02  -1.16143E+00
  0.00000E+00   1.47266E+02  -1.30386E+00
  0.00000E+00   1.44958E+02  -1.62809E+00
  0.00000E+00   1.41718E+02  -1.89926E+00
  0.00000E+00   1.37674E+02  -1.96470E+00
  0.00000E+00   1.35113E+02  -1.99104E+00
  0.00000E+00   1.35211E+02  -2.22479E+00
  0.00000E+00   1.35969E+02  -2.26465E+00
  0.00000E+00   1.38381E+02  -2.55010E+00
  0.00000E+00   1.40653E+02  -2.86251E+00
  0.00000E+00   1.41904E+02  -3.05443E+00
  0.00000E+00   1.41789E+02  -3.25540E+00
  0.00000E+00   1.39950E+02  -3.15278E+00
  0.00000E+00   1.38417E+02  -3.41594E+00
  0.00000E+00   1.37754E+02  -3.56208E+00
  0.00000E+00   1.37724E+02  -3.86069E+00
  0.00000E+00   1.38508E+02  -3.97415E+00
  0.00000E+00   1.39826E+02  -3.86264E+00
  0.00000E+00   1.40135E+02  -3.87646E+00
  0.00000E+00   1.39326E+02  -4.03800E+00
  0.00000E+00   1.37741E+02  -4.19749E+00
  0.00000E+00   1.35560E+02  -4.34197E+00
  0.00000E+00   1.35953E+02  -4.35225E+00
  0.00000E+00   1.38064E+02  -4.25926E+00
  0.00000E+00   1.41019E+02  -4.28798E+00
  0.00000E+00   1.43900E+02  -4.60453E+00
  0.00000E+00   1.45164E+02  -4.57609E+00
  0.00000E+00   1.45181E+02  -4.91452E+00
  0.00000E+00   1.45648E+02  -5.22573E+00
  0.00000E+00   1.46496E+02  -5.41724E+00
  0.00000E+00   1.47633E+02  -5.51327E+00
  0.00000E+00   1.50342E+02  -5.60106E+00
  0.00000E+00   1.53829E+02  -5.79712E+00
  0.00000E+00   1.57036E+02  -5.81983E+00
  0.00000E+00   1.58677E+02  -6.01766E+00
  0.00000E+00   1.59763E+02  -6.04318E+00
  0.00000E+00   1.60279E+02  -6.07930E+00
  0.00000E+00   1.61643E+02  -6.17293E+00
  0.00000E+00   1.63512E+02  -6.13757E+00
  0.00000E+00   1.66205E+02  -6.18734E+00
  0.00000E+00   1.69416E+02  -6.08777E+00
  0.00000E+00   1.71469E+02  -6.19377E+00
  0.00000E+00   1.71692E+02  -6.33945E+00
  0.00000E+00   1.71723E+02  -6.44732E+00
  0.00000E+00   1.72796E+02  -6.58563E+00
  0.00000E+00   1.73997E+02  -6.72067E+00
  0.00000E+00   1.74807E+02  -6.85473E+00
  0.00000E+00   1.75100E+02  -7.06326E+00
  0.00000E+00   1.75771E+02  -7.19316E+00
  0.00000E+00   1.77097E+02  -7.17196E+00
  0.00000E+00   1.79522E+02  -7.11718E+00
  0.00000E+00   1.80641E+02  -6.95619E+00
  0.00000E+00   1.80210E+02  -7.01447E+00
  0.00000E+00   1.77882E+02  -7.00628E+00
  0.00000E+00   1.75713E+02  -7.07155E+00
  0.00000E+00   1.75163E+02  -7.19828E+00
  0.00000E+00   1.76121E+02  -7.62381E+00
  0.00000E+00   1.77894E+02  -7.88185E+00
  0.00000E+00   1.80081E+02  -8.41766E+00
  0.00000E+00   1.80657E+02  -8.38698E+00
  0.00000E+00   1.79643E+02  -8.28237E+00
  0.00000E+00   1.79264E+02  -8.25693E+00
  0.00000E+00   1.78315E+02  -8.43186E+00
  0.00000E+00   1.79619E+02  -8.33377E+00
  0.00000E+00   1.83179E+02  -8.44688E+00
  0.00000E+00   1.86533E+02  -8.37846E+00
  0.00000E+00   1.87999E+02  -8.26305E+00
  0.00000E+00   1.86177E+02  -8.07541E+00
  0.00000E+00   1.83887E+02  -8.00731E+00
  0.00000E+00   1.80678E+02  -8.00682E+00
  0.00000E+00   1.78677E+02  -7.73666E+00
  0.00000E+00   1.79226E+02  -7.41941E+00
  0.00000E+00   1.79137E+02  -7.39274E+00
  0.00000E+00   1.77714E+02  -7.43258E+00
  0.00000E+00   1.77183E+02  -7.43056E+00
  0.00000E+00   1.75609E+02  -7.28835E+00
  0.00000E+00   1.72881E+02  -7.12991E+00
  0.00000E+00   1.69705E+02  -6.92735E+00
  0.00000E+00   1.67118E+02  -6.85997E+00
  0.00000E+00   1.65602E+02  -6.91470E+00
  0.00000E+00   1.65133E+02  -7.07681E+00
  0.00000E+00   1.63579E+02  -6.83125E+00
  0.00000E+00   1.61821E+02  -6.60217E+00
  0.00000E+00   1.60256E+02  -6.30968E+00
  0.00000E+00   1.57363E+02  -6.19157E+00
  0.00000E+00   1.56241E+02  -6.05676E+00
  0.00000E+00   1.56226E+02  -5.97729E+00
  0.00000E+00   1.56944E+02  -6.19520E+00
  0.00000E+00   1.58528E+02  -6.25851E+00
  0.00000E+00   1.57964E+02  -6.18300E+00
  0.00000E+00   1.56517E+02  -6.20974E+00
  0.00000E+00   1.53567E+02  -6.15084E+00
  0.00000E+00   1.52066E+02  -6.08906E+00
  0.00000E+00   1.51528E+02  -6.17867E+00
  0.00000E+00   1.52198E+02  -6.06021E+00
  0.00000E+00   1.52134E+02  -5.84308E+00
  0.00000E+00   1.52949E+02  -5.59594E+00
  0.00000E+00   1.53401E+02  -5.62391E+00
  0.00000E+00   1.53434E+02  -5.38494E+00
  0.00000E+00   1.53047E+02  -5.28179E+00
  0.00000E+00   1.51317E+02  -5.10139E+00
  0.00000E+00   1.50740E+02  -4.96121E+00
  0.00000E+00   1.51452E+02  -4.81859E+00
  0.00000E+00   1.53115E+02  -4.71822E+00
  0.00000E+00   1.53770E+02  -4.65985E+00
  0.00000E+00   1.53897E+02  -4.53241E+00
  0.00000E+00   1.54180E+02  -4.52120E+00
  0.00000E+00   1.54010E+02  -4.32132E+00
  0.00000E+00   1.54365E+02  -4.19830E+00
  0.00000E+00   1.55204E+02  -3.98308E+00
  0.00000E+00   1.56091E+02  -3.81008E+00
  0.00000E+00   1.57523E+02  -3.66230E+00
  0.00000E+00   1.58727E+02  -3.60271E+00
  0.00000E+00   1.58887E+02  -3.55620E+00
  0.00000E+00   1.58024E+02  -3.47141E+00
  0.00000E+00   1.56615E+02  -3.34422E+00
  0.00000E+00   1.53646E+02  -3.17560E+00
  0.00000E+00   1.50432E+02  -2.83377E+00
  0.00000E+00   1.47436E+02  -2.61570E+00
  0.00000E+00   1.45734E+02  -2.49744E+00
  0.00000E+00   1.44777E+02  -2.43142E+00
  0.00000E+00   1.44505E+02  -2.28199E+00
  0.00000E+00   1.43628E+02  -2.47507E+00
  0.00000E+00   1.41958E+02  -2.44875E+00
  0.00000E+00   1.41151E+02  -2.47551E+00
  0.00000E+00   1.40351E+02  -2.47037E+00
  0.00000E+00   1.39533E+02  -2.34675E+00
  0.00000E+00   1.37819E+02  -2.33572E+00
  0.00000E+00   1.36726E+02  -2.19622E+00
  0.00000E+00   1.35459E+02  -2.01905E+00
  0.00000E+00   1.34349E+02  -1.79058E+00
  0.00000E+00   1.34183E+02  -1.88019E+00
  0.00000E+00   1.34289E+02  -2.11211E+00
  0.00000E+00   1.34534E+02  -2.22636E+00
  0.00000E+00   1.35053E+02  -2.07147E+00
  0.00000E+00   1.35351E+02  -2.07876E+00
  0.00000E+00   1.35230E+02  -1.92758E+00
  0.00000E+00   1.34345E+02  -1.46321E+00
  0.00000E+00   1.32844E+02  -1.12553E+00
  0.00000E+00   1.31697E+02  -8.08594E-01
  0.00000E+00   1.31120E+02  -6.34920E-01
  0.00000E+00   1.30358E+02  -5.57225E-01
  0.00000E+00   1.29457E+02  -7.01876E-01
  0.00000E+00   1.28753E+02  -6.71817E-01
  0.00000E+00   1.28421E+02  -6.48567E-01
  0.00000E+00   1.27856E+02  -5.26119E-01
  0.00000E+00   1.26906E+02  -2.77547E-01
  0.00000E+00   1.24992E+02   1.21465E-02
  0.00000E+00   1.22474E+02   2.90172E-01
  0.00000E+00   1.20638E+02   6.04660E-01
  0.00000E+00   1.18833E+02   6.25142E-01
  0.00000E+00   1.17259E+02   6.97571E-01
  0.00000E+00   1.15431E+02   8.58000E-01
  0.00000E+00   1.13437E+02   1.12584E+00
  0.00000E+00   1.11965E+02   1.13775E+00
  0.00000E+00   1.10874E+02   1.37774E+00
  0.00000E+00   1.09722E+02   1.30564E+00
  0.00000E+00   1.08416E+02   1.25416E+00
  0.00000E+00   1.06322E+02   1.22317E+00
  0.00000E+00   1.04589E+02   1.32671E+00
  0.00000E+00   1.03264E+02   1.41183E+00
  0.00000E+00   1.01240E+02   1.52621E+00
  0.00000E+00   9.97345E+01   1.75507E+00
  0.00000E+00   9.84888E+01   2.03884E+00
  0.00000E+00   9.74606E+01   2.08106E+00
  0.00000E+00   9.66243E+01   2.29161E+00
  0.00000E+00   9.54977E+01   2.60374E+00
  0.00000E+00   9.56594E+01   2.55409E+00
  0.00000E+00   9.65836E+01   2.75273E+00
  0.00000E+00   9.79337E+01   2.85551E+00
  0.00000E+00   9.88547E+01   2.70858E+00
  0.00000E+00   9.86053E+01   2.79833E+00
  0.00000E+00   9.90205E+01   2.85814E+00
  0.00000E+00   9.97091E+01   2.98823E+00
  0.00000E+00   1.00764E+02   3.30659E+00
  0.00000E+00   1.02107E+02   3.28468E+00
  0.00000E+00   1.03354E+02   3.41501E+00
  0.00000E+00   1.04660E+02   3.31760E+00
  0.00000E+00   1.05325E+02   2.97472E+00
  0.00000E+00   1.05241E+02   2.46980E+00
  0.00000E+00   1.04286E+02   2.15976E+00
  0.00000E+00   1.03354E+02   2.20995E+00
  0.00000E+00   1.03155E+02   2.20913E+00
  0.00000E+00   1.03288E+02   2.33095E+00
  0.00000E+00   1.03240E+02   2.38005E+00
  0.00000E+00   1.03011E+02   2.19207E+00
  0.00000E+00   1.03066E+02   2.11645E+00
  0.00000E+00   1.03627E+02   1.96677E+00
  0.00000E+00   1.04633E+02   1.76990E+00
  0.00000E+00   1.06061E+02   1.48442E+00
  0.00000E+00   1.07041E+02   1.27571E+00
  0.00000E+00   1.07073E+02   1.19040E+00
  0.00000E+00   1.06522E+02   1.20675E+00
  0.00000E+00   1.06075E+02   1.27868E+00
  0.00000E+00   1.06208E+02   1.16181E+00
  0.00000E+00   1.07102E+02   1.08347E+00
  0.00000E+00   1.07722E+02   9.82898E-01
  0.00000E+00   1.08139E+02   7.95470E-01
  0.00000E+00   1.08788E+02   7.85944E-01
  0.00000E+00   1.09465E+02   6.58396E-01
  0.00000E+00   1.10627E+02   4.83290E-01
  0.00000E+00   1.12011E+02   4.09658E-01
  0.00000E+00   1.11944E+02   3.54714E-01
  0.00000E+00   1.10955E+02   2.19845E-01
  0.00000E+00   1.09926E+02  -5.60329E-02
  0.00000E+00   1.09386E+02  -1.02400E-01
  0.00000E+00   1.10282E+02   8.02821E-02
  0.00000E+00   1.11721E+02   2.04527E-01
  0.00000E+00   1.12666E+02   2.83365E-01
  0.00000E+00   1.13111E+02   3.41068E-01
  0.00000E+00   1.13799E+02   2.94113E-01
  0.00000E+00   1.13494E+02   1.95242E-01
  0.00000E+00   1.12298E+02   1.47232E-01
  0.00000E+00   1.11393E+02   1.22695E-01
  0.00000E+00   1.11191E+02  -2.30304E-02
  0.00000E+00   1.12318E+02  -4.02262E-02
  0.00000E+00   1.13790E+02  -8.12184E-02
  0.00000E+00   1.15792E+02  -2.20482E-02
  0.00000E+00   1.17846E+02  -7.99115E-02
  0.00000E+00   1.18768E+02  -2.69448E-01
  0.00000E+00   1.19049E+02  -4.73862E-01
  0.00000E+00   1.18641E+02  -4.81542E-01
  0.00000E+00   1.18598E+02  -6.52323E-01
  0.00000E+00   1.19307E+02  -6.54908E-01
  0.00000E+00   1.20643E+02  -7.15301E-01
  0.00000E+00   1.21807E+02  -9.80408E-01
  0.00000E+00   1.23467E+02  -9.69258E-01
  0.00000E+00   1.24878E+02  -8.71506E-01
  0.00000E+00   1.25593E+02  -8.44799E-01
  0.00000E+00   1.25585E+02  -7.64044E-01
  0.00000E+00   1.25093E+02  -5.96182E-01
  0.00000E+00   1.25273E+02  -4.45213E-01
  0.00000E+00   1.25930E+02  -3.17398E-01
  0.00000E+00   1.26383E+02  -4.91443E-01
  0.00000E+00   1.27166E+02  -6.01433E-01
  0.00000E+00   1.27021E+02  -4.36418E-01
  0.00000E+00   1.26360E+02  -4.75634E-01
  0.00000E+00   1.26035E+02  -6.79628E-01
  0.00000E+00   1.26054E+02  -6.28490E-01
  0.00000E+00   1.27120E+02  -6.68279E-01
  0.00000E+00   1.28615E+02  -7.35649E-01
  0.00000E+00   1.29090E+02  -7.06540E-01
  0.00000E+00   1.27793E+02  -7.25986E-01
  0.00000E+00   1.25882E+02  -5.87174E-01
  0.00000E+00   1.25167E+02  -5.90758E-01
  0.00000E+00   1.24523E+02  -6.53687E-01
  0.00000E+00   1.23509E+02  -6.33856E-01
  0.00000E+00   1.21743E+02  -4.26353E-01
  0.00000E+00   1.20681E+02  -4.20680E-01
  0.00000E+00   1.19348E+02  -4.36880E-01
  0.00000E+00   1.17037E+02  -3.13139E-01
  0.00000E+00   1.15652E+02  -3.21517E-01
  0.00000E+00   1.14484E+02  -3.57019E-01
  0.00000E+00   1.13514E+02  -4.58792E-01
  0.00000E+00   1.13228E+02  -7.35206E-01
  0.00000E+00   1.13684E+02  -6.54781E-01
  0.00000E+00   1.13523E+02  -8.29256E-01
  0.00000E+00   1.11861E+02  -8.24752E-01
  0.00000E+00   1.09109E+02  -7.29126E-01
  0.00000E+00   1.06625E+02  -4.16358E-01
  0.00000E+00   1.04933E+02  -2.56298E-01
  0.00000E+00   1.04487E+02  -2.64385E-01
  0.00000E+00   1.03930E+02  -1.47567E-01
  0.00000E+00   1.03949E+02   1.41162E-01
  0.00000E+00   1.04269E+02   3.60366E-01
  0.00000E+00   1.04779E+02   4.56813E-01
  0.00000E+00   1.04479E+02   5.10904E-01
  0.00000E+00   1.04091E+02   7.45093E-01
  0.00000E+00   1.03512E+02   9.95974E-01
  0.00000E+00   1.03937E+02   1.16971E+00
  0.00000E+00   1.04602E+02   1.46363E+00
  0.00000E+00   1.05040E+02   1.72018E+00
  0.00000E+00   1.05448E+02   1.92921E+00
  0.00000E+00   1.05967E+02   2.07677E+00
  0.00000E+00   1.06737E+02   2.29629E+00
  0.00000E+00   1.08311E+02   2.40649E+00
  0.00000E+00   1.09804E+02   2.67549E+00
  0.00000E+00   1.11714E+02   2.85857E+00
  0.00000E+00   1.13552E+02   2.87322E+00
  0.00000E+00   1.13821E+02   2.82371E+00
  0.00000E+00   1.12776E+02   2.89539E+00
  0.00000E+00   1.11624E+02   2.98836E+00
  0.00000E+00   1.11017E+02   2.78549E+00
  0.00000E+00   1.11604E+02   2.64492E+00
  0.00000E+00   1.12508E+02   2.49329E+00
  0.00000E+00   1.13285E+02   2.45581E+00
  0.00000E+00   1.13621E+02   2.16037E+00
  0.00000E+00   1.14158E+02   1.94388E+00
  0.00000E+00   1.15346E+02   1.68350E+00
  0.00000E+00   1.16822E+02   1.63024E+00
  0.00000E+00   1.17445E+02   1.55844E+00
  0.00000E+00   1.17324E+02   1.72837E+00
  0.00000E+00   1.17007E+02   1.97149E+00
  0.00000E+00   1.16845E+02   2.28022E+00
  0.00000E+00   1.17089E+02   2.68265E+00
  0.00000E+00   1.17335E+02   3.13278E+00
  0.00000E+00   1.17418E+02   3.46703E+00
  0.00000E+00   1.16763E+02   3.47253E+00
  0.00000E+00   1.16097E+02   3.54919E+00
  0.00000E+00   1.14613E+02   3.59503E+00
  0.00000E+00   1.12494E+02   3.61672E+00
  0.00000E+00   1.11205E+02   3.61949E+00
  0.00000E+00   1.10856E+02   3.79806E+00
  0.00000E+00   1.11551E+02   3.90127E+00
  0.00000E+00   1.12974E+02   3.98966E+00
  0.00000E+00   1.13572E+02   4.00998E+00
  0.00000E+00   1.13725E+02   4.08982E+00
  0.00000E+00   1.13199E+02   3.88819E+00
  0.00000E+00   1.12363E+02   3.75386E+00
  0.00000E+00   1.11265E+02   3.63708E+00
  0.00000E+00   1.10684E+02   3.52718E+00
  0.00000E+00   1.10316E+02   3.47786E+00
  0.00000E+00   1.09583E+02   3.51649E+00
  0.00000E+00   1.09357E+02   3.42510E+00
  0.00000E+00   1.09407E+02   3.26031E+00
  0.00000E+00   1.09946E+02   3.16154E+00
