  0.00000E+00  -4.25984E-03  -6.43625E-06
  0.00000E+00  -3.44562E-03  -6.56247E-06
  0.00000E+00  -2.21436E-03  -1.23034E-05
  0.00000E+00  -1.44508E-03  -1.74479E-05
  0.00000E+00  -9.36574E-04  -1.94829E-05
  0.00000E+00  -5.90682E-04  -1.87713E-05
  0.00000E+00  -3.58053E-04  -1.62023E-05
  0.00000E+00  -2.00337E-04  -1.31432E-05
  0.00000E+00  -9.21549E-05  -9.91660E-06
  0.00000E+00  -1.92863E-05  -7.01125E-06
  0.00000E+00   2.97958E-05  -4.56648E-06
  0.00000E+00   6.28147E-05  -2.52682E-06
  0.00000E+00   8.52207E-05  -8.25506E-07
  0.00000E+00   1.00566E-04   5.36988E-07
  0.00000E+00   1.11355E-04   1.60796E-06
  0.00000E+00   1.18955E-04   2.43239E-06
  0.00000E+00   1.24485E-04   3.07106E-06
  0.00000E+00   1.28863E-04   3.58260E-06
  0.00000E+00   1.32636E-04   3.96743E-06
  0.00000E+00   1.35606E-04   4.28422E-06
  0.00000E+00   1.38824E-04   4.56146E-06
  0.00000E+00   1.40832E-04   4.76836E-06
  0.00000E+00   1.43349E-04   4.99578E-06
  0.00000E+00   1.44593E-04   5.12510E-06
  0.00000E+00   1.46540E-04   5.31321E-06
  0.00000E+00   1.48036E-04   5.45116E-06
  0.00000E+00   1.48885E-04   5.56087E-06
  0.00000E+00   1.50828E-04   5.68446E-06
  0.00000E+00   1.51811E-04   5.75488E-06
  0.00000E+00   1.52570E-04   5.79785E-06
  0.00000E+00   1.54036E-04   5.83108E-06
  0.00000E+00   1.55032E-04   5.83362E-06
  0.00000E+00   1.55762E-04   5.80523E-06
  0.00000E+00   1.56961E-04   5.78186E-06
  0.00000E+00   1.58078E-04   5.73423E-06
  0.00000E+00   1.59028E-04   5.66568E-06
  0.00000E+00   1.59979E-04   5.57574E-06
  0.00000E+00   1.61070E-04   5.48061E-06
  0.00000E+00   1.62240E-04   5.37289E-06
  0.00000E+00   1.63373E-04   5.24866E-06
  0.00000E+00   1.64488E-04   5.11737E-06
  0.00000E+00   1.65636E-04   4.98280E-06
  0.00000E+00   1.66868E-04   4.84597E-06
  0.00000E+00   1.68117E-04   4.71323E-06
  0.00000E+00   1.69408E-04   4.58189E-06
  0.00000E+00   1.70764E-04   4.45253E-06
  0.00000E+00   1.72148E-04   4.32668E-06
  0.00000E+00   1.73574E-04   4.20161E-06
  0.00000E+00   1.75027E-04   4.07908E-06
  0.00000E+00   1.76491E-04   3.95970E-06
  0.00000E+00   1.78002E-04   3.84356E-06
  0.00000E+00   1.79542E-04   3.73208E-06
  0.00000E+00   1.81120E-04   3.62651E-06
  0.00000E+00   1.82732E-04   3.52536E-06
  0.00000E+00   1.84380E-04   3.42928E-06
  0.00000E+00   1.86063E-04   3.33916E-06
  0.00000E+00   1.87775E-04   3.25493E-06
  0.00000E+00   1.89522E-04   3.17656E-06
  0.00000E+00   1.91313E-04   3.10425E-06
  0.00000E+00   1.93137E-04   3.03770E-06
  0.00000E+00   1.94995E-04   2.97638E-06
  0.00000E+00   1.96890E-04   2.91989E-06
  0.00000E+00   1.98821E-04   2.86810E-06
  0.00000E+00   2.00788E-04   2.82065E-06
  0.00000E+00   2.02780E-04   2.77728E-06
  0.00000E+00   2.04803E-04   2.73823E-06
  0.00000E+00   2.06862E-04   2.70320E-06
  0.00000E+00   2.08956E-04   2.67201E-06
  0.00000E+00   2.11084E-04   2.64447E-06
  0.00000E+00   2.13251E-04   2.62015E-06
  0.00000E+00   2.15453E-04   2.59861E-06
  0.00000E+00   2.17690E-04   2.57964E-06
  0.00000E+00   2.19965E-04   2.56301E-06
  0.00000E+00   2.22277E-04   2.54858E-06
  0.00000E+00   2.24627E-04   2.53637E-06
  0.00000E+00   2.27015E-04   2.52642E-06
  0.00000E+00   2.29442E-04   2.51875E-06
  0.00000E+00   2.31910E-04   2.51336E-06
  0.00000E+00   2.34420E-04   2.51016E-06
  0.00000E+00   2.36975E-04   2.50899E-06
  0.00000E+00   2.39580E-04   2.50962E-06
  0.00000E+00   2.42237E-04   2.51178E-06
  0.00000E+00   2.44948E-04   2.51524E-06
  0.00000E+00   2.47717E-04   2.51975E-06
  0.00000E+00   2.50541E-04   2.52510E-06
  0.00000E+00   2.53417E-04   2.53113E-06
  0.00000E+00   2.56340E-04   2.53779E-06
  0.00000E+00   2.59304E-04   2.54509E-06
  0.00000E+00   2.62304E-04   2.55304E-06
  0.00000E+00   2.65334E-04   2.56168E-06
  0.00000E+00   2.68394E-04   2.57110E-06
  0.00000E+00   2.71485E-04   2.58133E-06
  0.00000E+00   2.74614E-04   2.59231E-06
  0.00000E+00   2.77790E-04   2.60404E-06
  0.00000E+00   2.81019E-04   2.61651E-06
  0.00000E+00   2.84313E-04   2.62966E-06
  0.00000E+00   2.87677E-04   2.64336E-06
  0.00000E+00   2.91117E-04   2.65760E-06
  0.00000E+00   2.94633E-04   2.67238E-06
  0.00000E+00   2.98223E-04   2.68767E-06
  0.00000E+00   3.01887E-04   2.70350E-06
  0.00000E+00   3.05620E-04   2.71990E-06
  0.00000E+00   3.09419E-04   2.73694E-06
  0.00000E+00   3.13282E-04   2.75470E-06
  0.00000E+00   3.17211E-04   2.77322E-06
  0.00000E+00   3.21204E-04   2.79257E-06
  0.00000E+00   3.25262E-04   2.81277E-06
  0.00000E+00   3.29386E-04   2.83385E-06
  0.00000E+00   3.33577E-04   2.85580E-06
  0.00000E+00   3.37831E-04   2.87865E-06
  0.00000E+00   3.42150E-04   2.90240E-06
  0.00000E+00   3.46532E-04   2.92708E-06
  0.00000E+00   3.50979E-04   2.95272E-06
  0.00000E+00   3.55493E-04   2.97938E-06
  0.00000E+00   3.60081E-04   3.00708E-06
  0.00000E+00   3.64749E-04   3.03589E-06
  0.00000E+00   3.69504E-04   3.06586E-06
  0.00000E+00   3.74351E-04   3.09702E-06
  0.00000E+00   3.79295E-04   3.12940E-06
  0.00000E+00   3.84337E-04   3.16303E-06
  0.00000E+00   3.89477E-04   3.19796E-06
  0.00000E+00   3.94713E-04   3.23425E-06
  0.00000E+00   4.00040E-04   3.27195E-06
  0.00000E+00   4.05457E-04   3.31110E-06
  0.00000E+00   4.10961E-04   3.35174E-06
  0.00000E+00   4.16553E-04   3.39390E-06
  0.00000E+00   4.22233E-04   3.43756E-06
  0.00000E+00   4.28007E-04   3.48274E-06
  0.00000E+00   4.33877E-04   3.52942E-06
  0.00000E+00   4.39847E-04   3.57757E-06
  0.00000E+00   4.45922E-04   3.62716E-06
  0.00000E+00   4.52104E-04   3.67815E-06
  0.00000E+00   4.58395E-04   3.73052E-06
  0.00000E+00   4.64797E-04   3.78424E-06
  0.00000E+00   4.71311E-04   3.83930E-06
  0.00000E+00   4.77939E-04   3.89568E-06
  0.00000E+00   4.84681E-04   3.95339E-06
  0.00000E+00   4.91540E-04   4.01243E-06
  0.00000E+00   4.98516E-04   4.07281E-06
  0.00000E+00   5.05612E-04   4.13455E-06
  0.00000E+00   5.12830E-04   4.19765E-06
  0.00000E+00   5.20171E-04   4.26216E-06
  0.00000E+00   5.27636E-04   4.32807E-06
  0.00000E+00   5.35228E-04   4.39541E-06
  0.00000E+00   5.42948E-04   4.46421E-06
  0.00000E+00   5.50798E-04   4.53449E-06
  0.00000E+00   5.58780E-04   4.60628E-06
  0.00000E+00   5.66896E-04   4.67958E-06
  0.00000E+00   5.75148E-04   4.75439E-06
  0.00000E+00   5.83538E-04   4.83071E-06
  0.00000E+00   5.92068E-04   4.90855E-06
  0.00000E+00   6.00741E-04   4.98790E-06
  0.00000E+00   6.09558E-04   5.06874E-06
  0.00000E+00   6.18522E-04   5.15102E-06
  0.00000E+00   6.27635E-04   5.23470E-06
  0.00000E+00   6.36899E-04   5.31974E-06
  0.00000E+00   6.46317E-04   5.40607E-06
  0.00000E+00   6.55890E-04   5.49362E-06
  0.00000E+00   6.65621E-04   5.58232E-06
  0.00000E+00   6.75513E-04   5.67208E-06
  0.00000E+00   6.85568E-04   5.76279E-06
  0.00000E+00   6.95790E-04   5.85436E-06
  0.00000E+00   7.06183E-04   5.94666E-06
  0.00000E+00   7.16749E-04   6.03959E-06
  0.00000E+00   7.27494E-04   6.13300E-06
  0.00000E+00   7.38421E-04   6.22677E-06
  0.00000E+00   7.49535E-04   6.32076E-06
  0.00000E+00   7.60838E-04   6.41483E-06
  0.00000E+00   7.72335E-04   6.50883E-06
  0.00000E+00   7.84031E-04   6.60262E-06
  0.00000E+00   7.95928E-04   6.69608E-06
  0.00000E+00   8.08032E-04   6.78908E-06
  0.00000E+00   8.20345E-04   6.88152E-06
  0.00000E+00   8.32873E-04   6.97330E-06
  0.00000E+00   8.45618E-04   7.06434E-06
  0.00000E+00   8.58586E-04   7.15454E-06
  0.00000E+00   8.71780E-04   7.24384E-06
  0.00000E+00   8.85204E-04   7.33219E-06
  0.00000E+00   8.98863E-04   7.41956E-06
  0.00000E+00   9.12762E-04   7.50593E-06
  0.00000E+00   9.26905E-04   7.59132E-06
  0.00000E+00   9.41297E-04   7.67576E-06
  0.00000E+00   9.55944E-04   7.75931E-06
  0.00000E+00   9.70850E-04   7.84204E-06
  0.00000E+00   9.86021E-04   7.92405E-06
  0.00000E+00   1.00146E-03   8.00543E-06
  0.00000E+00   1.01717E-03   8.08630E-06
  0.00000E+00   1.03316E-03   8.16678E-06
  0.00000E+00   1.04944E-03   8.24701E-06
  0.00000E+00   1.06600E-03   8.32716E-06
  0.00000E+00   1.08285E-03   8.40742E-06
  0.00000E+00   1.09999E-03   8.48798E-06
  0.00000E+00   1.11744E-03   8.56903E-06
  0.00000E+00   1.13520E-03   8.65077E-06
  0.00000E+00   1.15326E-03   8.73340E-06
  0.00000E+00   1.17164E-03   8.81710E-06
  0.00000E+00   1.19033E-03   8.90205E-06
  0.00000E+00   1.20935E-03   8.98844E-06
  0.00000E+00   1.22870E-03   9.07644E-06
  0.00000E+00   1.24837E-03   9.16624E-06
  0.00000E+00   1.26838E-03   9.25804E-06
  0.00000E+00   1.28873E-03   9.35199E-06
  0.00000E+00   1.30943E-03   9.44827E-06
  0.00000E+00   1.33048E-03   9.54702E-06
  0.00000E+00   1.35188E-03   9.64838E-06
  0.00000E+00   1.37363E-03   9.75250E-06
  0.00000E+00   1.39575E-03   9.85947E-06
  0.00000E+00   1.41824E-03   9.96944E-06
  0.00000E+00   1.44110E-03   1.00825E-05
  0.00000E+00   1.46434E-03   1.01988E-05
  0.00000E+00   1.48796E-03   1.03184E-05
  0.00000E+00   1.51196E-03   1.04414E-05
  0.00000E+00   1.53637E-03   1.05678E-05
  0.00000E+00   1.56117E-03   1.06979E-05
  0.00000E+00   1.58638E-03   1.08315E-05
  0.00000E+00   1.61200E-03   1.09689E-05
  0.00000E+00   1.63804E-03   1.11100E-05
  0.00000E+00   1.66450E-03   1.12549E-05
  0.00000E+00   1.69140E-03   1.14037E-05
  0.00000E+00   1.71873E-03   1.15565E-05
  0.00000E+00   1.74652E-03   1.17133E-05
  0.00000E+00   1.77475E-03   1.18741E-05
  0.00000E+00   1.80345E-03   1.20391E-05
  0.00000E+00   1.83262E-03   1.22082E-05
  0.00000E+00   1.86227E-03   1.23815E-05
  0.00000E+00   1.89241E-03   1.25591E-05
  0.00000E+00   1.92305E-03   1.27410E-05
  0.00000E+00   1.95419E-03   1.29274E-05
  0.00000E+00   1.98585E-03   1.31182E-05
  0.00000E+00   2.01804E-03   1.33135E-05
  0.00000E+00   2.05077E-03   1.35134E-05
  0.00000E+00   2.08404E-03   1.37179E-05
  0.00000E+00   2.11788E-03   1.39271E-05
  0.00000E+00   2.15228E-03   1.41411E-05
  0.00000E+00   2.18727E-03   1.43599E-05
  0.00000E+00   2.22286E-03   1.45836E-05
  0.00000E+00   2.25905E-03   1.48122E-05
  0.00000E+00   2.29586E-03   1.50459E-05
  0.00000E+00   2.33331E-03   1.52847E-05
  0.00000E+00   2.37141E-03   1.55287E-05
  0.00000E+00   2.41017E-03   1.57779E-05
  0.00000E+00   2.44961E-03   1.60325E-05
  0.00000E+00   2.48974E-03   1.62924E-05
  0.00000E+00   2.53058E-03   1.65577E-05
  0.00000E+00   2.57215E-03   1.68286E-05
  0.00000E+00   2.61446E-03   1.71050E-05
  0.00000E+00   2.65752E-03   1.73871E-05
  0.00000E+00   2.70137E-03   1.76749E-05
  0.00000E+00   2.74600E-03   1.79685E-05
  0.00000E+00   2.79145E-03   1.82679E-05
  0.00000E+00   2.83774E-03   1.85732E-05
  0.00000E+00   2.88487E-03   1.88844E-05
  0.00000E+00   2.93288E-03   1.92015E-05
  0.00000E+00   2.98178E-03   1.95245E-05
  0.00000E+00   3.03159E-03   1.98535E-05
  0.00000E+00   3.08234E-03   2.01885E-05
  0.00000E+00   3.13405E-03   2.05294E-05
  0.00000E+00   3.18673E-03   2.08761E-05
  0.00000E+00   3.24042E-03   2.12287E-05
  0.00000E+00   3.29513E-03   2.15870E-05
  0.00000E+00   3.35089E-03   2.19511E-05
  0.00000E+00   3.40772E-03   2.23207E-05
  0.00000E+00   3.46565E-03   2.26959E-05
  0.00000E+00   3.52469E-03   2.30765E-05
  0.00000E+00   3.58487E-03   2.34624E-05
  0.00000E+00   3.64622E-03   2.38536E-05
  0.00000E+00   3.70876E-03   2.42499E-05
  0.00000E+00   3.77250E-03   2.46513E-05
  0.00000E+00   3.83749E-03   2.50578E-05
  0.00000E+00   3.90373E-03   2.54693E-05
  0.00000E+00   3.97126E-03   2.58859E-05
  0.00000E+00   4.04010E-03   2.63077E-05
  0.00000E+00   4.11027E-03   2.67348E-05
  0.00000E+00   4.18180E-03   2.71673E-05
  0.00000E+00   4.25471E-03   2.76056E-05
  0.00000E+00   4.32903E-03   2.80499E-05
  0.00000E+00   4.40477E-03   2.85007E-05
  0.00000E+00   4.48198E-03   2.89582E-05
  0.00000E+00   4.56067E-03   2.94231E-05
  0.00000E+00   4.64088E-03   2.98958E-05
  0.00000E+00   4.72262E-03   3.03771E-05
  0.00000E+00   4.80593E-03   3.08675E-05
  0.00000E+00   4.89083E-03   3.13678E-05
  0.00000E+00   4.97736E-03   3.18786E-05
  0.00000E+00   5.06554E-03   3.24008E-05
  0.00000E+00   5.15540E-03   3.29350E-05
  0.00000E+00   5.24699E-03   3.34820E-05
  0.00000E+00   5.34032E-03   3.40425E-05
  0.00000E+00   5.43544E-03   3.46171E-05
  0.00000E+00   5.53237E-03   3.52064E-05
  0.00000E+00   5.63116E-03   3.58110E-05
  0.00000E+00   5.73184E-03   3.64312E-05
  0.00000E+00   5.83445E-03   3.70676E-05
  0.00000E+00   5.93902E-03   3.77202E-05
  0.00000E+00   6.04560E-03   3.83893E-05
  0.00000E+00   6.15423E-03   3.90749E-05
  0.00000E+00   6.26495E-03   3.97769E-05
  0.00000E+00   6.37781E-03   4.04951E-05
  0.00000E+00   6.49284E-03   4.12291E-05
  0.00000E+00   6.61010E-03   4.19785E-05
  0.00000E+00   6.72963E-03   4.27429E-05
  0.00000E+00   6.85148E-03   4.35215E-05
  0.00000E+00   6.97570E-03   4.43136E-05
  0.00000E+00   7.10235E-03   4.51184E-05
  0.00000E+00   7.23146E-03   4.59351E-05
  0.00000E+00   7.36310E-03   4.67627E-05
  0.00000E+00   7.49732E-03   4.76004E-05
  0.00000E+00   7.63418E-03   4.84472E-05
  0.00000E+00   7.77373E-03   4.93022E-05
  0.00000E+00   7.91602E-03   5.01644E-05
  0.00000E+00   8.06113E-03   5.10330E-05
  0.00000E+00   8.20911E-03   5.19071E-05
  0.00000E+00   8.36001E-03   5.27860E-05
  0.00000E+00   8.51391E-03   5.36689E-05
  0.00000E+00   8.67086E-03   5.45552E-05
  0.00000E+00   8.83093E-03   5.54444E-05
  0.00000E+00   8.99418E-03   5.63360E-05
  0.00000E+00   9.16068E-03   5.72298E-05
  0.00000E+00   9.33049E-03   5.81255E-05
  0.00000E+00   9.50369E-03   5.90231E-05
  0.00000E+00   9.68033E-03   5.99225E-05
  0.00000E+00   9.86049E-03   6.08239E-05
  0.00000E+00   1.00442E-02   6.17275E-05
  0.00000E+00   1.02316E-02   6.26337E-05
  0.00000E+00   1.04228E-02   6.35430E-05
  0.00000E+00   1.06177E-02   6.44560E-05
  0.00000E+00   1.08165E-02   6.53733E-05
  0.00000E+00   1.10192E-02   6.62960E-05
  0.00000E+00   1.12259E-02   6.72248E-05
  0.00000E+00   1.14368E-02   6.81607E-05
  0.00000E+00   1.16518E-02   6.91050E-05
  0.00000E+00   1.18710E-02   7.00587E-05
  0.00000E+00   1.20946E-02   7.10231E-05
  0.00000E+00   1.23226E-02   7.19996E-05
  0.00000E+00   1.25550E-02   7.29894E-05
  0.00000E+00   1.27920E-02   7.39941E-05
  0.00000E+00   1.30337E-02   7.50150E-05
  0.00000E+00   1.32801E-02   7.60536E-05
  0.00000E+00   1.35314E-02   7.71112E-05
  0.00000E+00   1.37876E-02   7.81893E-05
  0.00000E+00   1.40488E-02   7.92892E-05
  0.00000E+00   1.43152E-02   8.04121E-05
  0.00000E+00   1.45868E-02   8.15593E-05
  0.00000E+00   1.48638E-02   8.27318E-05
  0.00000E+00   1.51462E-02   8.39306E-05
  0.00000E+00   1.54343E-02   8.51565E-05
  0.00000E+00   1.57280E-02   8.64104E-05
  0.00000E+00   1.60276E-02   8.76927E-05
  0.00000E+00   1.63332E-02   8.90038E-05
  0.00000E+00   1.66449E-02   9.03440E-05
  0.00000E+00   1.69628E-02   9.17134E-05
  0.00000E+00   1.72872E-02   9.31120E-05
  0.00000E+00   1.76181E-02   9.45394E-05
  0.00000E+00   1.79557E-02   9.59955E-05
  0.00000E+00   1.83002E-02   9.74798E-05
  0.00000E+00   1.86518E-02   9.89917E-05
  0.00000E+00   1.90105E-02   1.00531E-04
  0.00000E+00   1.93766E-02   1.02097E-04
  0.00000E+00   1.97503E-02   1.03688E-04
  0.00000E+00   2.01318E-02   1.05306E-04
  0.00000E+00   2.05212E-02   1.06948E-04
  0.00000E+00   2.09186E-02   1.08615E-04
  0.00000E+00   2.13244E-02   1.10307E-04
  0.00000E+00   2.17387E-02   1.12023E-04
  0.00000E+00   2.21616E-02   1.13764E-04
  0.00000E+00   2.25935E-02   1.15531E-04
  0.00000E+00   2.30344E-02   1.17324E-04
  0.00000E+00   2.34846E-02   1.19145E-04
  0.00000E+00   2.39442E-02   1.20994E-04
  0.00000E+00   2.44136E-02   1.22874E-04
  0.00000E+00   2.48928E-02   1.24786E-04
  0.00000E+00   2.53821E-02   1.26733E-04
  0.00000E+00   2.58818E-02   1.28716E-04
  0.00000E+00   2.63920E-02   1.30739E-04
  0.00000E+00   2.69129E-02   1.32804E-04
  0.00000E+00   2.74448E-02   1.34914E-04
  0.00000E+00   2.79879E-02   1.37072E-04
  0.00000E+00   2.85425E-02   1.39281E-04
  0.00000E+00   2.91088E-02   1.41542E-04
  0.00000E+00   2.96870E-02   1.43859E-04
  0.00000E+00   3.02773E-02   1.46234E-04
  0.00000E+00   3.08802E-02   1.48667E-04
  0.00000E+00   3.14957E-02   1.51161E-04
  0.00000E+00   3.21243E-02   1.53717E-04
  0.00000E+00   3.27661E-02   1.56333E-04
  0.00000E+00   3.34216E-02   1.59011E-04
  0.00000E+00   3.40909E-02   1.61748E-04
  0.00000E+00   3.47744E-02   1.64543E-04
  0.00000E+00   3.54724E-02   1.67394E-04
  0.00000E+00   3.61852E-02   1.70298E-04
  0.00000E+00   3.69132E-02   1.73251E-04
  0.00000E+00   3.76566E-02   1.76251E-04
  0.00000E+00   3.84158E-02   1.79292E-04
  0.00000E+00   3.91912E-02   1.82372E-04
  0.00000E+00   3.99830E-02   1.85485E-04
  0.00000E+00   4.07916E-02   1.88630E-04
  0.00000E+00   4.16172E-02   1.91802E-04
  0.00000E+00   4.24603E-02   1.94999E-04
  0.00000E+00   4.33212E-02   1.98219E-04
  0.00000E+00   4.42001E-02   2.01462E-04
  0.00000E+00   4.50973E-02   2.04727E-04
  0.00000E+00   4.60132E-02   2.08015E-04
  0.00000E+00   4.69481E-02   2.11329E-04
  0.00000E+00   4.79022E-02   2.14672E-04
  0.00000E+00   4.88759E-02   2.18047E-04
  0.00000E+00   4.98694E-02   2.21460E-04
  0.00000E+00   5.08830E-02   2.24917E-04
  0.00000E+00   5.19170E-02   2.28424E-04
  0.00000E+00   5.29717E-02   2.31987E-04
  0.00000E+00   5.40473E-02   2.35613E-04
  0.00000E+00   5.51441E-02   2.39309E-04
  0.00000E+00   5.62624E-02   2.43082E-04
  0.00000E+00   5.74025E-02   2.46937E-04
  0.00000E+00   5.85647E-02   2.50880E-04
  0.00000E+00   5.97493E-02   2.54915E-04
  0.00000E+00   6.09565E-02   2.59044E-04
  0.00000E+00   6.21866E-02   2.63268E-04
  0.00000E+00   6.34400E-02   2.67588E-04
  0.00000E+00   6.47169E-02   2.72001E-04
  0.00000E+00   6.60177E-02   2.76502E-04
  0.00000E+00   6.73426E-02   2.81085E-04
  0.00000E+00   6.86920E-02   2.85740E-04
  0.00000E+00   7.00661E-02   2.90458E-04
  0.00000E+00   7.14653E-02   2.95226E-04
  0.00000E+00   7.28899E-02   3.00030E-04
  0.00000E+00   7.43402E-02   3.04855E-04
  0.00000E+00   7.58165E-02   3.09686E-04
  0.00000E+00   7.73192E-02   3.14508E-04
  0.00000E+00   7.88484E-02   3.19306E-04
  0.00000E+00   8.04046E-02   3.24067E-04
  0.00000E+00   8.19881E-02   3.28781E-04
  0.00000E+00   8.35993E-02   3.33437E-04
  0.00000E+00   8.52383E-02   3.38032E-04
  0.00000E+00   8.69057E-02   3.42562E-04
  0.00000E+00   8.86018E-02   3.47029E-04
  0.00000E+00   9.03269E-02   3.51437E-04
  0.00000E+00   9.20815E-02   3.55794E-04
  0.00000E+00   9.38659E-02   3.60111E-04
  0.00000E+00   9.56807E-02   3.64401E-04
  0.00000E+00   9.75264E-02   3.68677E-04
  0.00000E+00   9.94033E-02   3.72955E-04
  0.00000E+00   1.01312E-01   3.77247E-04
  0.00000E+00   1.03254E-01   3.81564E-04
  0.00000E+00   1.05228E-01   3.85914E-04
  0.00000E+00   1.07236E-01   3.90300E-04
  0.00000E+00   1.09279E-01   3.94717E-04
  0.00000E+00   1.11357E-01   3.99156E-04
  0.00000E+00   1.13470E-01   4.03598E-04
  0.00000E+00   1.15621E-01   4.08021E-04
  0.00000E+00   1.17809E-01   4.12394E-04
  0.00000E+00   1.20036E-01   4.16680E-04
  0.00000E+00   1.22302E-01   4.20840E-04
  0.00000E+00   1.24608E-01   4.24832E-04
  0.00000E+00   1.26956E-01   4.28614E-04
  0.00000E+00   1.29345E-01   4.32146E-04
  0.00000E+00   1.31778E-01   4.35392E-04
  0.00000E+00   1.34255E-01   4.38324E-04
  0.00000E+00   1.36776E-01   4.40921E-04
  0.00000E+00   1.39343E-01   4.43175E-04
  0.00000E+00   1.41957E-01   4.45089E-04
  0.00000E+00   1.44619E-01   4.46681E-04
  0.00000E+00   1.47328E-01   4.47982E-04
  0.00000E+00   1.50087E-01   4.49039E-04
  0.00000E+00   1.52895E-01   4.49909E-04
  0.00000E+00   1.55753E-01   4.50657E-04
  0.00000E+00   1.58663E-01   4.51357E-04
  0.00000E+00   1.61624E-01   4.52081E-04
  0.00000E+00   1.64637E-01   4.52898E-04
  0.00000E+00   1.67704E-01   4.53867E-04
  0.00000E+00   1.70823E-01   4.55032E-04
  0.00000E+00   1.73997E-01   4.56420E-04
  0.00000E+00   1.77225E-01   4.58036E-04
  0.00000E+00   1.80508E-01   4.59864E-04
  0.00000E+00   1.83848E-01   4.61870E-04
  0.00000E+00   1.87244E-01   4.64005E-04
  0.00000E+00   1.90698E-01   4.66210E-04
  0.00000E+00   1.94210E-01   4.68425E-04
  0.00000E+00   1.97782E-01   4.70595E-04
  0.00000E+00   2.01414E-01   4.72675E-04
  0.00000E+00   2.05108E-01   4.74639E-04
  0.00000E+00   2.08865E-01   4.76483E-04
  0.00000E+00   2.12686E-01   4.78227E-04
  0.00000E+00   2.16571E-01   4.79922E-04
  0.00000E+00   2.20522E-01   4.81639E-04
  0.00000E+00   2.24541E-01   4.83479E-04
  0.00000E+00   2.28627E-01   4.85555E-04
  0.00000E+00   2.32783E-01   4.87993E-04
  0.00000E+00   2.37008E-01   4.90919E-04
  0.00000E+00   2.41303E-01   4.94445E-04
  0.00000E+00   2.45670E-01   4.98659E-04
  0.00000E+00   2.50108E-01   5.03615E-04
  0.00000E+00   2.54619E-01   5.09320E-04
  0.00000E+00   2.59202E-01   5.15729E-04
  0.00000E+00   2.63857E-01   5.22744E-04
  0.00000E+00   2.68586E-01   5.30218E-04
  0.00000E+00   2.73388E-01   5.37966E-04
  0.00000E+00   2.78264E-01   5.45778E-04
  0.00000E+00   2.83214E-01   5.53442E-04
  0.00000E+00   2.88238E-01   5.60762E-04
  0.00000E+00   2.93336E-01   5.67577E-04
  0.00000E+00   2.98510E-01   5.73780E-04
  0.00000E+00   3.03759E-01   5.79325E-04
  0.00000E+00   3.09084E-01   5.84229E-04
  0.00000E+00   3.14486E-01   5.88567E-04
  0.00000E+00   3.19964E-01   5.92467E-04
  0.00000E+00   3.25519E-01   5.96096E-04
  0.00000E+00   3.31151E-01   5.99655E-04
  0.00000E+00   3.36862E-01   6.03363E-04
  0.00000E+00   3.42650E-01   6.07451E-04
  0.00000E+00   3.48516E-01   6.12140E-04
  0.00000E+00   3.54460E-01   6.17628E-04
  0.00000E+00   3.60481E-01   6.24064E-04
  0.00000E+00   3.66580E-01   6.31523E-04
  0.00000E+00   3.72756E-01   6.39982E-04
  0.00000E+00   3.79007E-01   6.49305E-04
  0.00000E+00   3.85333E-01   6.59227E-04
  0.00000E+00   3.91734E-01   6.69359E-04
  0.00000E+00   3.98208E-01   6.79199E-04
  0.00000E+00   4.04754E-01   6.88151E-04
  0.00000E+00   4.11371E-01   6.95566E-04
  0.00000E+00   4.18060E-01   7.00778E-04
  0.00000E+00   4.24818E-01   7.03157E-04
  0.00000E+00   4.31646E-01   7.02156E-04
  0.00000E+00   4.38542E-01   6.97356E-04
  0.00000E+00   4.45508E-01   6.88514E-04
  0.00000E+00   4.52543E-01   6.75590E-04
  0.00000E+00   4.59647E-01   6.58783E-04
  0.00000E+00   4.66819E-01   6.38553E-04
  0.00000E+00   4.74061E-01   6.15629E-04
  0.00000E+00   4.81372E-01   5.91011E-04
  0.00000E+00   4.88753E-01   5.65960E-04
  0.00000E+00   4.96203E-01   5.41957E-04
  0.00000E+00   5.03723E-01   5.20653E-04
  0.00000E+00   5.11315E-01   5.03779E-04
  0.00000E+00   5.18978E-01   4.93040E-04
  0.00000E+00   5.26714E-01   4.89970E-04
  0.00000E+00   5.34525E-01   4.95775E-04
  0.00000E+00   5.42412E-01   5.11151E-04
  0.00000E+00   5.50380E-01   5.36122E-04
  0.00000E+00   5.58431E-01   5.69921E-04
  0.00000E+00   5.66569E-01   6.10975E-04
  0.00000E+00   5.74798E-01   6.57022E-04
  0.00000E+00   5.83124E-01   7.05372E-04
  0.00000E+00   5.91550E-01   7.53296E-04
  0.00000E+00   6.00083E-01   7.98442E-04
  0.00000E+00   6.08727E-01   8.39224E-04
  0.00000E+00   6.17487E-01   8.75076E-04
  0.00000E+00   6.26368E-01   9.06547E-04
  0.00000E+00   6.35373E-01   9.35203E-04
  0.00000E+00   6.44505E-01   9.63365E-04
  0.00000E+00   6.53765E-01   9.93757E-04
  0.00000E+00   6.63154E-01   1.02910E-03
  0.00000E+00   6.72672E-01   1.07170E-03
  0.00000E+00   6.82318E-01   1.12309E-03
  0.00000E+00   6.92089E-01   1.18368E-03
  0.00000E+00   7.01985E-01   1.25266E-03
  0.00000E+00   7.12004E-01   1.32804E-03
  0.00000E+00   7.22146E-01   1.40689E-03
  0.00000E+00   7.32409E-01   1.48576E-03
  0.00000E+00   7.42796E-01   1.56112E-03
  0.00000E+00   7.53308E-01   1.62981E-03
  0.00000E+00   7.63949E-01   1.68935E-03
  0.00000E+00   7.74721E-01   1.73804E-03
  0.00000E+00   7.85629E-01   1.77505E-03
  0.00000E+00   7.96677E-01   1.80028E-03
  0.00000E+00   8.07869E-01   1.81428E-03
  0.00000E+00   8.19209E-01   1.81805E-03
  0.00000E+00   8.30700E-01   1.81285E-03
  0.00000E+00   8.42345E-01   1.80011E-03
  0.00000E+00   8.54146E-01   1.78144E-03
  0.00000E+00   8.66103E-01   1.75866E-03
  0.00000E+00   8.78215E-01   1.73384E-03
  0.00000E+00   8.90482E-01   1.70912E-03
  0.00000E+00   9.02901E-01   1.68636E-03
  0.00000E+00   9.15469E-01   1.66675E-03
  0.00000E+00   9.28182E-01   1.65041E-03
  0.00000E+00   9.41035E-01   1.63634E-03
  0.00000E+00   9.54023E-01   1.62249E-03
  0.00000E+00   9.67139E-01   1.60600E-03
  0.00000E+00   9.80375E-01   1.58364E-03
  0.00000E+00   9.93723E-01   1.55243E-03
  0.00000E+00   1.00717E+00   1.51016E-03
  0.00000E+00   1.02071E+00   1.45586E-03
  0.00000E+00   1.03434E+00   1.39010E-03
  0.00000E+00   1.04803E+00   1.31516E-03
  0.00000E+00   1.06177E+00   1.23519E-03
  0.00000E+00   1.07556E+00   1.15604E-03
  0.00000E+00   1.08939E+00   1.08479E-03
  0.00000E+00   1.10323E+00   1.02918E-03
  0.00000E+00   1.11708E+00   9.96818E-04
  0.00000E+00   1.13092E+00   9.94300E-04
  0.00000E+00   1.14474E+00   1.02633E-03
  0.00000E+00   1.15853E+00   1.09500E-03
  0.00000E+00   1.17227E+00   1.19956E-03
  0.00000E+00   1.18594E+00   1.33624E-03
  0.00000E+00   1.19953E+00   1.49833E-03
  0.00000E+00   1.21301E+00   1.67639E-03
  0.00000E+00   1.22638E+00   1.85899E-03
  0.00000E+00   1.23960E+00   2.03374E-03
  0.00000E+00   1.25266E+00   2.18856E-03
  0.00000E+00   1.26554E+00   2.31309E-03
  0.00000E+00   1.27822E+00   2.39984E-03
  0.00000E+00   1.29067E+00   2.44471E-03
  0.00000E+00   1.30288E+00   2.44696E-03
  0.00000E+00   1.31482E+00   2.40901E-03
  0.00000E+00   1.32647E+00   2.33628E-03
  0.00000E+00   1.33780E+00   2.23673E-03
  0.00000E+00   1.34881E+00   2.11978E-03
  0.00000E+00   1.35946E+00   1.99457E-03
  0.00000E+00   1.36974E+00   1.86786E-03
  0.00000E+00   1.37964E+00   1.74220E-03
  0.00000E+00   1.38914E+00   1.61511E-03
  0.00000E+00   1.39825E+00   1.47914E-03
  0.00000E+00   1.40694E+00   1.32285E-03
  0.00000E+00   1.41521E+00   1.13293E-03
  0.00000E+00   1.42303E+00   8.97111E-04
  0.00000E+00   1.43040E+00   6.07294E-04
  0.00000E+00   1.43727E+00   2.61723E-04
  0.00000E+00   1.44362E+00  -1.34997E-04
  0.00000E+00   1.44944E+00  -5.73828E-04
  0.00000E+00   1.45470E+00  -1.04272E-03
  0.00000E+00   1.45937E+00  -1.52669E-03
  0.00000E+00   1.46345E+00  -2.00906E-03
  0.00000E+00   1.46692E+00  -2.47493E-03
  0.00000E+00   1.46977E+00  -2.91421E-03
  0.00000E+00   1.47202E+00  -3.32291E-03
  0.00000E+00   1.47367E+00  -3.70364E-03
  0.00000E+00   1.47474E+00  -4.06504E-03
  0.00000E+00   1.47526E+00  -4.41931E-03
  0.00000E+00   1.47526E+00  -4.77937E-03
  0.00000E+00   1.47477E+00  -5.15725E-03
  0.00000E+00   1.47383E+00  -5.56316E-03
  0.00000E+00   1.47247E+00  -6.00502E-03
  0.00000E+00   1.47075E+00  -6.48792E-03
  0.00000E+00   1.46868E+00  -7.01384E-03
  0.00000E+00   1.46631E+00  -7.58124E-03
  0.00000E+00   1.46366E+00  -8.18444E-03
  0.00000E+00   1.46075E+00  -8.81254E-03
  0.00000E+00   1.45759E+00  -9.44882E-03
  0.00000E+00   1.45419E+00  -1.00719E-02
  0.00000E+00   1.45056E+00  -1.06583E-02
  0.00000E+00   1.44673E+00  -1.11862E-02
  0.00000E+00   1.44268E+00  -1.16374E-02
  0.00000E+00   1.43841E+00  -1.19993E-02
  0.00000E+00   1.43390E+00  -1.22637E-02
  0.00000E+00   1.42914E+00  -1.24270E-02
  0.00000E+00   1.42409E+00  -1.24925E-02
  0.00000E+00   1.41871E+00  -1.24718E-02
  0.00000E+00   1.41298E+00  -1.23843E-02
  0.00000E+00   1.40685E+00  -1.22530E-02
  0.00000E+00   1.40030E+00  -1.20996E-02
  0.00000E+00   1.39334E+00  -1.19385E-02
  0.00000E+00   1.38598E+00  -1.17752E-02
  0.00000E+00   1.37826E+00  -1.16045E-02
  0.00000E+00   1.37023E+00  -1.14127E-02
  0.00000E+00   1.36195E+00  -1.11845E-02
  0.00000E+00   1.35349E+00  -1.09137E-02
  0.00000E+00   1.34494E+00  -1.06078E-02
  0.00000E+00   1.33635E+00  -1.02879E-02
  0.00000E+00   1.32778E+00  -9.98370E-03
  0.00000E+00   1.31924E+00  -9.72535E-03
  0.00000E+00   1.31078E+00  -9.53476E-03
  0.00000E+00   1.30240E+00  -9.41833E-03
  0.00000E+00   1.29411E+00  -9.36663E-03
  0.00000E+00   1.28590E+00  -9.36237E-03
  0.00000E+00   1.27777E+00  -9.38963E-03
  0.00000E+00   1.26972E+00  -9.43890E-03
  0.00000E+00   1.26174E+00  -9.50872E-03
  0.00000E+00   1.25383E+00  -9.60294E-03
  0.00000E+00   1.24599E+00  -9.72608E-03
  0.00000E+00   1.23823E+00  -9.87961E-03
  0.00000E+00   1.23054E+00  -1.00605E-02
  0.00000E+00   1.22291E+00  -1.02631E-02
  0.00000E+00   1.21532E+00  -1.04809E-02
  0.00000E+00   1.20774E+00  -1.07069E-02
  0.00000E+00   1.20016E+00  -1.09331E-02
  0.00000E+00   1.19257E+00  -1.11511E-02
  0.00000E+00   1.18495E+00  -1.13515E-02
  0.00000E+00   1.17733E+00  -1.15217E-02
  0.00000E+00   1.16972E+00  -1.16439E-02
  0.00000E+00   1.16215E+00  -1.16972E-02
  0.00000E+00   1.15465E+00  -1.16615E-02
  0.00000E+00   1.14726E+00  -1.15213E-02
  0.00000E+00   1.14002E+00  -1.12680E-02
  0.00000E+00   1.13295E+00  -1.09018E-02
  0.00000E+00   1.12606E+00  -1.04339E-02
  0.00000E+00   1.11934E+00  -9.88465E-03
  0.00000E+00   1.11281E+00  -9.27831E-03
  0.00000E+00   1.10646E+00  -8.63502E-03
  0.00000E+00   1.10034E+00  -7.96676E-03
  0.00000E+00   1.09446E+00  -7.27619E-03
  0.00000E+00   1.08885E+00  -6.55818E-03
  0.00000E+00   1.08355E+00  -5.80690E-03
  0.00000E+00   1.07855E+00  -5.02356E-03
  0.00000E+00   1.07382E+00  -4.21910E-03
  0.00000E+00   1.06933E+00  -3.41206E-03
  0.00000E+00   1.06502E+00  -2.62497E-03
  0.00000E+00   1.06082E+00  -1.88010E-03
  0.00000E+00   1.05666E+00  -1.19618E-03
  0.00000E+00   1.05247E+00  -5.86240E-04
  0.00000E+00   1.04819E+00  -5.70032E-05
  0.00000E+00   1.04379E+00   3.89819E-04
  0.00000E+00   1.03924E+00   7.55653E-04
  0.00000E+00   1.03453E+00   1.04367E-03
  0.00000E+00   1.02967E+00   1.25844E-03
  0.00000E+00   1.02464E+00   1.40532E-03
  0.00000E+00   1.01947E+00   1.48775E-03
  0.00000E+00   1.01414E+00   1.50477E-03
  0.00000E+00   1.00868E+00   1.45076E-03
  0.00000E+00   1.00309E+00   1.31788E-03
  0.00000E+00   9.97399E-01   1.09950E-03
  0.00000E+00   9.91633E-01   7.92469E-04
  0.00000E+00   9.85827E-01   3.98882E-04
  0.00000E+00   9.80015E-01  -7.27504E-05
  0.00000E+00   9.74236E-01  -6.07711E-04
  0.00000E+00   9.68523E-01  -1.18596E-03
  0.00000E+00   9.62913E-01  -1.78359E-03
  0.00000E+00   9.57435E-01  -2.37524E-03
  0.00000E+00   9.52111E-01  -2.93740E-03
  0.00000E+00   9.46948E-01  -3.45167E-03
  0.00000E+00   9.41936E-01  -3.90709E-03
  0.00000E+00   9.37050E-01  -4.30066E-03
  0.00000E+00   9.32252E-01  -4.63628E-03
  0.00000E+00   9.27500E-01  -4.92269E-03
  0.00000E+00   9.22752E-01  -5.17118E-03
  0.00000E+00   9.17976E-01  -5.39358E-03
  0.00000E+00   9.13152E-01  -5.60054E-03
  0.00000E+00   9.08277E-01  -5.80036E-03
  0.00000E+00   9.03355E-01  -5.99946E-03
  0.00000E+00   8.98401E-01  -6.20384E-03
  0.00000E+00   8.93434E-01  -6.41967E-03
  0.00000E+00   8.88473E-01  -6.65227E-03
  0.00000E+00   8.83535E-01  -6.90382E-03
  0.00000E+00   8.78629E-01  -7.17142E-03
  0.00000E+00   8.73761E-01  -7.44728E-03
  0.00000E+00   8.68927E-01  -7.72134E-03
  0.00000E+00   8.64120E-01  -7.98526E-03
  0.00000E+00   8.59331E-01  -8.23564E-03
  0.00000E+00   8.54548E-01  -8.47518E-03
  0.00000E+00   8.49762E-01  -8.71175E-03
  0.00000E+00   8.44969E-01  -8.95605E-03
  0.00000E+00   8.40175E-01  -9.21852E-03
  0.00000E+00   8.35390E-01  -9.50659E-03
  0.00000E+00   8.30633E-01  -9.82339E-03
  0.00000E+00   8.25928E-01  -1.01688E-02
  0.00000E+00   8.21299E-01  -1.05415E-02
  0.00000E+00   8.16766E-01  -1.09409E-02
  0.00000E+00   8.12344E-01  -1.13677E-02
  0.00000E+00   8.08039E-01  -1.18233E-02
  0.00000E+00   8.03849E-01  -1.23082E-02
  0.00000E+00   7.99765E-01  -1.28202E-02
  0.00000E+00   7.95775E-01  -1.33550E-02
  0.00000E+00   7.91863E-01  -1.39063E-02
  0.00000E+00   7.88016E-01  -1.44670E-02
  0.00000E+00   7.84220E-01  -1.50296E-02
  0.00000E+00   7.80464E-01  -1.55873E-02
  0.00000E+00   7.76742E-01  -1.61339E-02
  0.00000E+00   7.73049E-01  -1.66645E-02
  0.00000E+00   7.69387E-01  -1.71751E-02
  0.00000E+00   7.65763E-01  -1.76628E-02
  0.00000E+00   7.62187E-01  -1.81265E-02
  0.00000E+00   7.58674E-01  -1.85662E-02
  0.00000E+00   7.55238E-01  -1.89826E-02
  0.00000E+00   7.51894E-01  -1.93758E-02
  0.00000E+00   7.48655E-01  -1.97454E-02
  0.00000E+00   7.45529E-01  -2.00911E-02
  0.00000E+00   7.42523E-01  -2.04129E-02
  0.00000E+00   7.39641E-01  -2.07109E-02
  0.00000E+00   7.36885E-01  -2.09849E-02
  0.00000E+00   7.34254E-01  -2.12333E-02
  0.00000E+00   7.31745E-01  -2.14537E-02
  0.00000E+00   7.29356E-01  -2.16419E-02
  0.00000E+00   7.27081E-01  -2.17931E-02
  0.00000E+00   7.24916E-01  -2.19014E-02
  0.00000E+00   7.22858E-01  -2.19613E-02
  0.00000E+00   7.20910E-01  -2.19686E-02
  0.00000E+00   7.19075E-01  -2.19214E-02
  0.00000E+00   7.17359E-01  -2.18205E-02
  0.00000E+00   7.15768E-01  -2.16686E-02
  0.00000E+00   7.14311E-01  -2.14705E-02
  0.00000E+00   7.12992E-01  -2.12329E-02
  0.00000E+00   7.11816E-01  -2.09653E-02
  0.00000E+00   7.10785E-01  -2.06797E-02
  0.00000E+00   7.09900E-01  -2.03886E-02
  0.00000E+00   7.09154E-01  -2.01042E-02
  0.00000E+00   7.08541E-01  -1.98372E-02
  0.00000E+00   7.08049E-01  -1.95964E-02
  0.00000E+00   7.07665E-01  -1.93884E-02
  0.00000E+00   7.07372E-01  -1.92170E-02
  0.00000E+00   7.07156E-01  -1.90827E-02
  0.00000E+00   7.07001E-01  -1.89828E-02
  0.00000E+00   7.06896E-01  -1.89115E-02
  0.00000E+00   7.06829E-01  -1.88608E-02
  0.00000E+00   7.06790E-01  -1.88212E-02
  0.00000E+00   7.06773E-01  -1.87831E-02
  0.00000E+00   7.06769E-01  -1.87383E-02
  0.00000E+00   7.06770E-01  -1.86804E-02
  0.00000E+00   7.06768E-01  -1.86059E-02
  0.00000E+00   7.06756E-01  -1.85142E-02
  0.00000E+00   7.06728E-01  -1.84072E-02
