  0.00000E+00  -1.86452E-03   4.51057E-06
  0.00000E+00  -2.10132E-03  -9.50776E-06
  0.00000E+00  -1.72139E-03  -1.56707E-05
  0.00000E+00  -1.27542E-03  -3.37514E-05
  0.00000E+00  -1.03367E-03  -2.95423E-05
  0.00000E+00  -7.99259E-04   3.09733E-06
  0.00000E+00  -5.83225E-04   6.93491E-06
  0.00000E+00  -4.75497E-04   1.55695E-05
  0.00000E+00  -3.89063E-04   6.46560E-06
  0.00000E+00  -2.97172E-04   2.73310E-06
  0.00000E+00  -2.25652E-04  -3.66081E-07
  0.00000E+00  -1.82501E-04   1.65133E-06
  0.00000E+00  -1.32289E-04   1.33413E-06
  0.00000E+00  -1.08114E-04   2.49797E-06
  0.00000E+00  -8.31837E-05  -1.83386E-06
  0.00000E+00  -5.98045E-05  -4.56399E-06
  0.00000E+00  -4.71754E-05  -3.20877E-06
  0.00000E+00  -3.42751E-05  -2.69269E-06
  0.00000E+00  -2.66620E-05  -1.81383E-06
  0.00000E+00  -2.10730E-05  -1.57128E-06
  0.00000E+00  -1.70455E-05  -2.49275E-07
  0.00000E+00  -1.58714E-05   6.07422E-07
  0.00000E+00  -1.25279E-05   3.50132E-07
  0.00000E+00  -1.07092E-05   2.24843E-07
  0.00000E+00  -1.04516E-05  -2.14230E-07
  0.00000E+00  -8.42673E-06  -1.22779E-07
  0.00000E+00  -7.54012E-06   1.87438E-07
  0.00000E+00  -4.88571E-06   4.44724E-07
  0.00000E+00  -2.64735E-06   3.81318E-07
  0.00000E+00  -1.63251E-06   1.52300E-07
  0.00000E+00  -8.70590E-07  -5.75812E-08
  0.00000E+00  -5.72550E-07  -2.26349E-07
  0.00000E+00  -5.27150E-08  -3.85698E-07
  0.00000E+00   4.33865E-07  -3.37306E-07
  0.00000E+00   2.07981E-07  -2.16540E-07
  0.00000E+00   3.37455E-07  -1.82982E-07
  0.00000E+00   1.34382E-07  -1.16382E-07
  0.00000E+00   4.74877E-07  -9.89953E-08
  0.00000E+00   5.05661E-07  -2.91027E-08
  0.00000E+00   4.45918E-07  -1.08441E-08
  0.00000E+00   4.30727E-07  -1.03345E-08
  0.00000E+00   4.91166E-07  -1.59773E-09
  0.00000E+00   4.70530E-07   3.38949E-09
  0.00000E+00   6.64680E-07   1.43237E-09
  0.00000E+00   6.76611E-07  -1.38349E-08
  0.00000E+00   7.15880E-07  -2.36020E-08
  0.00000E+00   8.10420E-07  -2.80342E-08
  0.00000E+00   8.66978E-07  -4.50978E-08
  0.00000E+00   8.65199E-07  -4.29407E-08
  0.00000E+00   8.95263E-07  -4.55291E-08
  0.00000E+00   8.02340E-07  -4.39676E-08
  0.00000E+00   7.42581E-07  -3.85597E-08
  0.00000E+00   7.32643E-07  -3.56487E-08
  0.00000E+00   7.58396E-07  -3.80090E-08
  0.00000E+00   8.01374E-07  -3.82190E-08
  0.00000E+00   7.48799E-07  -3.51685E-08
  0.00000E+00   8.32181E-07  -3.86711E-08
  0.00000E+00   7.73302E-07  -3.42540E-08
  0.00000E+00   7.62238E-07  -2.53716E-08
  0.00000E+00   7.37657E-07  -2.33280E-08
  0.00000E+00   7.63412E-07  -1.54942E-08
  0.00000E+00   7.06878E-07  -1.26426E-08
  0.00000E+00   6.91954E-07  -9.55609E-09
  0.00000E+00   6.33988E-07  -9.95289E-09
  0.00000E+00   6.26935E-07  -8.94042E-09
  0.00000E+00   6.44499E-07  -4.65983E-09
  0.00000E+00   6.55682E-07  -5.62690E-09
  0.00000E+00   6.10527E-07  -5.98774E-09
  0.00000E+00   5.64863E-07  -6.43808E-09
  0.00000E+00   5.92058E-07  -6.65861E-09
  0.00000E+00   5.58910E-07  -6.59036E-09
  0.00000E+00   5.65759E-07  -6.40291E-09
  0.00000E+00   5.37645E-07  -4.71099E-09
  0.00000E+00   5.22147E-07  -3.73534E-09
  0.00000E+00   4.90630E-07  -1.82598E-09
  0.00000E+00   5.07272E-07  -2.49405E-09
  0.00000E+00   4.62623E-07  -1.90299E-09
  0.00000E+00   4.60419E-07  -2.51492E-09
  0.00000E+00   4.35128E-07  -1.36805E-09
  0.00000E+00   4.22061E-07  -2.02357E-09
  0.00000E+00   4.11087E-07  -5.85893E-10
  0.00000E+00   4.07639E-07  -2.38184E-09
  0.00000E+00   3.95374E-07  -1.98190E-09
  0.00000E+00   3.81901E-07  -1.65458E-09
  0.00000E+00   3.71080E-07  -1.20187E-09
  0.00000E+00   3.86448E-07  -4.70996E-10
  0.00000E+00   3.62366E-07  -5.03884E-11
  0.00000E+00   3.45770E-07   3.88469E-10
  0.00000E+00   3.45180E-07   1.30899E-09
  0.00000E+00   3.31312E-07   1.58016E-09
  0.00000E+00   3.19370E-07   1.61902E-09
  0.00000E+00   3.19759E-07   1.24885E-09
  0.00000E+00   3.12562E-07   1.19777E-09
  0.00000E+00   3.01187E-07   1.16639E-09
  0.00000E+00   2.97357E-07   2.08522E-09
  0.00000E+00   2.93497E-07   2.05435E-09
  0.00000E+00   2.87061E-07   1.92848E-09
  0.00000E+00   2.82608E-07   2.61526E-09
  0.00000E+00   2.74174E-07   2.33085E-09
  0.00000E+00   2.69854E-07   2.33613E-09
  0.00000E+00   2.58343E-07   2.48954E-09
  0.00000E+00   2.58850E-07   2.33357E-09
  0.00000E+00   2.51558E-07   2.20260E-09
  0.00000E+00   2.45596E-07   2.38188E-09
  0.00000E+00   2.36957E-07   2.90015E-09
  0.00000E+00   2.32665E-07   3.15276E-09
  0.00000E+00   2.24046E-07   2.84952E-09
  0.00000E+00   2.17738E-07   2.92139E-09
  0.00000E+00   2.14424E-07   2.84775E-09
  0.00000E+00   2.08435E-07   3.09647E-09
  0.00000E+00   2.02677E-07   3.27809E-09
  0.00000E+00   1.97681E-07   3.59047E-09
  0.00000E+00   1.92945E-07   3.27925E-09
  0.00000E+00   1.94960E-07   3.23247E-09
  0.00000E+00   1.86956E-07   2.78157E-09
  0.00000E+00   1.82494E-07   3.00139E-09
  0.00000E+00   1.77809E-07   2.68318E-09
  0.00000E+00   1.73212E-07   2.59947E-09
  0.00000E+00   1.68269E-07   2.45064E-09
  0.00000E+00   1.60464E-07   2.49190E-09
  0.00000E+00   1.57898E-07   2.42402E-09
  0.00000E+00   1.55457E-07   2.28174E-09
  0.00000E+00   1.54434E-07   2.12457E-09
  0.00000E+00   1.49555E-07   1.97053E-09
  0.00000E+00   1.47363E-07   1.86357E-09
  0.00000E+00   1.44497E-07   1.75255E-09
  0.00000E+00   1.41773E-07   1.85343E-09
  0.00000E+00   1.39207E-07   1.56770E-09
  0.00000E+00   1.35975E-07   1.47281E-09
  0.00000E+00   1.31160E-07   1.46329E-09
  0.00000E+00   1.28286E-07   1.36252E-09
  0.00000E+00   1.27901E-07   1.27300E-09
  0.00000E+00   1.26489E-07   1.26072E-09
  0.00000E+00   1.24179E-07   1.09450E-09
  0.00000E+00   1.21355E-07   9.65739E-10
  0.00000E+00   1.19765E-07   7.88871E-10
  0.00000E+00   1.15315E-07   7.90529E-10
  0.00000E+00   1.14818E-07   7.82162E-10
  0.00000E+00   1.12948E-07   7.74079E-10
  0.00000E+00   1.10523E-07   8.98366E-10
  0.00000E+00   1.08273E-07   8.63883E-10
  0.00000E+00   1.06628E-07   6.88192E-10
  0.00000E+00   1.04257E-07   7.68883E-10
  0.00000E+00   1.01903E-07   5.48241E-10
  0.00000E+00   9.95808E-08   5.69306E-10
  0.00000E+00   9.81218E-08   6.22514E-10
  0.00000E+00   9.60733E-08   5.71156E-10
  0.00000E+00   9.51672E-08   4.20531E-10
  0.00000E+00   9.31862E-08   3.24723E-10
  0.00000E+00   9.13242E-08   3.22562E-10
  0.00000E+00   9.02022E-08   3.90230E-10
  0.00000E+00   8.87381E-08   3.57715E-10
  0.00000E+00   8.69282E-08   3.63497E-10
  0.00000E+00   8.59546E-08   3.36212E-10
  0.00000E+00   8.42068E-08   2.15111E-10
  0.00000E+00   8.16878E-08   1.25898E-10
  0.00000E+00   8.06782E-08   3.49394E-11
  0.00000E+00   7.93894E-08   4.33993E-11
  0.00000E+00   7.82276E-08   1.56415E-10
  0.00000E+00   7.64530E-08   1.51555E-10
  0.00000E+00   7.53950E-08   1.78308E-10
  0.00000E+00   7.50279E-08   9.39261E-11
  0.00000E+00   7.44581E-08  -5.10217E-11
  0.00000E+00   7.23448E-08   5.64578E-12
  0.00000E+00   7.12434E-08   3.90922E-11
  0.00000E+00   6.95957E-08   6.33176E-11
  0.00000E+00   6.88140E-08   2.27233E-11
  0.00000E+00   6.79603E-08  -5.98984E-11
  0.00000E+00   6.67629E-08  -6.70038E-11
  0.00000E+00   6.59127E-08  -3.81536E-11
  0.00000E+00   6.47735E-08   9.73059E-12
  0.00000E+00   6.38412E-08   2.26631E-11
  0.00000E+00   6.26955E-08   3.20659E-11
  0.00000E+00   6.20194E-08   3.02599E-12
  0.00000E+00   6.11939E-08  -1.81666E-11
  0.00000E+00   5.99911E-08   8.04019E-12
  0.00000E+00   5.91795E-08   6.53226E-11
  0.00000E+00   5.82222E-08   1.15696E-10
  0.00000E+00   5.72889E-08   1.27833E-10
  0.00000E+00   5.65879E-08   1.35381E-10
  0.00000E+00   5.60037E-08   1.35029E-10
  0.00000E+00   5.55577E-08   1.18844E-10
  0.00000E+00   5.48505E-08   1.12281E-10
  0.00000E+00   5.41259E-08   1.30082E-10
  0.00000E+00   5.32813E-08   1.43192E-10
  0.00000E+00   5.20819E-08   1.82527E-10
  0.00000E+00   5.16262E-08   1.61796E-10
  0.00000E+00   5.12509E-08   1.58008E-10
  0.00000E+00   5.09114E-08   1.51339E-10
  0.00000E+00   4.97982E-08   1.42898E-10
  0.00000E+00   4.89954E-08   1.19929E-10
  0.00000E+00   4.85087E-08   1.27123E-10
  0.00000E+00   4.80822E-08   1.28917E-10
  0.00000E+00   4.73649E-08   1.45047E-10
  0.00000E+00   4.69044E-08   1.53063E-10
  0.00000E+00   4.60645E-08   1.21874E-10
  0.00000E+00   4.54833E-08   7.80838E-11
  0.00000E+00   4.51118E-08   6.51394E-11
  0.00000E+00   4.46303E-08   5.40831E-11
  0.00000E+00   4.41543E-08   4.11369E-11
  0.00000E+00   4.37848E-08   2.71687E-11
  0.00000E+00   4.34004E-08  -3.00349E-12
  0.00000E+00   4.30065E-08  -3.16096E-11
  0.00000E+00   4.24719E-08  -4.10385E-11
  0.00000E+00   4.18310E-08  -3.92646E-11
  0.00000E+00   4.13597E-08  -3.85903E-11
  0.00000E+00   4.08774E-08  -3.59014E-11
  0.00000E+00   4.05937E-08  -3.87475E-11
  0.00000E+00   4.01890E-08  -5.88144E-11
  0.00000E+00   3.97472E-08  -6.28509E-11
  0.00000E+00   3.93443E-08  -6.56684E-11
  0.00000E+00   3.91185E-08  -7.01428E-11
  0.00000E+00   3.87470E-08  -7.92460E-11
  0.00000E+00   3.83635E-08  -9.80483E-11
  0.00000E+00   3.77403E-08  -1.36808E-10
  0.00000E+00   3.71792E-08  -1.49147E-10
  0.00000E+00   3.69113E-08  -1.40391E-10
  0.00000E+00   3.64473E-08  -1.45841E-10
  0.00000E+00   3.62160E-08  -1.40949E-10
  0.00000E+00   3.58313E-08  -1.29541E-10
  0.00000E+00   3.53563E-08  -1.20580E-10
  0.00000E+00   3.50330E-08  -1.25099E-10
  0.00000E+00   3.46739E-08  -1.22741E-10
  0.00000E+00   3.42480E-08  -1.12150E-10
  0.00000E+00   3.40147E-08  -9.48093E-11
  0.00000E+00   3.37121E-08  -7.87177E-11
  0.00000E+00   3.33742E-08  -6.83567E-11
  0.00000E+00   3.30359E-08  -5.18173E-11
  0.00000E+00   3.27044E-08  -4.20823E-11
  0.00000E+00   3.21944E-08  -3.73439E-11
  0.00000E+00   3.17854E-08  -2.74037E-11
  0.00000E+00   3.15252E-08  -2.08113E-11
  0.00000E+00   3.11902E-08  -1.32139E-11
  0.00000E+00   3.08953E-08  -1.38968E-12
  0.00000E+00   3.06214E-08   5.58578E-12
  0.00000E+00   3.02945E-08   5.00197E-12
  0.00000E+00   3.00165E-08  -5.85669E-13
  0.00000E+00   2.96606E-08  -1.03068E-11
  0.00000E+00   2.93749E-08  -1.54391E-11
  0.00000E+00   2.90219E-08  -1.69675E-11
  0.00000E+00   2.87475E-08  -1.46099E-11
  0.00000E+00   2.84669E-08  -7.03366E-12
  0.00000E+00   2.81702E-08  -3.85734E-13
  0.00000E+00   2.78259E-08  -2.05366E-12
  0.00000E+00   2.75191E-08  -9.13792E-12
  0.00000E+00   2.72296E-08  -1.11138E-11
  0.00000E+00   2.68727E-08  -8.56643E-12
  0.00000E+00   2.66184E-08   7.78056E-12
  0.00000E+00   2.63991E-08   1.99580E-11
  0.00000E+00   2.60822E-08   1.98391E-11
  0.00000E+00   2.58387E-08   1.69025E-11
  0.00000E+00   2.55130E-08   1.77145E-11
  0.00000E+00   2.52599E-08   2.46835E-11
  0.00000E+00   2.49941E-08   4.13389E-11
  0.00000E+00   2.47646E-08   5.66337E-11
  0.00000E+00   2.44640E-08   6.35864E-11
  0.00000E+00   2.41891E-08   6.70076E-11
  0.00000E+00   2.39684E-08   6.70019E-11
  0.00000E+00   2.37719E-08   6.77246E-11
  0.00000E+00   2.35175E-08   7.24362E-11
  0.00000E+00   2.32676E-08   7.97167E-11
  0.00000E+00   2.30412E-08   8.40883E-11
  0.00000E+00   2.27968E-08   8.15154E-11
  0.00000E+00   2.25493E-08   7.60495E-11
  0.00000E+00   2.22749E-08   7.54553E-11
  0.00000E+00   2.19991E-08   7.94497E-11
  0.00000E+00   2.17607E-08   8.71407E-11
  0.00000E+00   2.15611E-08   9.39154E-11
  0.00000E+00   2.13897E-08   9.67654E-11
  0.00000E+00   2.12027E-08   9.11664E-11
  0.00000E+00   2.09941E-08   8.79831E-11
  0.00000E+00   2.07734E-08   8.85232E-11
  0.00000E+00   2.05310E-08   9.11203E-11
  0.00000E+00   2.02848E-08   9.42902E-11
  0.00000E+00   2.00686E-08   9.77108E-11
  0.00000E+00   1.98684E-08   9.73681E-11
  0.00000E+00   1.96659E-08   9.41939E-11
  0.00000E+00   1.94640E-08   9.14529E-11
  0.00000E+00   1.92255E-08   9.15025E-11
  0.00000E+00   1.89915E-08   9.19612E-11
  0.00000E+00   1.87964E-08   9.44091E-11
  0.00000E+00   1.85973E-08   9.39632E-11
  0.00000E+00   1.84365E-08   9.15993E-11
  0.00000E+00   1.82687E-08   9.08115E-11
  0.00000E+00   1.80578E-08   9.02145E-11
  0.00000E+00   1.78488E-08   8.83121E-11
  0.00000E+00   1.76435E-08   8.89323E-11
  0.00000E+00   1.74550E-08   8.95601E-11
  0.00000E+00   1.72960E-08   9.15266E-11
  0.00000E+00   1.71251E-08   9.03459E-11
  0.00000E+00   1.69368E-08   8.87238E-11
  0.00000E+00   1.67724E-08   8.81254E-11
  0.00000E+00   1.65980E-08   8.47964E-11
  0.00000E+00   1.64127E-08   8.11546E-11
  0.00000E+00   1.62489E-08   7.99126E-11
  0.00000E+00   1.61153E-08   8.05311E-11
  0.00000E+00   1.59662E-08   8.27728E-11
  0.00000E+00   1.58071E-08   8.46465E-11
  0.00000E+00   1.56525E-08   8.49801E-11
  0.00000E+00   1.55052E-08   8.49517E-11
  0.00000E+00   1.53496E-08   8.38268E-11
  0.00000E+00   1.51941E-08   8.19671E-11
  0.00000E+00   1.50491E-08   7.96438E-11
  0.00000E+00   1.49070E-08   7.65194E-11
  0.00000E+00   1.47629E-08   7.52771E-11
  0.00000E+00   1.46127E-08   7.59145E-11
  0.00000E+00   1.44666E-08   7.59423E-11
  0.00000E+00   1.43175E-08   7.58582E-11
  0.00000E+00   1.41881E-08   7.48228E-11
  0.00000E+00   1.40498E-08   7.36840E-11
  0.00000E+00   1.39151E-08   7.26806E-11
  0.00000E+00   1.37801E-08   7.27332E-11
  0.00000E+00   1.36524E-08   7.28491E-11
  0.00000E+00   1.35179E-08   7.21428E-11
  0.00000E+00   1.33881E-08   7.19611E-11
  0.00000E+00   1.32565E-08   7.10519E-11
  0.00000E+00   1.31214E-08   6.93224E-11
  0.00000E+00   1.29890E-08   6.88633E-11
  0.00000E+00   1.28607E-08   6.80595E-11
  0.00000E+00   1.27327E-08   6.54259E-11
  0.00000E+00   1.26080E-08   6.30391E-11
  0.00000E+00   1.24905E-08   6.10717E-11
  0.00000E+00   1.23730E-08   5.90347E-11
  0.00000E+00   1.22519E-08   5.80354E-11
  0.00000E+00   1.21288E-08   5.71483E-11
  0.00000E+00   1.20120E-08   5.51529E-11
  0.00000E+00   1.18963E-08   5.26289E-11
  0.00000E+00   1.17866E-08   5.07223E-11
  0.00000E+00   1.16750E-08   4.94544E-11
  0.00000E+00   1.15601E-08   4.89179E-11
  0.00000E+00   1.14481E-08   4.87199E-11
  0.00000E+00   1.13413E-08   4.80564E-11
  0.00000E+00   1.12364E-08   4.55875E-11
  0.00000E+00   1.11311E-08   4.32716E-11
  0.00000E+00   1.10273E-08   4.21088E-11
  0.00000E+00   1.09332E-08   4.12236E-11
  0.00000E+00   1.08420E-08   4.05518E-11
  0.00000E+00   1.07442E-08   3.96649E-11
  0.00000E+00   1.06468E-08   3.89292E-11
  0.00000E+00   1.05470E-08   3.84699E-11
  0.00000E+00   1.04498E-08   3.76195E-11
  0.00000E+00   1.03584E-08   3.66031E-11
  0.00000E+00   1.02724E-08   3.51069E-11
  0.00000E+00   1.01829E-08   3.33104E-11
  0.00000E+00   1.00887E-08   3.08879E-11
  0.00000E+00   9.99582E-09   2.78685E-11
  0.00000E+00   9.90524E-09   2.58138E-11
  0.00000E+00   9.81554E-09   2.49686E-11
  0.00000E+00   9.73180E-09   2.54814E-11
  0.00000E+00   9.64876E-09   2.62478E-11
  0.00000E+00   9.56222E-09   2.58297E-11
  0.00000E+00   9.47698E-09   2.37526E-11
  0.00000E+00   9.38834E-09   2.11137E-11
  0.00000E+00   9.30145E-09   1.91766E-11
  0.00000E+00   9.21538E-09   1.77821E-11
  0.00000E+00   9.13756E-09   1.71299E-11
  0.00000E+00   9.06547E-09   1.72137E-11
  0.00000E+00   8.99348E-09   1.73749E-11
  0.00000E+00   8.91375E-09   1.70889E-11
  0.00000E+00   8.83386E-09   1.61229E-11
  0.00000E+00   8.75273E-09   1.50994E-11
  0.00000E+00   8.67210E-09   1.46666E-11
  0.00000E+00   8.59530E-09   1.45647E-11
  0.00000E+00   8.52203E-09   1.39508E-11
  0.00000E+00   8.44503E-09   1.23375E-11
  0.00000E+00   8.36494E-09   1.06605E-11
  0.00000E+00   8.28658E-09   9.27228E-12
  0.00000E+00   8.21101E-09   8.54699E-12
  0.00000E+00   8.13831E-09   8.75848E-12
  0.00000E+00   8.07038E-09   9.46047E-12
  0.00000E+00   8.00010E-09   9.99047E-12
  0.00000E+00   7.92817E-09   9.66033E-12
  0.00000E+00   7.85919E-09   8.61429E-12
  0.00000E+00   7.79023E-09   8.07340E-12
  0.00000E+00   7.72151E-09   8.49360E-12
  0.00000E+00   7.65567E-09   9.14930E-12
  0.00000E+00   7.59213E-09   9.64043E-12
  0.00000E+00   7.53124E-09   9.96022E-12
  0.00000E+00   7.47097E-09   9.99110E-12
  0.00000E+00   7.40930E-09   9.69289E-12
  0.00000E+00   7.34663E-09   9.22103E-12
  0.00000E+00   7.28331E-09   8.69320E-12
  0.00000E+00   7.22179E-09   8.45533E-12
  0.00000E+00   7.16288E-09   8.26523E-12
  0.00000E+00   7.10170E-09   8.02851E-12
  0.00000E+00   7.04309E-09   7.70338E-12
  0.00000E+00   6.98511E-09   7.19652E-12
  0.00000E+00   6.92487E-09   6.67831E-12
  0.00000E+00   6.86422E-09   6.05708E-12
  0.00000E+00   6.80609E-09   5.38756E-12
  0.00000E+00   6.75066E-09   4.75917E-12
  0.00000E+00   6.69522E-09   4.28250E-12
  0.00000E+00   6.63901E-09   4.04448E-12
  0.00000E+00   6.58431E-09   4.06005E-12
  0.00000E+00   6.53001E-09   3.92325E-12
  0.00000E+00   6.47548E-09   3.61063E-12
  0.00000E+00   6.42186E-09   3.17211E-12
  0.00000E+00   6.36793E-09   2.64658E-12
  0.00000E+00   6.31584E-09   2.24752E-12
  0.00000E+00   6.26476E-09   2.17652E-12
  0.00000E+00   6.21273E-09   2.47855E-12
  0.00000E+00   6.16019E-09   2.95124E-12
  0.00000E+00   6.10770E-09   3.33589E-12
  0.00000E+00   6.05754E-09   3.63665E-12
  0.00000E+00   6.00868E-09   3.76697E-12
  0.00000E+00   5.95977E-09   3.92499E-12
  0.00000E+00   5.91052E-09   4.28020E-12
  0.00000E+00   5.86182E-09   4.71370E-12
  0.00000E+00   5.81259E-09   5.13407E-12
  0.00000E+00   5.76325E-09   5.47778E-12
  0.00000E+00   5.71412E-09   5.85505E-12
  0.00000E+00   5.66602E-09   6.26165E-12
  0.00000E+00   5.61931E-09   6.58064E-12
  0.00000E+00   5.57393E-09   6.84205E-12
  0.00000E+00   5.52843E-09   6.98694E-12
  0.00000E+00   5.48333E-09   7.08926E-12
  0.00000E+00   5.43875E-09   7.45982E-12
  0.00000E+00   5.39642E-09   8.09220E-12
  0.00000E+00   5.35365E-09   8.74054E-12
  0.00000E+00   5.31048E-09   9.24346E-12
  0.00000E+00   5.26771E-09   9.57755E-12
  0.00000E+00   5.22611E-09   9.90215E-12
  0.00000E+00   5.18520E-09   1.03308E-11
  0.00000E+00   5.14438E-09   1.09038E-11
  0.00000E+00   5.10399E-09   1.15814E-11
  0.00000E+00   5.06415E-09   1.23143E-11
  0.00000E+00   5.02425E-09   1.28899E-11
  0.00000E+00   4.98481E-09   1.32819E-11
  0.00000E+00   4.94562E-09   1.36435E-11
  0.00000E+00   4.90703E-09   1.41864E-11
  0.00000E+00   4.86976E-09   1.48715E-11
  0.00000E+00   4.83275E-09   1.55004E-11
  0.00000E+00   4.79565E-09   1.60116E-11
  0.00000E+00   4.75891E-09   1.63427E-11
  0.00000E+00   4.72205E-09   1.65313E-11
  0.00000E+00   4.68516E-09   1.67083E-11
  0.00000E+00   4.64899E-09   1.68478E-11
  0.00000E+00   4.61355E-09   1.70299E-11
  0.00000E+00   4.57841E-09   1.72429E-11
  0.00000E+00   4.54327E-09   1.74548E-11
  0.00000E+00   4.50785E-09   1.76115E-11
  0.00000E+00   4.47271E-09   1.76217E-11
  0.00000E+00   4.43749E-09   1.75985E-11
  0.00000E+00   4.40343E-09   1.76490E-11
  0.00000E+00   4.37026E-09   1.77394E-11
  0.00000E+00   4.33704E-09   1.77713E-11
  0.00000E+00   4.30405E-09   1.76878E-11
  0.00000E+00   4.27152E-09   1.74560E-11
  0.00000E+00   4.23905E-09   1.71777E-11
  0.00000E+00   4.20700E-09   1.69901E-11
  0.00000E+00   4.17522E-09   1.69042E-11
  0.00000E+00   4.14366E-09   1.68894E-11
  0.00000E+00   4.11229E-09   1.68396E-11
  0.00000E+00   4.08123E-09   1.66953E-11
  0.00000E+00   4.05037E-09   1.65329E-11
  0.00000E+00   4.01990E-09   1.65328E-11
  0.00000E+00   3.99049E-09   1.67758E-11
  0.00000E+00   3.96177E-09   1.71670E-11
  0.00000E+00   3.93334E-09   1.75630E-11
  0.00000E+00   3.90488E-09   1.79350E-11
  0.00000E+00   3.87603E-09   1.82894E-11
  0.00000E+00   3.84686E-09   1.85821E-11
  0.00000E+00   3.81807E-09   1.88101E-11
  0.00000E+00   3.78974E-09   1.91254E-11
  0.00000E+00   3.76209E-09   1.95684E-11
  0.00000E+00   3.73495E-09   2.00307E-11
  0.00000E+00   3.70796E-09   2.04327E-11
  0.00000E+00   3.68112E-09   2.07474E-11
  0.00000E+00   3.65457E-09   2.09612E-11
  0.00000E+00   3.62795E-09   2.11203E-11
  0.00000E+00   3.60138E-09   2.12597E-11
  0.00000E+00   3.57541E-09   2.13616E-11
  0.00000E+00   3.54968E-09   2.13983E-11
  0.00000E+00   3.52416E-09   2.13768E-11
  0.00000E+00   3.49911E-09   2.13129E-11
  0.00000E+00   3.47482E-09   2.12321E-11
  0.00000E+00   3.45092E-09   2.11408E-11
  0.00000E+00   3.42688E-09   2.10239E-11
  0.00000E+00   3.40251E-09   2.09110E-11
  0.00000E+00   3.37822E-09   2.08000E-11
  0.00000E+00   3.35432E-09   2.06722E-11
  0.00000E+00   3.33090E-09   2.05237E-11
  0.00000E+00   3.30764E-09   2.03540E-11
  0.00000E+00   3.28419E-09   2.01715E-11
  0.00000E+00   3.26070E-09   1.99641E-11
  0.00000E+00   3.23756E-09   1.97238E-11
  0.00000E+00   3.21463E-09   1.94559E-11
  0.00000E+00   3.19184E-09   1.91969E-11
  0.00000E+00   3.16942E-09   1.89800E-11
  0.00000E+00   3.14739E-09   1.87940E-11
  0.00000E+00   3.12555E-09   1.86197E-11
  0.00000E+00   3.10397E-09   1.84292E-11
  0.00000E+00   3.08248E-09   1.82093E-11
  0.00000E+00   3.06122E-09   1.79868E-11
  0.00000E+00   3.04052E-09   1.77653E-11
  0.00000E+00   3.01997E-09   1.75592E-11
  0.00000E+00   2.99932E-09   1.73742E-11
  0.00000E+00   2.97882E-09   1.72042E-11
  0.00000E+00   2.95862E-09   1.70511E-11
  0.00000E+00   2.93884E-09   1.69186E-11
  0.00000E+00   2.91935E-09   1.68023E-11
  0.00000E+00   2.89991E-09   1.66960E-11
  0.00000E+00   2.88060E-09   1.66239E-11
  0.00000E+00   2.86151E-09   1.66241E-11
  0.00000E+00   2.84230E-09   1.66891E-11
  0.00000E+00   2.82291E-09   1.67699E-11
  0.00000E+00   2.80357E-09   1.68185E-11
  0.00000E+00   2.78456E-09   1.68178E-11
  0.00000E+00   2.76581E-09   1.67484E-11
  0.00000E+00   2.74722E-09   1.66176E-11
  0.00000E+00   2.72862E-09   1.64816E-11
  0.00000E+00   2.70999E-09   1.63754E-11
  0.00000E+00   2.69157E-09   1.62925E-11
  0.00000E+00   2.67331E-09   1.61939E-11
  0.00000E+00   2.65500E-09   1.60512E-11
  0.00000E+00   2.63669E-09   1.58520E-11
  0.00000E+00   2.61843E-09   1.56026E-11
  0.00000E+00   2.60031E-09   1.53231E-11
  0.00000E+00   2.58237E-09   1.50366E-11
  0.00000E+00   2.56454E-09   1.47617E-11
  0.00000E+00   2.54690E-09   1.45164E-11
  0.00000E+00   2.52951E-09   1.42954E-11
  0.00000E+00   2.51220E-09   1.40719E-11
  0.00000E+00   2.49489E-09   1.38452E-11
  0.00000E+00   2.47768E-09   1.36390E-11
  0.00000E+00   2.46067E-09   1.34625E-11
  0.00000E+00   2.44395E-09   1.33003E-11
  0.00000E+00   2.42741E-09   1.31317E-11
  0.00000E+00   2.41104E-09   1.29540E-11
  0.00000E+00   2.39491E-09   1.27853E-11
  0.00000E+00   2.37893E-09   1.26409E-11
  0.00000E+00   2.36305E-09   1.25248E-11
  0.00000E+00   2.34727E-09   1.24265E-11
  0.00000E+00   2.33152E-09   1.23420E-11
  0.00000E+00   2.31576E-09   1.22593E-11
  0.00000E+00   2.30004E-09   1.21583E-11
  0.00000E+00   2.28435E-09   1.20397E-11
  0.00000E+00   2.26871E-09   1.19300E-11
  0.00000E+00   2.25325E-09   1.18608E-11
  0.00000E+00   2.23796E-09   1.18341E-11
  0.00000E+00   2.22274E-09   1.18287E-11
  0.00000E+00   2.20761E-09   1.18313E-11
  0.00000E+00   2.19258E-09   1.18327E-11
  0.00000E+00   2.17765E-09   1.18216E-11
  0.00000E+00   2.16286E-09   1.17948E-11
  0.00000E+00   2.14822E-09   1.17597E-11
  0.00000E+00   2.13363E-09   1.17202E-11
  0.00000E+00   2.11911E-09   1.16698E-11
  0.00000E+00   2.10468E-09   1.16048E-11
  0.00000E+00   2.09035E-09   1.15270E-11
  0.00000E+00   2.07616E-09   1.14433E-11
  0.00000E+00   2.06211E-09   1.13525E-11
  0.00000E+00   2.04826E-09   1.12481E-11
  0.00000E+00   2.03454E-09   1.11308E-11
  0.00000E+00   2.02084E-09   1.10077E-11
  0.00000E+00   2.00716E-09   1.08859E-11
  0.00000E+00   1.99354E-09   1.07729E-11
  0.00000E+00   1.97999E-09   1.06738E-11
  0.00000E+00   1.96651E-09   1.05872E-11
  0.00000E+00   1.95307E-09   1.05108E-11
  0.00000E+00   1.93968E-09   1.04484E-11
  0.00000E+00   1.92638E-09   1.04060E-11
  0.00000E+00   1.91322E-09   1.03812E-11
  0.00000E+00   1.90016E-09   1.03664E-11
  0.00000E+00   1.88717E-09   1.03618E-11
  0.00000E+00   1.87425E-09   1.03698E-11
  0.00000E+00   1.86141E-09   1.03855E-11
  0.00000E+00   1.84866E-09   1.04026E-11
  0.00000E+00   1.83607E-09   1.04178E-11
  0.00000E+00   1.82361E-09   1.04328E-11
  0.00000E+00   1.81128E-09   1.04524E-11
  0.00000E+00   1.79907E-09   1.04795E-11
  0.00000E+00   1.78695E-09   1.05097E-11
  0.00000E+00   1.77488E-09   1.05392E-11
  0.00000E+00   1.76285E-09   1.05738E-11
  0.00000E+00   1.75087E-09   1.06174E-11
  0.00000E+00   1.73902E-09   1.06713E-11
  0.00000E+00   1.72732E-09   1.07360E-11
  0.00000E+00   1.71571E-09   1.08084E-11
  0.00000E+00   1.70419E-09   1.08863E-11
  0.00000E+00   1.69275E-09   1.09700E-11
  0.00000E+00   1.68144E-09   1.10581E-11
  0.00000E+00   1.67028E-09   1.11485E-11
  0.00000E+00   1.65924E-09   1.12398E-11
  0.00000E+00   1.64829E-09   1.13327E-11
  0.00000E+00   1.63747E-09   1.14250E-11
  0.00000E+00   1.62677E-09   1.15122E-11
  0.00000E+00   1.61617E-09   1.15867E-11
  0.00000E+00   1.60568E-09   1.16453E-11
  0.00000E+00   1.59533E-09   1.16913E-11
  0.00000E+00   1.58509E-09   1.17245E-11
  0.00000E+00   1.57493E-09   1.17435E-11
  0.00000E+00   1.56479E-09   1.17509E-11
  0.00000E+00   1.55468E-09   1.17495E-11
  0.00000E+00   1.54463E-09   1.17404E-11
  0.00000E+00   1.53464E-09   1.17235E-11
  0.00000E+00   1.52468E-09   1.16991E-11
  0.00000E+00   1.51473E-09   1.16713E-11
  0.00000E+00   1.50481E-09   1.16467E-11
  0.00000E+00   1.49496E-09   1.16293E-11
  0.00000E+00   1.48517E-09   1.16187E-11
  0.00000E+00   1.47545E-09   1.16140E-11
  0.00000E+00   1.46582E-09   1.16138E-11
  0.00000E+00   1.45631E-09   1.16158E-11
  0.00000E+00   1.44690E-09   1.16175E-11
  0.00000E+00   1.43757E-09   1.16174E-11
  0.00000E+00   1.42831E-09   1.16177E-11
  0.00000E+00   1.41914E-09   1.16202E-11
  0.00000E+00   1.41010E-09   1.16265E-11
  0.00000E+00   1.40117E-09   1.16366E-11
  0.00000E+00   1.39234E-09   1.16476E-11
  0.00000E+00   1.38360E-09   1.16582E-11
  0.00000E+00   1.37497E-09   1.16695E-11
  0.00000E+00   1.36641E-09   1.16803E-11
  0.00000E+00   1.35791E-09   1.16900E-11
  0.00000E+00   1.34945E-09   1.16988E-11
  0.00000E+00   1.34104E-09   1.17053E-11
  0.00000E+00   1.33268E-09   1.17093E-11
  0.00000E+00   1.32437E-09   1.17134E-11
  0.00000E+00   1.31610E-09   1.17196E-11
  0.00000E+00   1.30786E-09   1.17271E-11
  0.00000E+00   1.29969E-09   1.17319E-11
  0.00000E+00   1.29157E-09   1.17300E-11
  0.00000E+00   1.28351E-09   1.17195E-11
  0.00000E+00   1.27551E-09   1.17017E-11
  0.00000E+00   1.26759E-09   1.16766E-11
  0.00000E+00   1.25975E-09   1.16434E-11
  0.00000E+00   1.25200E-09   1.16043E-11
  0.00000E+00   1.24433E-09   1.15614E-11
  0.00000E+00   1.23674E-09   1.15144E-11
  0.00000E+00   1.22924E-09   1.14633E-11
  0.00000E+00   1.22182E-09   1.14093E-11
  0.00000E+00   1.21448E-09   1.13545E-11
  0.00000E+00   1.20723E-09   1.12993E-11
  0.00000E+00   1.20005E-09   1.12430E-11
  0.00000E+00   1.19292E-09   1.11866E-11
  0.00000E+00   1.18583E-09   1.11327E-11
  0.00000E+00   1.17877E-09   1.10826E-11
  0.00000E+00   1.17174E-09   1.10350E-11
  0.00000E+00   1.16475E-09   1.09870E-11
  0.00000E+00   1.15779E-09   1.09359E-11
  0.00000E+00   1.15085E-09   1.08812E-11
  0.00000E+00   1.14394E-09   1.08246E-11
  0.00000E+00   1.13707E-09   1.07683E-11
  0.00000E+00   1.13025E-09   1.07135E-11
  0.00000E+00   1.12348E-09   1.06588E-11
  0.00000E+00   1.11678E-09   1.06021E-11
  0.00000E+00   1.11013E-09   1.05414E-11
  0.00000E+00   1.10355E-09   1.04756E-11
  0.00000E+00   1.09701E-09   1.04051E-11
  0.00000E+00   1.09054E-09   1.03308E-11
  0.00000E+00   1.08412E-09   1.02541E-11
  0.00000E+00   1.07777E-09   1.01760E-11
  0.00000E+00   1.07148E-09   1.00968E-11
  0.00000E+00   1.06526E-09   1.00172E-11
  0.00000E+00   1.05911E-09   9.93748E-12
  0.00000E+00   1.05299E-09   9.85850E-12
  0.00000E+00   1.04690E-09   9.78028E-12
  0.00000E+00   1.04085E-09   9.70207E-12
  0.00000E+00   1.03484E-09   9.62299E-12
  0.00000E+00   1.02887E-09   9.54118E-12
  0.00000E+00   1.02292E-09   9.45518E-12
  0.00000E+00   1.01699E-09   9.36528E-12
  0.00000E+00   1.01110E-09   9.27218E-12
  0.00000E+00   1.00524E-09   9.17693E-12
  0.00000E+00   9.99421E-10   9.08105E-12
  0.00000E+00   9.93642E-10   8.98528E-12
  0.00000E+00   9.87903E-10   8.88974E-12
  0.00000E+00   9.82207E-10   8.79442E-12
  0.00000E+00   9.76550E-10   8.69907E-12
  0.00000E+00   9.70924E-10   8.60438E-12
  0.00000E+00   9.65329E-10   8.51181E-12
  0.00000E+00   9.59770E-10   8.42235E-12
  0.00000E+00   9.54250E-10   8.33632E-12
  0.00000E+00   9.48765E-10   8.25420E-12
  0.00000E+00   9.43311E-10   8.17713E-12
  0.00000E+00   9.37887E-10   8.10591E-12
  0.00000E+00   9.32498E-10   8.04017E-12
  0.00000E+00   9.27141E-10   7.97907E-12
  0.00000E+00   9.21815E-10   7.92169E-12
  0.00000E+00   9.16521E-10   7.86698E-12
  0.00000E+00   9.11257E-10   7.81334E-12
  0.00000E+00   9.06020E-10   7.75903E-12
  0.00000E+00   9.00809E-10   7.70303E-12
  0.00000E+00   8.95635E-10   7.64483E-12
  0.00000E+00   8.90502E-10   7.58388E-12
  0.00000E+00   8.85411E-10   7.51986E-12
  0.00000E+00   8.80358E-10   7.45302E-12
  0.00000E+00   8.75337E-10   7.38388E-12
  0.00000E+00   8.70347E-10   7.31264E-12
  0.00000E+00   8.65392E-10   7.23890E-12
  0.00000E+00   8.60469E-10   7.16245E-12
  0.00000E+00   8.55570E-10   7.08400E-12
  0.00000E+00   8.50692E-10   7.00498E-12
  0.00000E+00   8.45832E-10   6.92704E-12
  0.00000E+00   8.40987E-10   6.85120E-12
  0.00000E+00   8.36155E-10   6.77781E-12
  0.00000E+00   8.31336E-10   6.70718E-12
  0.00000E+00   8.26534E-10   6.63937E-12
  0.00000E+00   8.21751E-10   6.57443E-12
  0.00000E+00   8.16985E-10   6.51270E-12
  0.00000E+00   8.12234E-10   6.45445E-12
  0.00000E+00   8.07499E-10   6.39957E-12
  0.00000E+00   8.02785E-10   6.34766E-12
  0.00000E+00   7.98102E-10   6.29855E-12
  0.00000E+00   7.93454E-10   6.25227E-12
  0.00000E+00   7.88844E-10   6.20869E-12
  0.00000E+00   7.84277E-10   6.16719E-12
  0.00000E+00   7.79756E-10   6.12694E-12
  0.00000E+00   7.75277E-10   6.08748E-12
  0.00000E+00   7.70836E-10   6.04873E-12
  0.00000E+00   7.66430E-10   6.01070E-12
  0.00000E+00   7.62054E-10   5.97356E-12
  0.00000E+00   7.57706E-10   5.93764E-12
  0.00000E+00   7.53383E-10   5.90307E-12
  0.00000E+00   7.49084E-10   5.86980E-12
  0.00000E+00   7.44805E-10   5.83762E-12
  0.00000E+00   7.40543E-10   5.80654E-12
  0.00000E+00   7.36293E-10   5.77709E-12
  0.00000E+00   7.32056E-10   5.74971E-12
  0.00000E+00   7.27832E-10   5.72438E-12
  0.00000E+00   7.23622E-10   5.70081E-12
  0.00000E+00   7.19424E-10   5.67852E-12
  0.00000E+00   7.15238E-10   5.65731E-12
  0.00000E+00   7.11066E-10   5.63737E-12
  0.00000E+00   7.06914E-10   5.61902E-12
  0.00000E+00   7.02784E-10   5.60241E-12
  0.00000E+00   6.98681E-10   5.58695E-12
  0.00000E+00   6.94606E-10   5.57168E-12
  0.00000E+00   6.90563E-10   5.55582E-12
  0.00000E+00   6.86551E-10   5.53912E-12
  0.00000E+00   6.82569E-10   5.52185E-12
  0.00000E+00   6.78615E-10   5.50434E-12
  0.00000E+00   6.74690E-10   5.48680E-12
  0.00000E+00   6.70795E-10   5.46922E-12
  0.00000E+00   6.66929E-10   5.45148E-12
  0.00000E+00   6.63089E-10   5.43357E-12
  0.00000E+00   6.59272E-10   5.41589E-12
  0.00000E+00   6.55475E-10   5.39911E-12
  0.00000E+00   6.51699E-10   5.38399E-12
  0.00000E+00   6.47944E-10   5.37104E-12
  0.00000E+00   6.44213E-10   5.36036E-12
  0.00000E+00   6.40503E-10   5.35191E-12
  0.00000E+00   6.36814E-10   5.34566E-12
  0.00000E+00   6.33145E-10   5.34166E-12
  0.00000E+00   6.29496E-10   5.33988E-12
  0.00000E+00   6.25871E-10   5.34010E-12
  0.00000E+00   6.22269E-10   5.34202E-12
  0.00000E+00   6.18693E-10   5.34514E-12
  0.00000E+00   6.15141E-10   5.34868E-12
  0.00000E+00   6.11612E-10   5.35192E-12
  0.00000E+00   6.08107E-10   5.35431E-12
  0.00000E+00   6.04625E-10   5.35555E-12
  0.00000E+00   6.01166E-10   5.35536E-12
  0.00000E+00   5.97730E-10   5.35340E-12
  0.00000E+00   5.94317E-10   5.34940E-12
  0.00000E+00   5.90928E-10   5.34321E-12
  0.00000E+00   5.87559E-10   5.33495E-12
  0.00000E+00   5.84210E-10   5.32490E-12
  0.00000E+00   5.80881E-10   5.31337E-12
  0.00000E+00   5.77571E-10   5.30073E-12
  0.00000E+00   5.74279E-10   5.28741E-12
  0.00000E+00   5.71006E-10   5.27380E-12
  0.00000E+00   5.67751E-10   5.26020E-12
  0.00000E+00   5.64513E-10   5.24686E-12
  0.00000E+00   5.61294E-10   5.23406E-12
  0.00000E+00   5.58095E-10   5.22198E-12
  0.00000E+00   5.54919E-10   5.21064E-12
  0.00000E+00   5.51766E-10   5.19985E-12
  0.00000E+00   5.48636E-10   5.18943E-12
  0.00000E+00   5.45530E-10   5.17925E-12
  0.00000E+00   5.42446E-10   5.16926E-12
  0.00000E+00   5.39387E-10   5.15936E-12
  0.00000E+00   5.36351E-10   5.14946E-12
  0.00000E+00   5.33338E-10   5.13948E-12
  0.00000E+00   5.30348E-10   5.12933E-12
  0.00000E+00   5.27380E-10   5.11902E-12
  0.00000E+00   5.24432E-10   5.10858E-12
  0.00000E+00   5.21505E-10   5.09807E-12
  0.00000E+00   5.18597E-10   5.08750E-12
  0.00000E+00   5.15709E-10   5.07674E-12
  0.00000E+00   5.12841E-10   5.06568E-12
  0.00000E+00   5.09991E-10   5.05427E-12
  0.00000E+00   5.07158E-10   5.04246E-12
  0.00000E+00   5.04340E-10   5.03012E-12
  0.00000E+00   5.01538E-10   5.01693E-12
  0.00000E+00   4.98753E-10   5.00250E-12
  0.00000E+00   4.95985E-10   4.98649E-12
  0.00000E+00   4.93234E-10   4.96867E-12
  0.00000E+00   4.90502E-10   4.94883E-12
  0.00000E+00   4.87787E-10   4.92680E-12
  0.00000E+00   4.85089E-10   4.90251E-12
  0.00000E+00   4.82408E-10   4.87597E-12
  0.00000E+00   4.79744E-10   4.84729E-12
  0.00000E+00   4.77098E-10   4.81662E-12
  0.00000E+00   4.74469E-10   4.78421E-12
  0.00000E+00   4.71856E-10   4.75042E-12
  0.00000E+00   4.69260E-10   4.71570E-12
  0.00000E+00   4.66681E-10   4.68049E-12
  0.00000E+00   4.64116E-10   4.64523E-12
