  0.00000E+00   9.90771E-06   1.29984E-05
  0.00000E+00   6.24268E-06   5.85224E-06
  0.00000E+00   4.42992E-06   1.57233E-06
  0.00000E+00   3.36594E-06   3.45432E-07
  0.00000E+00   2.92260E-06  -6.63762E-08
  0.00000E+00   2.64756E-06  -1.73884E-07
  0.00000E+00   2.41303E-06  -2.06023E-07
  0.00000E+00   2.25057E-06  -2.19175E-07
  0.00000E+00   2.13628E-06  -2.32143E-07
  0.00000E+00   2.05803E-06  -2.43120E-07
  0.00000E+00   2.00473E-06  -2.48766E-07
  0.00000E+00   1.96014E-06  -2.50211E-07
  0.00000E+00   1.90562E-06  -2.49334E-07
  0.00000E+00   1.83279E-06  -2.46097E-07
  0.00000E+00   1.75011E-06  -2.40593E-07
  0.00000E+00   1.66886E-06  -2.34484E-07
  0.00000E+00   1.59154E-06  -2.28435E-07
  0.00000E+00   1.51523E-06  -2.21647E-07
  0.00000E+00   1.43823E-06  -2.13573E-07
  0.00000E+00   1.36118E-06  -2.04469E-07
  0.00000E+00   1.28636E-06  -1.95000E-07
  0.00000E+00   1.21605E-06  -1.85717E-07
  0.00000E+00   1.15112E-06  -1.76817E-07
  0.00000E+00   1.09132E-06  -1.68334E-07
  0.00000E+00   1.03608E-06  -1.60306E-07
  0.00000E+00   9.84881E-07  -1.52763E-07
  0.00000E+00   9.37219E-07  -1.45705E-07
  0.00000E+00   8.92832E-07  -1.39102E-07
  0.00000E+00   8.51573E-07  -1.32904E-07
  0.00000E+00   8.13327E-07  -1.27069E-07
  0.00000E+00   7.77892E-07  -1.21571E-07
  0.00000E+00   7.44969E-07  -1.16395E-07
  0.00000E+00   7.14252E-07  -1.11542E-07
  0.00000E+00   6.85393E-07  -1.07006E-07
  0.00000E+00   6.57982E-07  -1.02758E-07
  0.00000E+00   6.31496E-07  -9.87510E-08
  0.00000E+00   6.05381E-07  -9.48972E-08
  0.00000E+00   5.79382E-07  -9.10693E-08
  0.00000E+00   5.53912E-07  -8.71530E-08
  0.00000E+00   5.30043E-07  -8.31651E-08
  0.00000E+00   5.08987E-07  -7.93247E-08
  0.00000E+00   4.91302E-07  -7.59371E-08
  0.00000E+00   4.76431E-07  -7.31686E-08
  0.00000E+00   4.63006E-07  -7.09233E-08
  0.00000E+00   4.49736E-07  -6.89259E-08
  0.00000E+00   4.36058E-07  -6.69143E-08
  0.00000E+00   4.22033E-07  -6.47706E-08
  0.00000E+00   4.07858E-07  -6.24961E-08
  0.00000E+00   3.93609E-07  -6.01197E-08
  0.00000E+00   3.79335E-07  -5.76645E-08
  0.00000E+00   3.65193E-07  -5.51745E-08
  0.00000E+00   3.51422E-07  -5.27219E-08
  0.00000E+00   3.38249E-07  -5.03809E-08
  0.00000E+00   3.25804E-07  -4.82020E-08
  0.00000E+00   3.14107E-07  -4.62019E-08
  0.00000E+00   3.03106E-07  -4.43665E-08
  0.00000E+00   2.92759E-07  -4.26655E-08
  0.00000E+00   2.83058E-07  -4.10722E-08
  0.00000E+00   2.74005E-07  -3.95735E-08
  0.00000E+00   2.65569E-07  -3.81659E-08
  0.00000E+00   2.57679E-07  -3.68467E-08
  0.00000E+00   2.50251E-07  -3.56110E-08
  0.00000E+00   2.43197E-07  -3.44530E-08
  0.00000E+00   2.36440E-07  -3.33676E-08
  0.00000E+00   2.29918E-07  -3.23478E-08
  0.00000E+00   2.23598E-07  -3.13825E-08
  0.00000E+00   2.17469E-07  -3.04568E-08
  0.00000E+00   2.11535E-07  -2.95565E-08
  0.00000E+00   2.05800E-07  -2.86708E-08
  0.00000E+00   2.00258E-07  -2.77942E-08
  0.00000E+00   1.94897E-07  -2.69276E-08
  0.00000E+00   1.89703E-07  -2.60773E-08
  0.00000E+00   1.84666E-07  -2.52531E-08
  0.00000E+00   1.79783E-07  -2.44664E-08
  0.00000E+00   1.75054E-07  -2.37273E-08
  0.00000E+00   1.70476E-07  -2.30425E-08
  0.00000E+00   1.66035E-07  -2.24124E-08
  0.00000E+00   1.61695E-07  -2.18288E-08
  0.00000E+00   1.57408E-07  -2.12757E-08
  0.00000E+00   1.53141E-07  -2.07342E-08
  0.00000E+00   1.48895E-07  -2.01903E-08
  0.00000E+00   1.44714E-07  -1.96420E-08
  0.00000E+00   1.40655E-07  -1.90975E-08
  0.00000E+00   1.36750E-07  -1.85676E-08
  0.00000E+00   1.32988E-07  -1.80571E-08
  0.00000E+00   1.29332E-07  -1.75634E-08
  0.00000E+00   1.25754E-07  -1.70808E-08
  0.00000E+00   1.22257E-07  -1.66065E-08
  0.00000E+00   1.18874E-07  -1.61418E-08
  0.00000E+00   1.15645E-07  -1.56889E-08
  0.00000E+00   1.12594E-07  -1.52487E-08
  0.00000E+00   1.09721E-07  -1.48199E-08
  0.00000E+00   1.07013E-07  -1.44005E-08
  0.00000E+00   1.04449E-07  -1.39892E-08
  0.00000E+00   1.02014E-07  -1.35854E-08
  0.00000E+00   9.96923E-08  -1.31887E-08
  0.00000E+00   9.74679E-08  -1.27979E-08
  0.00000E+00   9.53220E-08  -1.24118E-08
  0.00000E+00   9.32319E-08  -1.20290E-08
  0.00000E+00   9.11753E-08  -1.16495E-08
  0.00000E+00   8.91343E-08  -1.12756E-08
  0.00000E+00   8.70999E-08  -1.09118E-08
  0.00000E+00   8.50730E-08  -1.05646E-08
  0.00000E+00   8.30628E-08  -1.02413E-08
  0.00000E+00   8.10826E-08  -9.94740E-09
  0.00000E+00   7.91451E-08  -9.68570E-09
  0.00000E+00   7.72590E-08  -9.45497E-09
  0.00000E+00   7.54271E-08  -9.25021E-09
  0.00000E+00   7.36458E-08  -9.06387E-09
  0.00000E+00   7.19064E-08  -8.88758E-09
  0.00000E+00   7.01971E-08  -8.71385E-09
  0.00000E+00   6.85053E-08  -8.53711E-09
  0.00000E+00   6.68203E-08  -8.35404E-09
  0.00000E+00   6.51349E-08  -8.16342E-09
  0.00000E+00   6.34466E-08  -7.96559E-09
  0.00000E+00   6.17565E-08  -7.76205E-09
  0.00000E+00   6.00687E-08  -7.55504E-09
  0.00000E+00   5.83888E-08  -7.34725E-09
  0.00000E+00   5.67242E-08  -7.14143E-09
  0.00000E+00   5.50845E-08  -6.93991E-09
  0.00000E+00   5.34820E-08  -6.74419E-09
  0.00000E+00   5.19321E-08  -6.55477E-09
  0.00000E+00   5.04502E-08  -6.37132E-09
  0.00000E+00   4.90488E-08  -6.19315E-09
  0.00000E+00   4.77353E-08  -6.01971E-09
  0.00000E+00   4.65121E-08  -5.85084E-09
  0.00000E+00   4.53777E-08  -5.68673E-09
  0.00000E+00   4.43287E-08  -5.52773E-09
  0.00000E+00   4.33608E-08  -5.37425E-09
  0.00000E+00   4.24681E-08  -5.22690E-09
  0.00000E+00   4.16429E-08  -5.08659E-09
  0.00000E+00   4.08753E-08  -4.95457E-09
  0.00000E+00   4.01532E-08  -4.83221E-09
  0.00000E+00   3.94629E-08  -4.72065E-09
  0.00000E+00   3.87890E-08  -4.62065E-09
  0.00000E+00   3.81162E-08  -4.53232E-09
  0.00000E+00   3.74305E-08  -4.45502E-09
  0.00000E+00   3.67216E-08  -4.38713E-09
  0.00000E+00   3.59838E-08  -4.32604E-09
  0.00000E+00   3.52170E-08  -4.26824E-09
  0.00000E+00   3.44267E-08  -4.20986E-09
  0.00000E+00   3.36224E-08  -4.14729E-09
  0.00000E+00   3.28165E-08  -4.07795E-09
  0.00000E+00   3.20221E-08  -4.00069E-09
  0.00000E+00   3.12523E-08  -3.91589E-09
  0.00000E+00   3.05179E-08  -3.82531E-09
  0.00000E+00   2.98273E-08  -3.73164E-09
  0.00000E+00   2.91852E-08  -3.63800E-09
  0.00000E+00   2.85919E-08  -3.54753E-09
  0.00000E+00   2.80431E-08  -3.46290E-09
  0.00000E+00   2.75305E-08  -3.38594E-09
  0.00000E+00   2.70428E-08  -3.31732E-09
  0.00000E+00   2.65670E-08  -3.25640E-09
  0.00000E+00   2.60905E-08  -3.20140E-09
  0.00000E+00   2.56027E-08  -3.14978E-09
  0.00000E+00   2.50966E-08  -3.09884E-09
  0.00000E+00   2.45694E-08  -3.04629E-09
  0.00000E+00   2.40226E-08  -2.99061E-09
  0.00000E+00   2.34621E-08  -2.93123E-09
  0.00000E+00   2.28965E-08  -2.86834E-09
  0.00000E+00   2.23364E-08  -2.80273E-09
  0.00000E+00   2.17929E-08  -2.73550E-09
  0.00000E+00   2.12758E-08  -2.66792E-09
  0.00000E+00   2.07919E-08  -2.60124E-09
  0.00000E+00   2.03442E-08  -2.53664E-09
  0.00000E+00   1.99309E-08  -2.47512E-09
  0.00000E+00   1.95464E-08  -2.41741E-09
  0.00000E+00   1.91828E-08  -2.36383E-09
  0.00000E+00   1.88321E-08  -2.31431E-09
  0.00000E+00   1.84876E-08  -2.26837E-09
  0.00000E+00   1.81454E-08  -2.22528E-09
  0.00000E+00   1.78042E-08  -2.18419E-09
  0.00000E+00   1.74650E-08  -2.14440E-09
  0.00000E+00   1.71300E-08  -2.10547E-09
  0.00000E+00   1.68019E-08  -2.06724E-09
  0.00000E+00   1.64832E-08  -2.02981E-09
  0.00000E+00   1.61758E-08  -1.99338E-09
  0.00000E+00   1.58811E-08  -1.95816E-09
  0.00000E+00   1.55994E-08  -1.92427E-09
  0.00000E+00   1.53305E-08  -1.89169E-09
  0.00000E+00   1.50732E-08  -1.86033E-09
  0.00000E+00   1.48261E-08  -1.82995E-09
  0.00000E+00   1.45878E-08  -1.80027E-09
  0.00000E+00   1.43571E-08  -1.77087E-09
  0.00000E+00   1.41334E-08  -1.74133E-09
  0.00000E+00   1.39168E-08  -1.71118E-09
  0.00000E+00   1.37076E-08  -1.68009E-09
  0.00000E+00   1.35065E-08  -1.64788E-09
  0.00000E+00   1.33139E-08  -1.61464E-09
  0.00000E+00   1.31297E-08  -1.58072E-09
  0.00000E+00   1.29531E-08  -1.54674E-09
  0.00000E+00   1.27822E-08  -1.51342E-09
  0.00000E+00   1.26148E-08  -1.48154E-09
  0.00000E+00   1.24477E-08  -1.45173E-09
  0.00000E+00   1.22782E-08  -1.42439E-09
  0.00000E+00   1.21040E-08  -1.39961E-09
  0.00000E+00   1.19233E-08  -1.37707E-09
  0.00000E+00   1.17358E-08  -1.35617E-09
  0.00000E+00   1.15419E-08  -1.33605E-09
  0.00000E+00   1.13427E-08  -1.31584E-09
  0.00000E+00   1.11400E-08  -1.29476E-09
  0.00000E+00   1.09358E-08  -1.27235E-09
  0.00000E+00   1.07323E-08  -1.24855E-09
  0.00000E+00   1.05316E-08  -1.22364E-09
  0.00000E+00   1.03357E-08  -1.19817E-09
  0.00000E+00   1.01462E-08  -1.17281E-09
  0.00000E+00   9.96388E-09  -1.14813E-09
  0.00000E+00   9.78904E-09  -1.12451E-09
  0.00000E+00   9.62109E-09  -1.10208E-09
  0.00000E+00   9.45899E-09  -1.08075E-09
  0.00000E+00   9.30154E-09  -1.06028E-09
  0.00000E+00   9.14778E-09  -1.04044E-09
  0.00000E+00   8.99720E-09  -1.02102E-09
  0.00000E+00   8.84979E-09  -1.00199E-09
  0.00000E+00   8.70589E-09  -9.83438E-10
  0.00000E+00   8.56592E-09  -9.65577E-10
  0.00000E+00   8.43012E-09  -9.48698E-10
  0.00000E+00   8.29829E-09  -9.33096E-10
  0.00000E+00   8.16968E-09  -9.19009E-10
  0.00000E+00   8.04305E-09  -9.06557E-10
  0.00000E+00   7.91674E-09  -8.95696E-10
  0.00000E+00   7.78893E-09  -8.86197E-10
  0.00000E+00   7.65791E-09  -8.77641E-10
  0.00000E+00   7.52229E-09  -8.69449E-10
  0.00000E+00   7.38135E-09  -8.60942E-10
  0.00000E+00   7.23512E-09  -8.51426E-10
  0.00000E+00   7.08450E-09  -8.40285E-10
  0.00000E+00   6.93120E-09  -8.27082E-10
  0.00000E+00   6.77750E-09  -8.11629E-10
  0.00000E+00   6.62601E-09  -7.94024E-10
  0.00000E+00   6.47936E-09  -7.74646E-10
  0.00000E+00   6.33983E-09  -7.54093E-10
  0.00000E+00   6.20912E-09  -7.33097E-10
  0.00000E+00   6.08816E-09  -7.12409E-10
  0.00000E+00   5.97699E-09  -6.92694E-10
  0.00000E+00   5.87482E-09  -6.74455E-10
  0.00000E+00   5.78016E-09  -6.57990E-10
  0.00000E+00   5.69114E-09  -6.43389E-10
  0.00000E+00   5.60577E-09  -6.30574E-10
  0.00000E+00   5.52228E-09  -6.19345E-10
  0.00000E+00   5.43938E-09  -6.09435E-10
  0.00000E+00   5.35632E-09  -6.00564E-10
  0.00000E+00   5.27295E-09  -5.92471E-10
  0.00000E+00   5.18953E-09  -5.84945E-10
  0.00000E+00   5.10661E-09  -5.77837E-10
  0.00000E+00   5.02483E-09  -5.71070E-10
  0.00000E+00   4.94472E-09  -5.64629E-10
  0.00000E+00   4.86665E-09  -5.58547E-10
  0.00000E+00   4.79070E-09  -5.52876E-10
  0.00000E+00   4.71672E-09  -5.47650E-10
  0.00000E+00   4.64431E-09  -5.42863E-10
  0.00000E+00   4.57290E-09  -5.38439E-10
  0.00000E+00   4.50188E-09  -5.34240E-10
  0.00000E+00   4.43069E-09  -5.30065E-10
  0.00000E+00   4.35891E-09  -5.25687E-10
  0.00000E+00   4.28634E-09  -5.20877E-10
  0.00000E+00   4.21300E-09  -5.15442E-10
  0.00000E+00   4.13915E-09  -5.09247E-10
  0.00000E+00   4.06522E-09  -5.02239E-10
  0.00000E+00   3.99177E-09  -4.94446E-10
  0.00000E+00   3.91937E-09  -4.85973E-10
  0.00000E+00   3.84860E-09  -4.76985E-10
  0.00000E+00   3.77993E-09  -4.67680E-10
  0.00000E+00   3.71366E-09  -4.58263E-10
  0.00000E+00   3.64994E-09  -4.48913E-10
  0.00000E+00   3.58878E-09  -4.39763E-10
  0.00000E+00   3.53000E-09  -4.30882E-10
  0.00000E+00   3.47336E-09  -4.22272E-10
  0.00000E+00   3.41855E-09  -4.13879E-10
  0.00000E+00   3.36527E-09  -4.05614E-10
  0.00000E+00   3.31321E-09  -3.97381E-10
  0.00000E+00   3.26219E-09  -3.89108E-10
  0.00000E+00   3.21207E-09  -3.80770E-10
  0.00000E+00   3.16284E-09  -3.72404E-10
  0.00000E+00   3.11460E-09  -3.64103E-10
  0.00000E+00   3.06751E-09  -3.56001E-10
  0.00000E+00   3.02177E-09  -3.48247E-10
  0.00000E+00   2.97758E-09  -3.40973E-10
  0.00000E+00   2.93506E-09  -3.34273E-10
  0.00000E+00   2.89422E-09  -3.28188E-10
  0.00000E+00   2.85498E-09  -3.22704E-10
  0.00000E+00   2.81713E-09  -3.17768E-10
  0.00000E+00   2.78043E-09  -3.13303E-10
  0.00000E+00   2.74460E-09  -3.09230E-10
  0.00000E+00   2.70939E-09  -3.05479E-10
  0.00000E+00   2.67463E-09  -3.02001E-10
  0.00000E+00   2.64019E-09  -2.98763E-10
  0.00000E+00   2.60599E-09  -2.95749E-10
  0.00000E+00   2.57200E-09  -2.92944E-10
  0.00000E+00   2.53821E-09  -2.90332E-10
  0.00000E+00   2.50460E-09  -2.87884E-10
  0.00000E+00   2.47113E-09  -2.85555E-10
  0.00000E+00   2.43775E-09  -2.83288E-10
  0.00000E+00   2.40444E-09  -2.81008E-10
  0.00000E+00   2.37115E-09  -2.78638E-10
  0.00000E+00   2.33789E-09  -2.76100E-10
  0.00000E+00   2.30472E-09  -2.73326E-10
  0.00000E+00   2.27171E-09  -2.70271E-10
  0.00000E+00   2.23901E-09  -2.66915E-10
  0.00000E+00   2.20676E-09  -2.63272E-10
  0.00000E+00   2.17516E-09  -2.59388E-10
  0.00000E+00   2.14437E-09  -2.55340E-10
  0.00000E+00   2.11456E-09  -2.51223E-10
  0.00000E+00   2.08584E-09  -2.47141E-10
  0.00000E+00   2.05829E-09  -2.43194E-10
  0.00000E+00   2.03189E-09  -2.39460E-10
  0.00000E+00   2.00656E-09  -2.35990E-10
  0.00000E+00   1.98210E-09  -2.32793E-10
  0.00000E+00   1.95827E-09  -2.29839E-10
  0.00000E+00   1.93475E-09  -2.27061E-10
  0.00000E+00   1.91121E-09  -2.24361E-10
  0.00000E+00   1.88728E-09  -2.21629E-10
  0.00000E+00   1.86263E-09  -2.18752E-10
  0.00000E+00   1.83701E-09  -2.15637E-10
  0.00000E+00   1.81021E-09  -2.12223E-10
  0.00000E+00   1.78217E-09  -2.08491E-10
  0.00000E+00   1.75295E-09  -2.04468E-10
  0.00000E+00   1.72275E-09  -2.00223E-10
  0.00000E+00   1.69185E-09  -1.95855E-10
  0.00000E+00   1.66065E-09  -1.91477E-10
  0.00000E+00   1.62955E-09  -1.87196E-10
  0.00000E+00   1.59891E-09  -1.83100E-10
  0.00000E+00   1.56906E-09  -1.79244E-10
  0.00000E+00   1.54020E-09  -1.75646E-10
  0.00000E+00   1.51244E-09  -1.72295E-10
  0.00000E+00   1.48579E-09  -1.69153E-10
  0.00000E+00   1.46018E-09  -1.66174E-10
  0.00000E+00   1.43550E-09  -1.63316E-10
  0.00000E+00   1.41163E-09  -1.60552E-10
  0.00000E+00   1.38844E-09  -1.57875E-10
  0.00000E+00   1.36583E-09  -1.55299E-10
  0.00000E+00   1.34371E-09  -1.52856E-10
  0.00000E+00   1.32201E-09  -1.50588E-10
  0.00000E+00   1.30067E-09  -1.48532E-10
  0.00000E+00   1.27964E-09  -1.46718E-10
  0.00000E+00   1.25888E-09  -1.45153E-10
  0.00000E+00   1.23836E-09  -1.43819E-10
  0.00000E+00   1.21806E-09  -1.42675E-10
  0.00000E+00   1.19800E-09  -1.41656E-10
  0.00000E+00   1.17819E-09  -1.40682E-10
  0.00000E+00   1.15868E-09  -1.39668E-10
  0.00000E+00   1.13952E-09  -1.38534E-10
  0.00000E+00   1.12075E-09  -1.37216E-10
  0.00000E+00   1.10245E-09  -1.35672E-10
  0.00000E+00   1.08467E-09  -1.33888E-10
  0.00000E+00   1.06743E-09  -1.31880E-10
  0.00000E+00   1.05078E-09  -1.29689E-10
  0.00000E+00   1.03469E-09  -1.27373E-10
  0.00000E+00   1.01917E-09  -1.25003E-10
  0.00000E+00   1.00415E-09  -1.22650E-10
  0.00000E+00   9.89593E-10  -1.20377E-10
  0.00000E+00   9.75431E-10  -1.18233E-10
  0.00000E+00   9.61594E-10  -1.16251E-10
  0.00000E+00   9.48016E-10  -1.14442E-10
  0.00000E+00   9.34637E-10  -1.12799E-10
  0.00000E+00   9.21406E-10  -1.11303E-10
  0.00000E+00   9.08287E-10  -1.09926E-10
  0.00000E+00   8.95261E-10  -1.08638E-10
  0.00000E+00   8.82329E-10  -1.07415E-10
  0.00000E+00   8.69511E-10  -1.06238E-10
  0.00000E+00   8.56842E-10  -1.05100E-10
  0.00000E+00   8.44366E-10  -1.04002E-10
  0.00000E+00   8.32124E-10  -1.02951E-10
  0.00000E+00   8.20152E-10  -1.01955E-10
  0.00000E+00   8.08462E-10  -1.01018E-10
  0.00000E+00   7.97047E-10  -1.00138E-10
  0.00000E+00   7.85879E-10  -9.93017E-11
  0.00000E+00   7.74915E-10  -9.84890E-11
  0.00000E+00   7.64106E-10  -9.76720E-11
  0.00000E+00   7.53411E-10  -9.68199E-11
  0.00000E+00   7.42801E-10  -9.59037E-11
  0.00000E+00   7.32270E-10  -9.49002E-11
  0.00000E+00   7.21830E-10  -9.37954E-11
  0.00000E+00   7.11512E-10  -9.25858E-11
  0.00000E+00   7.01357E-10  -9.12786E-11
  0.00000E+00   6.91410E-10  -8.98901E-11
  0.00000E+00   6.81708E-10  -8.84428E-11
  0.00000E+00   6.72277E-10  -8.69617E-11
  0.00000E+00   6.63130E-10  -8.54711E-11
  0.00000E+00   6.54264E-10  -8.39916E-11
  0.00000E+00   6.45665E-10  -8.25377E-11
  0.00000E+00   6.37309E-10  -8.11171E-11
  0.00000E+00   6.29168E-10  -7.97310E-11
  0.00000E+00   6.21211E-10  -7.83753E-11
  0.00000E+00   6.13411E-10  -7.70425E-11
  0.00000E+00   6.05742E-10  -7.57241E-11
  0.00000E+00   5.98181E-10  -7.44131E-11
  0.00000E+00   5.90707E-10  -7.31053E-11
  0.00000E+00   5.83296E-10  -7.18010E-11
  0.00000E+00   5.75924E-10  -7.05046E-11
  0.00000E+00   5.68567E-10  -6.92249E-11
  0.00000E+00   5.61198E-10  -6.79734E-11
  0.00000E+00   5.53794E-10  -6.67635E-11
  0.00000E+00   5.46339E-10  -6.56087E-11
  0.00000E+00   5.38827E-10  -6.45207E-11
  0.00000E+00   5.31263E-10  -6.35088E-11
  0.00000E+00   5.23666E-10  -6.25781E-11
  0.00000E+00   5.16070E-10  -6.17297E-11
  0.00000E+00   5.08517E-10  -6.09600E-11
  0.00000E+00   5.01056E-10  -6.02617E-11
  0.00000E+00   4.93739E-10  -5.96241E-11
  0.00000E+00   4.86613E-10  -5.90347E-11
  0.00000E+00   4.79718E-10  -5.84796E-11
  0.00000E+00   4.73082E-10  -5.79454E-11
  0.00000E+00   4.66717E-10  -5.74197E-11
  0.00000E+00   4.60623E-10  -5.68920E-11
  0.00000E+00   4.54785E-10  -5.63540E-11
  0.00000E+00   4.49183E-10  -5.58002E-11
  0.00000E+00   4.43786E-10  -5.52277E-11
  0.00000E+00   4.38568E-10  -5.46363E-11
  0.00000E+00   4.33503E-10  -5.40279E-11
  0.00000E+00   4.28571E-10  -5.34065E-11
  0.00000E+00   4.23757E-10  -5.27769E-11
  0.00000E+00   4.19054E-10  -5.21449E-11
  0.00000E+00   4.14454E-10  -5.15158E-11
  0.00000E+00   4.09950E-10  -5.08941E-11
  0.00000E+00   4.05531E-10  -5.02828E-11
  0.00000E+00   4.01185E-10  -4.96832E-11
  0.00000E+00   3.96893E-10  -4.90946E-11
  0.00000E+00   3.92639E-10  -4.85148E-11
  0.00000E+00   3.88404E-10  -4.79401E-11
  0.00000E+00   3.84177E-10  -4.73666E-11
  0.00000E+00   3.79955E-10  -4.67902E-11
  0.00000E+00   3.75742E-10  -4.62078E-11
  0.00000E+00   3.71553E-10  -4.56177E-11
  0.00000E+00   3.67410E-10  -4.50200E-11
  0.00000E+00   3.63339E-10  -4.44164E-11
  0.00000E+00   3.59368E-10  -4.38101E-11
  0.00000E+00   3.55516E-10  -4.32055E-11
  0.00000E+00   3.51798E-10  -4.26074E-11
  0.00000E+00   3.48214E-10  -4.20203E-11
  0.00000E+00   3.44752E-10  -4.14479E-11
  0.00000E+00   3.41389E-10  -4.08928E-11
  0.00000E+00   3.38090E-10  -4.03560E-11
  0.00000E+00   3.34816E-10  -3.98373E-11
  0.00000E+00   3.31526E-10  -3.93353E-11
  0.00000E+00   3.28183E-10  -3.88478E-11
  0.00000E+00   3.24755E-10  -3.83722E-11
  0.00000E+00   3.21221E-10  -3.79062E-11
  0.00000E+00   3.17570E-10  -3.74477E-11
  0.00000E+00   3.13801E-10  -3.69950E-11
  0.00000E+00   3.09923E-10  -3.65468E-11
  0.00000E+00   3.05953E-10  -3.61023E-11
  0.00000E+00   3.01910E-10  -3.56603E-11
  0.00000E+00   2.97816E-10  -3.52197E-11
  0.00000E+00   2.93689E-10  -3.47786E-11
  0.00000E+00   2.89546E-10  -3.43348E-11
  0.00000E+00   2.85397E-10  -3.38854E-11
  0.00000E+00   2.81251E-10  -3.34276E-11
  0.00000E+00   2.77111E-10  -3.29587E-11
  0.00000E+00   2.72981E-10  -3.24771E-11
  0.00000E+00   2.68863E-10  -3.19820E-11
  0.00000E+00   2.64764E-10  -3.14748E-11
  0.00000E+00   2.60696E-10  -3.09581E-11
  0.00000E+00   2.56673E-10  -3.04365E-11
  0.00000E+00   2.52714E-10  -2.99156E-11
  0.00000E+00   2.48840E-10  -2.94019E-11
  0.00000E+00   2.45070E-10  -2.89015E-11
  0.00000E+00   2.41421E-10  -2.84196E-11
  0.00000E+00   2.37904E-10  -2.79602E-11
  0.00000E+00   2.34521E-10  -2.75251E-11
  0.00000E+00   2.31270E-10  -2.71139E-11
  0.00000E+00   2.28139E-10  -2.67246E-11
  0.00000E+00   2.25111E-10  -2.63538E-11
  0.00000E+00   2.22166E-10  -2.59971E-11
  0.00000E+00   2.19282E-10  -2.56505E-11
  0.00000E+00   2.16441E-10  -2.53108E-11
  0.00000E+00   2.13628E-10  -2.49759E-11
  0.00000E+00   2.10835E-10  -2.46455E-11
  0.00000E+00   2.08057E-10  -2.43206E-11
  0.00000E+00   2.05297E-10  -2.40035E-11
  0.00000E+00   2.02560E-10  -2.36969E-11
  0.00000E+00   1.99851E-10  -2.34033E-11
  0.00000E+00   1.97178E-10  -2.31241E-11
  0.00000E+00   1.94543E-10  -2.28594E-11
  0.00000E+00   1.91947E-10  -2.26075E-11
  0.00000E+00   1.89387E-10  -2.23649E-11
  0.00000E+00   1.86856E-10  -2.21270E-11
  0.00000E+00   1.84349E-10  -2.18885E-11
  0.00000E+00   1.81858E-10  -2.16443E-11
  0.00000E+00   1.79378E-10  -2.13902E-11
  0.00000E+00   1.76911E-10  -2.11241E-11
  0.00000E+00   1.74459E-10  -2.08458E-11
  0.00000E+00   1.72032E-10  -2.05576E-11
  0.00000E+00   1.69644E-10  -2.02637E-11
  0.00000E+00   1.67309E-10  -1.99700E-11
  0.00000E+00   1.65043E-10  -1.96827E-11
  0.00000E+00   1.62859E-10  -1.94078E-11
  0.00000E+00   1.60766E-10  -1.91502E-11
  0.00000E+00   1.58768E-10  -1.89125E-11
  0.00000E+00   1.56860E-10  -1.86952E-11
  0.00000E+00   1.55035E-10  -1.84964E-11
  0.00000E+00   1.53278E-10  -1.83121E-11
  0.00000E+00   1.51574E-10  -1.81372E-11
  0.00000E+00   1.49905E-10  -1.79661E-11
  0.00000E+00   1.48257E-10  -1.77936E-11
  0.00000E+00   1.46617E-10  -1.76159E-11
  0.00000E+00   1.44979E-10  -1.74308E-11
  0.00000E+00   1.43338E-10  -1.72381E-11
  0.00000E+00   1.41696E-10  -1.70397E-11
  0.00000E+00   1.40053E-10  -1.68384E-11
  0.00000E+00   1.38414E-10  -1.66380E-11
  0.00000E+00   1.36779E-10  -1.64420E-11
  0.00000E+00   1.35148E-10  -1.62531E-11
  0.00000E+00   1.33519E-10  -1.60728E-11
  0.00000E+00   1.31886E-10  -1.59006E-11
  0.00000E+00   1.30243E-10  -1.57345E-11
  0.00000E+00   1.28581E-10  -1.55712E-11
  0.00000E+00   1.26895E-10  -1.54066E-11
  0.00000E+00   1.25181E-10  -1.52364E-11
  0.00000E+00   1.23440E-10  -1.50566E-11
  0.00000E+00   1.21676E-10  -1.48645E-11
  0.00000E+00   1.19899E-10  -1.46587E-11
  0.00000E+00   1.18122E-10  -1.44393E-11
  0.00000E+00   1.16359E-10  -1.42078E-11
  0.00000E+00   1.14625E-10  -1.39669E-11
  0.00000E+00   1.12936E-10  -1.37199E-11
  0.00000E+00   1.11304E-10  -1.34705E-11
  0.00000E+00   1.09737E-10  -1.32223E-11
  0.00000E+00   1.08239E-10  -1.29783E-11
  0.00000E+00   1.06812E-10  -1.27412E-11
  0.00000E+00   1.05452E-10  -1.25130E-11
  0.00000E+00   1.04153E-10  -1.22950E-11
  0.00000E+00   1.02907E-10  -1.20883E-11
  0.00000E+00   1.01707E-10  -1.18939E-11
  0.00000E+00   1.00545E-10  -1.17126E-11
  0.00000E+00   9.94137E-11  -1.15451E-11
  0.00000E+00   9.83082E-11  -1.13922E-11
  0.00000E+00   9.72246E-11  -1.12541E-11
  0.00000E+00   9.61598E-11  -1.11310E-11
  0.00000E+00   9.51116E-11  -1.10222E-11
  0.00000E+00   9.40777E-11  -1.09261E-11
  0.00000E+00   9.30557E-11  -1.08407E-11
  0.00000E+00   9.20433E-11  -1.07632E-11
  0.00000E+00   9.10379E-11  -1.06903E-11
  0.00000E+00   9.00378E-11  -1.06187E-11
  0.00000E+00   8.90416E-11  -1.05457E-11
  0.00000E+00   8.80497E-11  -1.04690E-11
  0.00000E+00   8.70638E-11  -1.03875E-11
  0.00000E+00   8.60870E-11  -1.03010E-11
  0.00000E+00   8.51236E-11  -1.02107E-11
  0.00000E+00   8.41786E-11  -1.01182E-11
  0.00000E+00   8.32562E-11  -1.00256E-11
  0.00000E+00   8.23597E-11  -9.93504E-12
  0.00000E+00   8.14899E-11  -9.84798E-12
  0.00000E+00   8.06454E-11  -9.76489E-12
  0.00000E+00   7.98217E-11  -9.68509E-12
  0.00000E+00   7.90119E-11  -9.60665E-12
  0.00000E+00   7.82075E-11  -9.52660E-12
  0.00000E+00   7.73992E-11  -9.44131E-12
  0.00000E+00   7.65783E-11  -9.34698E-12
  0.00000E+00   7.57376E-11  -9.24021E-12
  0.00000E+00   7.48732E-11  -9.11849E-12
  0.00000E+00   7.39840E-11  -8.98058E-12
  0.00000E+00   7.30726E-11  -8.82668E-12
  0.00000E+00   7.21450E-11  -8.65844E-12
  0.00000E+00   7.12093E-11  -8.47871E-12
  0.00000E+00   7.02751E-11  -8.29116E-12
  0.00000E+00   6.93521E-11  -8.09984E-12
  0.00000E+00   6.84492E-11  -7.90862E-12
  0.00000E+00   6.75733E-11  -7.72090E-12
  0.00000E+00   6.67290E-11  -7.53922E-12
  0.00000E+00   6.59184E-11  -7.36524E-12
  0.00000E+00   6.51415E-11  -7.19979E-12
  0.00000E+00   6.43963E-11  -7.04308E-12
  0.00000E+00   6.36801E-11  -6.89500E-12
  0.00000E+00   6.29901E-11  -6.75546E-12
  0.00000E+00   6.23234E-11  -6.62468E-12
  0.00000E+00   6.16784E-11  -6.50335E-12
  0.00000E+00   6.10539E-11  -6.39268E-12
  0.00000E+00   6.04493E-11  -6.29429E-12
  0.00000E+00   5.98643E-11  -6.20991E-12
  0.00000E+00   5.92978E-11  -6.14117E-12
  0.00000E+00   5.87479E-11  -6.08912E-12
  0.00000E+00   5.82114E-11  -6.05403E-12
  0.00000E+00   5.76834E-11  -6.03514E-12
  0.00000E+00   5.71579E-11  -6.03061E-12
  0.00000E+00   5.66281E-11  -6.03760E-12
  0.00000E+00   5.60870E-11  -6.05251E-12
  0.00000E+00   5.55283E-11  -6.07129E-12
  0.00000E+00   5.49468E-11  -6.08986E-12
  0.00000E+00   5.43395E-11  -6.10443E-12
  0.00000E+00   5.37055E-11  -6.11184E-12
  0.00000E+00   5.30460E-11  -6.10974E-12
  0.00000E+00   5.23641E-11  -6.09668E-12
  0.00000E+00   5.16644E-11  -6.07205E-12
  0.00000E+00   5.09523E-11  -6.03592E-12
  0.00000E+00   5.02330E-11  -5.98886E-12
  0.00000E+00   4.95114E-11  -5.93170E-12
  0.00000E+00   4.87917E-11  -5.86529E-12
  0.00000E+00   4.80768E-11  -5.79041E-12
  0.00000E+00   4.73689E-11  -5.70766E-12
  0.00000E+00   4.66694E-11  -5.61748E-12
  0.00000E+00   4.59793E-11  -5.52022E-12
  0.00000E+00   4.52999E-11  -5.41629E-12
  0.00000E+00   4.46326E-11  -5.30624E-12
  0.00000E+00   4.39795E-11  -5.19086E-12
  0.00000E+00   4.33431E-11  -5.07127E-12
  0.00000E+00   4.27262E-11  -4.94890E-12
  0.00000E+00   4.21318E-11  -4.82539E-12
  0.00000E+00   4.15623E-11  -4.70254E-12
  0.00000E+00   4.10193E-11  -4.58214E-12
  0.00000E+00   4.05036E-11  -4.46586E-12
  0.00000E+00   4.00144E-11  -4.35511E-12
  0.00000E+00   3.95498E-11  -4.25099E-12
  0.00000E+00   3.91071E-11  -4.15426E-12
  0.00000E+00   3.86823E-11  -4.06538E-12
  0.00000E+00   3.82715E-11  -3.98452E-12
  0.00000E+00   3.78703E-11  -3.91166E-12
  0.00000E+00   3.74750E-11  -3.84669E-12
  0.00000E+00   3.70822E-11  -3.78937E-12
  0.00000E+00   3.66892E-11  -3.73945E-12
  0.00000E+00   3.62940E-11  -3.69656E-12
  0.00000E+00   3.58951E-11  -3.66023E-12
  0.00000E+00   3.54913E-11  -3.62982E-12
  0.00000E+00   3.50818E-11  -3.60445E-12
  0.00000E+00   3.46659E-11  -3.58302E-12
  0.00000E+00   3.42428E-11  -3.56420E-12
  0.00000E+00   3.38121E-11  -3.54651E-12
  0.00000E+00   3.33737E-11  -3.52841E-12
  0.00000E+00   3.29278E-11  -3.50850E-12
  0.00000E+00   3.24753E-11  -3.48558E-12
  0.00000E+00   3.20180E-11  -3.45887E-12
  0.00000E+00   3.15583E-11  -3.42806E-12
  0.00000E+00   3.10995E-11  -3.39337E-12
  0.00000E+00   3.06449E-11  -3.35550E-12
  0.00000E+00   3.01983E-11  -3.31558E-12
  0.00000E+00   2.97630E-11  -3.27498E-12
  0.00000E+00   2.93416E-11  -3.23514E-12
  0.00000E+00   2.89358E-11  -3.19741E-12
  0.00000E+00   2.85459E-11  -3.16286E-12
  0.00000E+00   2.81712E-11  -3.13216E-12
  0.00000E+00   2.78097E-11  -3.10556E-12
  0.00000E+00   2.74587E-11  -3.08286E-12
  0.00000E+00   2.71148E-11  -3.06349E-12
  0.00000E+00   2.67748E-11  -3.04664E-12
  0.00000E+00   2.64357E-11  -3.03137E-12
  0.00000E+00   2.60951E-11  -3.01680E-12
  0.00000E+00   2.57517E-11  -3.00214E-12
  0.00000E+00   2.54048E-11  -2.98687E-12
  0.00000E+00   2.50547E-11  -2.97064E-12
  0.00000E+00   2.47023E-11  -2.95336E-12
  0.00000E+00   2.43489E-11  -2.93505E-12
  0.00000E+00   2.39956E-11  -2.91578E-12
  0.00000E+00   2.36436E-11  -2.89559E-12
  0.00000E+00   2.32936E-11  -2.87439E-12
  0.00000E+00   2.29460E-11  -2.85195E-12
  0.00000E+00   2.26007E-11  -2.82785E-12
  0.00000E+00   2.22574E-11  -2.80153E-12
  0.00000E+00   2.19157E-11  -2.77238E-12
  0.00000E+00   2.15753E-11  -2.73983E-12
  0.00000E+00   2.12364E-11  -2.70341E-12
  0.00000E+00   2.08993E-11  -2.66285E-12
  0.00000E+00   2.05649E-11  -2.61813E-12
  0.00000E+00   2.02346E-11  -2.56952E-12
  0.00000E+00   1.99096E-11  -2.51751E-12
  0.00000E+00   1.95916E-11  -2.46278E-12
  0.00000E+00   1.92817E-11  -2.40613E-12
  0.00000E+00   1.89809E-11  -2.34835E-12
  0.00000E+00   1.86898E-11  -2.29021E-12
  0.00000E+00   1.84082E-11  -2.23232E-12
  0.00000E+00   1.81359E-11  -2.17515E-12
  0.00000E+00   1.78720E-11  -2.11900E-12
  0.00000E+00   1.76158E-11  -2.06405E-12
  0.00000E+00   1.73662E-11  -2.01041E-12
  0.00000E+00   1.71227E-11  -1.95815E-12
  0.00000E+00   1.68848E-11  -1.90740E-12
  0.00000E+00   1.66526E-11  -1.85836E-12
  0.00000E+00   1.64263E-11  -1.81134E-12
  0.00000E+00   1.62063E-11  -1.76677E-12
  0.00000E+00   1.59933E-11  -1.72515E-12
  0.00000E+00   1.57878E-11  -1.68703E-12
  0.00000E+00   1.55901E-11  -1.65294E-12
  0.00000E+00   1.54004E-11  -1.62334E-12
  0.00000E+00   1.52183E-11  -1.59858E-12
  0.00000E+00   1.50434E-11  -1.57886E-12
  0.00000E+00   1.48748E-11  -1.56423E-12
  0.00000E+00   1.47114E-11  -1.55456E-12
  0.00000E+00   1.45523E-11  -1.54958E-12
  0.00000E+00   1.43961E-11  -1.54890E-12
  0.00000E+00   1.42420E-11  -1.55204E-12
  0.00000E+00   1.40889E-11  -1.55847E-12
  0.00000E+00   1.39360E-11  -1.56758E-12
  0.00000E+00   1.37827E-11  -1.57876E-12
  0.00000E+00   1.36283E-11  -1.59137E-12
  0.00000E+00   1.34722E-11  -1.60473E-12
  0.00000E+00   1.33141E-11  -1.61818E-12
  0.00000E+00   1.31535E-11  -1.63102E-12
  0.00000E+00   1.29900E-11  -1.64256E-12
  0.00000E+00   1.28236E-11  -1.65214E-12
  0.00000E+00   1.26542E-11  -1.65914E-12
  0.00000E+00   1.24822E-11  -1.66305E-12
  0.00000E+00   1.23082E-11  -1.66344E-12
  0.00000E+00   1.21330E-11  -1.66004E-12
  0.00000E+00   1.19578E-11  -1.65271E-12
  0.00000E+00   1.17839E-11  -1.64148E-12
  0.00000E+00   1.16126E-11  -1.62650E-12
  0.00000E+00   1.14452E-11  -1.60806E-12
  0.00000E+00   1.12830E-11  -1.58651E-12
  0.00000E+00   1.11269E-11  -1.56225E-12
  0.00000E+00   1.09776E-11  -1.53570E-12
  0.00000E+00   1.08353E-11  -1.50729E-12
  0.00000E+00   1.07003E-11  -1.47740E-12
  0.00000E+00   1.05724E-11  -1.44639E-12
  0.00000E+00   1.04512E-11  -1.41462E-12
  0.00000E+00   1.03365E-11  -1.38244E-12
  0.00000E+00   1.02280E-11  -1.35022E-12
  0.00000E+00   1.01255E-11  -1.31834E-12
  0.00000E+00   1.00287E-11  -1.28726E-12
  0.00000E+00   9.93743E-12  -1.25743E-12
  0.00000E+00   9.85155E-12  -1.22933E-12
  0.00000E+00   9.77074E-12  -1.20344E-12
  0.00000E+00   9.69456E-12  -1.18017E-12
  0.00000E+00   9.62235E-12  -1.15987E-12
  0.00000E+00   9.55320E-12  -1.14275E-12
  0.00000E+00   9.48601E-12  -1.12890E-12
  0.00000E+00   9.41954E-12  -1.11823E-12
  0.00000E+00   9.35246E-12  -1.11055E-12
  0.00000E+00   9.28347E-12  -1.10548E-12
  0.00000E+00   9.21144E-12  -1.10260E-12
  0.00000E+00   9.13546E-12  -1.10138E-12
  0.00000E+00   9.05493E-12  -1.10130E-12
  0.00000E+00   8.96957E-12  -1.10185E-12
  0.00000E+00   8.87943E-12  -1.10254E-12
  0.00000E+00   8.78485E-12  -1.10299E-12
  0.00000E+00   8.68638E-12  -1.10284E-12
  0.00000E+00   8.58472E-12  -1.10184E-12
  0.00000E+00   8.48061E-12  -1.09978E-12
  0.00000E+00   8.37480E-12  -1.09650E-12
  0.00000E+00   8.26799E-12  -1.09187E-12
  0.00000E+00   8.16079E-12  -1.08579E-12
  0.00000E+00   8.05375E-12  -1.07817E-12
  0.00000E+00   7.94736E-12  -1.06895E-12
  0.00000E+00   7.84206E-12  -1.05809E-12
  0.00000E+00   7.73831E-12  -1.04560E-12
  0.00000E+00   7.63652E-12  -1.03152E-12
  0.00000E+00   7.53713E-12  -1.01597E-12
  0.00000E+00   7.44053E-12  -9.99107E-13
  0.00000E+00   7.34707E-12  -9.81172E-13
  0.00000E+00   7.25698E-12  -9.62438E-13
  0.00000E+00   7.17037E-12  -9.43213E-13
  0.00000E+00   7.08720E-12  -9.23815E-13
  0.00000E+00   7.00725E-12  -9.04549E-13
  0.00000E+00   6.93013E-12  -8.85690E-13
  0.00000E+00   6.85536E-12  -8.67464E-13
  0.00000E+00   6.78235E-12  -8.50039E-13
  0.00000E+00   6.71049E-12  -8.33524E-13
  0.00000E+00   6.63920E-12  -8.17969E-13
  0.00000E+00   6.56800E-12  -8.03380E-13
  0.00000E+00   6.49649E-12  -7.89726E-13
  0.00000E+00   6.42444E-12  -7.76959E-13
  0.00000E+00   6.35172E-12  -7.65021E-13
  0.00000E+00   6.27835E-12  -7.53856E-13
  0.00000E+00   6.20440E-12  -7.43416E-13
  0.00000E+00   6.13002E-12  -7.33664E-13
  0.00000E+00   6.05539E-12  -7.24572E-13
  0.00000E+00   5.98068E-12  -7.16118E-13
  0.00000E+00   5.90605E-12  -7.08279E-13
  0.00000E+00   5.83165E-12  -7.01030E-13
  0.00000E+00   5.75760E-12  -6.94342E-13
  0.00000E+00   5.68402E-12  -6.88177E-13
  0.00000E+00   5.61104E-12  -6.82493E-13
  0.00000E+00   5.53878E-12  -6.77245E-13
  0.00000E+00   5.46739E-12  -6.72387E-13
  0.00000E+00   5.39699E-12  -6.67876E-13
  0.00000E+00   5.32771E-12  -6.63672E-13
  0.00000E+00   5.25965E-12  -6.59741E-13
  0.00000E+00   5.19288E-12  -6.56051E-13
  0.00000E+00   5.12743E-12  -6.52572E-13
  0.00000E+00   5.06327E-12  -6.49273E-13
  0.00000E+00   5.00037E-12  -6.46121E-13
  0.00000E+00   4.93866E-12  -6.43078E-13
  0.00000E+00   4.87809E-12  -6.40101E-13
  0.00000E+00   4.81861E-12  -6.37145E-13
  0.00000E+00   4.76023E-12  -6.34165E-13
  0.00000E+00   4.70300E-12  -6.31119E-13
  0.00000E+00   4.64701E-12  -6.27972E-13
  0.00000E+00   4.59238E-12  -6.24697E-13
  0.00000E+00   4.53923E-12  -6.21280E-13
  0.00000E+00   4.48770E-12  -6.17714E-13
  0.00000E+00   4.43783E-12  -6.14001E-13
  0.00000E+00   4.38965E-12  -6.10147E-13
  0.00000E+00   4.34308E-12  -6.06155E-13
  0.00000E+00   4.29800E-12  -6.02026E-13
  0.00000E+00   4.25421E-12  -5.97751E-13
  0.00000E+00   4.21148E-12  -5.93314E-13
  0.00000E+00   4.16960E-12  -5.88686E-13
  0.00000E+00   4.12837E-12  -5.83833E-13
  0.00000E+00   4.08767E-12  -5.78718E-13
  0.00000E+00   4.04744E-12  -5.73303E-13
  0.00000E+00   4.00773E-12  -5.67559E-13
  0.00000E+00   3.96863E-12  -5.61466E-13
  0.00000E+00   3.93034E-12  -5.55019E-13
  0.00000E+00   3.89304E-12  -5.48226E-13
  0.00000E+00   3.85695E-12  -5.41113E-13
  0.00000E+00   3.82222E-12  -5.33716E-13
  0.00000E+00   3.78900E-12  -5.26083E-13
  0.00000E+00   3.75733E-12  -5.18266E-13
  0.00000E+00   3.72720E-12  -5.10322E-13
  0.00000E+00   3.69858E-12  -5.02305E-13
