  0.00000E+00  -3.76169E-03   3.81946E-05
  0.00000E+00  -4.04080E-03   7.96738E-07
  0.00000E+00  -3.86296E-03   5.68885E-05
  0.00000E+00  -3.21830E-03  -3.54188E-05
  0.00000E+00  -2.68182E-03  -1.28140E-05
  0.00000E+00  -2.29466E-03  -1.00280E-06
  0.00000E+00  -1.80929E-03   2.09985E-05
  0.00000E+00  -1.49034E-03  -5.05578E-07
  0.00000E+00  -1.28947E-03  -3.06606E-05
  0.00000E+00  -1.04566E-03  -1.71484E-05
  0.00000E+00  -8.88828E-04  -2.43736E-06
  0.00000E+00  -7.36412E-04   6.00679E-07
  0.00000E+00  -6.53709E-04  -8.14502E-07
  0.00000E+00  -5.96260E-04   6.36089E-06
  0.00000E+00  -5.07408E-04   8.46914E-06
  0.00000E+00  -4.39285E-04   5.39256E-06
  0.00000E+00  -3.85683E-04   2.18356E-06
  0.00000E+00  -3.28601E-04   1.08927E-06
  0.00000E+00  -2.71438E-04  -2.96288E-06
  0.00000E+00  -2.27033E-04  -7.87782E-06
  0.00000E+00  -1.88609E-04  -7.80212E-06
  0.00000E+00  -1.62156E-04  -4.96866E-06
  0.00000E+00  -1.53362E-04  -3.17219E-06
  0.00000E+00  -1.47894E-04  -3.20679E-06
  0.00000E+00  -1.31207E-04  -2.64177E-06
  0.00000E+00  -1.08057E-04  -1.32311E-06
  0.00000E+00  -1.00076E-04  -1.58502E-06
  0.00000E+00  -9.42252E-05  -1.40197E-06
  0.00000E+00  -8.42486E-05  -1.10130E-06
  0.00000E+00  -7.93310E-05  -1.01207E-06
  0.00000E+00  -7.26967E-05  -2.31499E-07
  0.00000E+00  -6.14138E-05  -2.11981E-07
  0.00000E+00  -4.99510E-05  -7.39514E-07
  0.00000E+00  -3.99013E-05  -1.44139E-06
  0.00000E+00  -3.54484E-05  -1.70364E-06
  0.00000E+00  -3.11158E-05  -1.68853E-06
  0.00000E+00  -2.59228E-05  -1.70459E-06
  0.00000E+00  -2.23602E-05  -1.75595E-06
  0.00000E+00  -1.98496E-05  -1.58719E-06
  0.00000E+00  -1.85259E-05  -1.34497E-06
  0.00000E+00  -1.67474E-05  -8.94748E-07
  0.00000E+00  -1.45217E-05  -4.29918E-07
  0.00000E+00  -1.25075E-05  -3.72680E-07
  0.00000E+00  -1.12286E-05  -5.12101E-07
  0.00000E+00  -1.04877E-05  -6.13669E-07
  0.00000E+00  -9.55087E-06  -7.42318E-07
  0.00000E+00  -8.93036E-06  -7.76736E-07
  0.00000E+00  -8.02093E-06  -7.41514E-07
  0.00000E+00  -7.10141E-06  -6.99049E-07
  0.00000E+00  -6.17225E-06  -5.72662E-07
  0.00000E+00  -5.43862E-06  -3.98758E-07
  0.00000E+00  -4.87217E-06  -2.36949E-07
  0.00000E+00  -4.80084E-06  -8.19345E-08
  0.00000E+00  -4.96489E-06   5.60349E-08
  0.00000E+00  -4.94683E-06   1.50487E-07
  0.00000E+00  -4.98358E-06   1.90805E-07
  0.00000E+00  -4.83320E-06   1.73228E-07
  0.00000E+00  -4.46507E-06   1.24847E-07
  0.00000E+00  -3.90489E-06   7.88598E-08
  0.00000E+00  -3.60563E-06   1.68729E-08
  0.00000E+00  -3.29189E-06  -3.96571E-08
  0.00000E+00  -2.93201E-06  -8.46189E-08
  0.00000E+00  -2.52718E-06  -1.21794E-07
  0.00000E+00  -2.20454E-06  -1.59616E-07
  0.00000E+00  -1.92726E-06  -1.74020E-07
  0.00000E+00  -1.66165E-06  -1.59328E-07
  0.00000E+00  -1.42676E-06  -1.36587E-07
  0.00000E+00  -1.28705E-06  -1.07568E-07
  0.00000E+00  -1.13436E-06  -8.23111E-08
  0.00000E+00  -1.02102E-06  -7.15276E-08
  0.00000E+00  -1.01117E-06  -7.61264E-08
  0.00000E+00  -9.66327E-07  -9.02716E-08
  0.00000E+00  -9.23512E-07  -1.08634E-07
  0.00000E+00  -8.89815E-07  -1.25037E-07
  0.00000E+00  -8.73428E-07  -1.30670E-07
  0.00000E+00  -8.31756E-07  -1.31039E-07
  0.00000E+00  -7.26506E-07  -1.27344E-07
  0.00000E+00  -6.19566E-07  -1.15555E-07
  0.00000E+00  -5.33733E-07  -9.93792E-08
  0.00000E+00  -4.22067E-07  -7.43860E-08
  0.00000E+00  -3.72098E-07  -5.05105E-08
  0.00000E+00  -2.94537E-07  -2.68999E-08
  0.00000E+00  -2.14841E-07  -6.50362E-09
  0.00000E+00  -1.58162E-07   9.58672E-09
  0.00000E+00  -7.71133E-08   1.88956E-08
  0.00000E+00  -2.81255E-08   2.16870E-08
  0.00000E+00   1.85307E-08   2.26615E-08
  0.00000E+00   8.61215E-08   2.23388E-08
  0.00000E+00   1.24405E-07   2.20839E-08
  0.00000E+00   1.58639E-07   2.22790E-08
  0.00000E+00   1.92933E-07   2.10679E-08
  0.00000E+00   1.95613E-07   1.71146E-08
  0.00000E+00   1.95263E-07   1.03966E-08
  0.00000E+00   1.92295E-07   2.39878E-09
  0.00000E+00   1.88621E-07  -7.60015E-09
  0.00000E+00   2.01733E-07  -1.72012E-08
  0.00000E+00   2.03275E-07  -2.64451E-08
  0.00000E+00   2.13686E-07  -3.48510E-08
  0.00000E+00   2.30274E-07  -4.07171E-08
  0.00000E+00   2.48737E-07  -4.34344E-08
  0.00000E+00   2.69913E-07  -4.33231E-08
  0.00000E+00   2.84598E-07  -4.12883E-08
  0.00000E+00   2.97169E-07  -3.86256E-08
  0.00000E+00   3.06241E-07  -3.40150E-08
  0.00000E+00   3.14598E-07  -2.84494E-08
  0.00000E+00   3.16337E-07  -2.22005E-08
  0.00000E+00   3.24430E-07  -1.54401E-08
  0.00000E+00   3.33336E-07  -8.19003E-09
  0.00000E+00   3.48295E-07  -9.35059E-10
  0.00000E+00   3.64591E-07   5.56856E-09
  0.00000E+00   3.81693E-07   1.13736E-08
  0.00000E+00   3.89499E-07   1.59062E-08
  0.00000E+00   3.90631E-07   1.91048E-08
  0.00000E+00   3.82926E-07   2.08253E-08
  0.00000E+00   3.70994E-07   2.13943E-08
  0.00000E+00   3.57261E-07   2.05937E-08
  0.00000E+00   3.44082E-07   1.80369E-08
  0.00000E+00   3.26472E-07   1.46988E-08
  0.00000E+00   3.10331E-07   1.07673E-08
  0.00000E+00   2.94080E-07   5.88172E-09
  0.00000E+00   2.75750E-07   4.67849E-10
  0.00000E+00   2.57793E-07  -5.51931E-09
  0.00000E+00   2.39072E-07  -1.19974E-08
  0.00000E+00   2.19904E-07  -1.86967E-08
  0.00000E+00   2.02223E-07  -2.57145E-08
  0.00000E+00   1.88105E-07  -3.23261E-08
  0.00000E+00   1.72796E-07  -3.79976E-08
  0.00000E+00   1.60350E-07  -4.25467E-08
  0.00000E+00   1.51343E-07  -4.57578E-08
  0.00000E+00   1.42763E-07  -4.76691E-08
  0.00000E+00   1.34185E-07  -4.81667E-08
  0.00000E+00   1.24552E-07  -4.73052E-08
  0.00000E+00   1.19912E-07  -4.50559E-08
  0.00000E+00   1.14256E-07  -4.17914E-08
  0.00000E+00   1.08821E-07  -3.75905E-08
  0.00000E+00   1.03145E-07  -3.27095E-08
  0.00000E+00   9.64299E-08  -2.74389E-08
  0.00000E+00   8.86274E-08  -2.18835E-08
  0.00000E+00   8.29870E-08  -1.64902E-08
  0.00000E+00   7.73364E-08  -1.12911E-08
  0.00000E+00   7.15776E-08  -6.55559E-09
  0.00000E+00   6.50249E-08  -2.34037E-09
  0.00000E+00   5.89624E-08   1.31076E-09
  0.00000E+00   5.22123E-08   4.42180E-09
  0.00000E+00   4.70721E-08   6.96595E-09
  0.00000E+00   4.22662E-08   8.98262E-09
  0.00000E+00   3.88618E-08   1.05183E-08
  0.00000E+00   3.73317E-08   1.16790E-08
  0.00000E+00   3.62013E-08   1.25511E-08
  0.00000E+00   3.53034E-08   1.30404E-08
  0.00000E+00   3.52460E-08   1.31689E-08
  0.00000E+00   3.51971E-08   1.30058E-08
  0.00000E+00   3.48963E-08   1.25709E-08
  0.00000E+00   3.48638E-08   1.19681E-08
  0.00000E+00   3.54887E-08   1.12110E-08
  0.00000E+00   3.68296E-08   1.03003E-08
  0.00000E+00   3.88066E-08   9.27712E-09
  0.00000E+00   4.10667E-08   8.14469E-09
  0.00000E+00   4.32567E-08   6.91784E-09
  0.00000E+00   4.62597E-08   5.65344E-09
  0.00000E+00   4.95605E-08   4.37513E-09
  0.00000E+00   5.32070E-08   3.08067E-09
  0.00000E+00   5.67831E-08   1.84269E-09
  0.00000E+00   6.05462E-08   7.18183E-10
  0.00000E+00   6.35281E-08  -2.48694E-10
  0.00000E+00   6.52099E-08  -1.09660E-09
  0.00000E+00   6.67572E-08  -1.77343E-09
  0.00000E+00   6.83474E-08  -2.27404E-09
  0.00000E+00   6.95411E-08  -2.58962E-09
  0.00000E+00   7.03929E-08  -2.78941E-09
  0.00000E+00   7.07264E-08  -2.85821E-09
  0.00000E+00   7.10329E-08  -2.78570E-09
  0.00000E+00   7.09794E-08  -2.57920E-09
  0.00000E+00   7.02213E-08  -2.27096E-09
  0.00000E+00   6.90362E-08  -1.86194E-09
  0.00000E+00   6.77332E-08  -1.37072E-09
  0.00000E+00   6.59165E-08  -8.01708E-10
  0.00000E+00   6.41650E-08  -1.81509E-10
  0.00000E+00   6.26816E-08   4.85986E-10
  0.00000E+00   6.10680E-08   1.20426E-09
  0.00000E+00   5.95016E-08   1.92206E-09
  0.00000E+00   5.79433E-08   2.63976E-09
  0.00000E+00   5.65983E-08   3.32026E-09
  0.00000E+00   5.51773E-08   3.95024E-09
  0.00000E+00   5.38994E-08   4.49346E-09
  0.00000E+00   5.28385E-08   4.94664E-09
  0.00000E+00   5.20443E-08   5.27812E-09
  0.00000E+00   5.12779E-08   5.48107E-09
  0.00000E+00   5.05656E-08   5.57779E-09
  0.00000E+00   4.99506E-08   5.54979E-09
  0.00000E+00   4.91617E-08   5.39597E-09
  0.00000E+00   4.79746E-08   5.15228E-09
  0.00000E+00   4.65843E-08   4.82138E-09
  0.00000E+00   4.51943E-08   4.42377E-09
  0.00000E+00   4.37679E-08   3.97955E-09
  0.00000E+00   4.21698E-08   3.50705E-09
  0.00000E+00   4.04041E-08   3.01757E-09
  0.00000E+00   3.83676E-08   2.52314E-09
  0.00000E+00   3.62895E-08   2.03819E-09
  0.00000E+00   3.43182E-08   1.57131E-09
  0.00000E+00   3.23130E-08   1.13286E-09
  0.00000E+00   3.03899E-08   7.31619E-10
  0.00000E+00   2.84731E-08   3.75654E-10
  0.00000E+00   2.66240E-08   7.01830E-11
  0.00000E+00   2.49475E-08  -1.79381E-10
  0.00000E+00   2.35326E-08  -3.70651E-10
  0.00000E+00   2.23941E-08  -5.01739E-10
  0.00000E+00   2.13837E-08  -5.81540E-10
  0.00000E+00   2.05256E-08  -6.11705E-10
  0.00000E+00   1.98495E-08  -5.91981E-10
  0.00000E+00   1.93237E-08  -5.22086E-10
  0.00000E+00   1.88952E-08  -4.11453E-10
  0.00000E+00   1.86375E-08  -2.61717E-10
  0.00000E+00   1.84838E-08  -7.80945E-11
  0.00000E+00   1.83512E-08   1.29723E-10
  0.00000E+00   1.82075E-08   3.57961E-10
  0.00000E+00   1.80602E-08   6.02056E-10
  0.00000E+00   1.78355E-08   8.49908E-10
  0.00000E+00   1.76280E-08   1.09786E-09
  0.00000E+00   1.74920E-08   1.33561E-09
  0.00000E+00   1.74180E-08   1.55824E-09
  0.00000E+00   1.73427E-08   1.76051E-09
  0.00000E+00   1.73196E-08   1.93333E-09
  0.00000E+00   1.73641E-08   2.07438E-09
  0.00000E+00   1.74076E-08   2.18053E-09
  0.00000E+00   1.74121E-08   2.25240E-09
  0.00000E+00   1.74181E-08   2.28641E-09
  0.00000E+00   1.74908E-08   2.28043E-09
  0.00000E+00   1.75955E-08   2.23474E-09
  0.00000E+00   1.77294E-08   2.15594E-09
  0.00000E+00   1.79128E-08   2.04598E-09
  0.00000E+00   1.81293E-08   1.90564E-09
  0.00000E+00   1.83202E-08   1.73905E-09
  0.00000E+00   1.84574E-08   1.54949E-09
  0.00000E+00   1.85442E-08   1.33854E-09
  0.00000E+00   1.85311E-08   1.11115E-09
  0.00000E+00   1.84178E-08   8.73075E-10
  0.00000E+00   1.82250E-08   6.27971E-10
  0.00000E+00   1.79840E-08   3.81275E-10
  0.00000E+00   1.77146E-08   1.37760E-10
  0.00000E+00   1.73722E-08  -9.85903E-11
  0.00000E+00   1.69541E-08  -3.20246E-10
  0.00000E+00   1.64682E-08  -5.22794E-10
  0.00000E+00   1.59266E-08  -7.05557E-10
  0.00000E+00   1.53371E-08  -8.64527E-10
  0.00000E+00   1.47097E-08  -9.96856E-10
  0.00000E+00   1.40606E-08  -1.10239E-09
  0.00000E+00   1.34073E-08  -1.18003E-09
  0.00000E+00   1.27905E-08  -1.23025E-09
  0.00000E+00   1.22155E-08  -1.25310E-09
  0.00000E+00   1.17111E-08  -1.25106E-09
  0.00000E+00   1.12869E-08  -1.22611E-09
  0.00000E+00   1.09655E-08  -1.18189E-09
  0.00000E+00   1.07377E-08  -1.12095E-09
  0.00000E+00   1.06022E-08  -1.04727E-09
  0.00000E+00   1.05701E-08  -9.63852E-10
  0.00000E+00   1.06141E-08  -8.73676E-10
  0.00000E+00   1.07316E-08  -7.78018E-10
  0.00000E+00   1.09333E-08  -6.80782E-10
  0.00000E+00   1.12089E-08  -5.83973E-10
  0.00000E+00   1.15237E-08  -4.90384E-10
  0.00000E+00   1.18600E-08  -4.00434E-10
  0.00000E+00   1.22069E-08  -3.15201E-10
  0.00000E+00   1.25489E-08  -2.35749E-10
  0.00000E+00   1.28853E-08  -1.62638E-10
  0.00000E+00   1.31937E-08  -9.54410E-11
  0.00000E+00   1.34733E-08  -3.46610E-11
  0.00000E+00   1.37091E-08   1.95820E-11
  0.00000E+00   1.38990E-08   6.83345E-11
  0.00000E+00   1.40380E-08   1.12986E-10
  0.00000E+00   1.41236E-08   1.54139E-10
  0.00000E+00   1.41446E-08   1.91602E-10
  0.00000E+00   1.40884E-08   2.25740E-10
  0.00000E+00   1.39740E-08   2.56799E-10
  0.00000E+00   1.37928E-08   2.85166E-10
  0.00000E+00   1.35559E-08   3.10390E-10
  0.00000E+00   1.32752E-08   3.32406E-10
  0.00000E+00   1.29617E-08   3.51300E-10
  0.00000E+00   1.26263E-08   3.67161E-10
  0.00000E+00   1.22700E-08   3.79175E-10
  0.00000E+00   1.19078E-08   3.87129E-10
  0.00000E+00   1.15507E-08   3.91053E-10
  0.00000E+00   1.12067E-08   3.90239E-10
  0.00000E+00   1.08843E-08   3.84163E-10
  0.00000E+00   1.05867E-08   3.73035E-10
  0.00000E+00   1.03137E-08   3.56839E-10
  0.00000E+00   1.00692E-08   3.35777E-10
  0.00000E+00   9.85960E-09   3.10325E-10
  0.00000E+00   9.68923E-09   2.81402E-10
  0.00000E+00   9.55117E-09   2.49036E-10
  0.00000E+00   9.44762E-09   2.12848E-10
  0.00000E+00   9.38314E-09   1.73087E-10
  0.00000E+00   9.35888E-09   1.30103E-10
  0.00000E+00   9.36960E-09   8.41183E-11
  0.00000E+00   9.41193E-09   3.52376E-11
  0.00000E+00   9.48337E-09  -1.61500E-11
  0.00000E+00   9.58114E-09  -6.96052E-11
  0.00000E+00   9.70378E-09  -1.24639E-10
  0.00000E+00   9.84890E-09  -1.80654E-10
  0.00000E+00   1.00211E-08  -2.37094E-10
  0.00000E+00   1.02165E-08  -2.93202E-10
  0.00000E+00   1.04275E-08  -3.48286E-10
  0.00000E+00   1.06453E-08  -4.01788E-10
  0.00000E+00   1.08671E-08  -4.52729E-10
  0.00000E+00   1.10854E-08  -5.00061E-10
  0.00000E+00   1.12956E-08  -5.42957E-10
  0.00000E+00   1.14920E-08  -5.80815E-10
  0.00000E+00   1.16704E-08  -6.12919E-10
  0.00000E+00   1.18230E-08  -6.38374E-10
  0.00000E+00   1.19445E-08  -6.56703E-10
  0.00000E+00   1.20301E-08  -6.67833E-10
  0.00000E+00   1.20766E-08  -6.71761E-10
  0.00000E+00   1.20823E-08  -6.68550E-10
  0.00000E+00   1.20484E-08  -6.58675E-10
  0.00000E+00   1.19790E-08  -6.42898E-10
  0.00000E+00   1.18779E-08  -6.21858E-10
  0.00000E+00   1.17467E-08  -5.96255E-10
  0.00000E+00   1.15857E-08  -5.67153E-10
  0.00000E+00   1.13998E-08  -5.35510E-10
  0.00000E+00   1.11895E-08  -5.02162E-10
  0.00000E+00   1.09556E-08  -4.67898E-10
  0.00000E+00   1.06997E-08  -4.33632E-10
  0.00000E+00   1.04247E-08  -4.00063E-10
  0.00000E+00   1.01336E-08  -3.67762E-10
  0.00000E+00   9.82897E-09  -3.37397E-10
  0.00000E+00   9.51417E-09  -3.09593E-10
  0.00000E+00   9.19363E-09  -2.84868E-10
  0.00000E+00   8.86936E-09  -2.63658E-10
  0.00000E+00   8.54602E-09  -2.46249E-10
  0.00000E+00   8.22819E-09  -2.32915E-10
  0.00000E+00   7.92083E-09  -2.23863E-10
  0.00000E+00   7.62714E-09  -2.19187E-10
  0.00000E+00   7.34978E-09  -2.18959E-10
  0.00000E+00   7.09119E-09  -2.23135E-10
  0.00000E+00   6.85125E-09  -2.31506E-10
  0.00000E+00   6.63004E-09  -2.43845E-10
  0.00000E+00   6.42894E-09  -2.59834E-10
  0.00000E+00   6.24842E-09  -2.79024E-10
  0.00000E+00   6.08579E-09  -3.00863E-10
  0.00000E+00   5.93883E-09  -3.24818E-10
  0.00000E+00   5.80622E-09  -3.50361E-10
  0.00000E+00   5.68400E-09  -3.76896E-10
  0.00000E+00   5.56781E-09  -4.03846E-10
  0.00000E+00   5.45474E-09  -4.30603E-10
  0.00000E+00   5.34282E-09  -4.56582E-10
  0.00000E+00   5.22929E-09  -4.81125E-10
  0.00000E+00   5.11125E-09  -5.03614E-10
  0.00000E+00   4.98785E-09  -5.23533E-10
  0.00000E+00   4.85909E-09  -5.40469E-10
  0.00000E+00   4.72564E-09  -5.54048E-10
  0.00000E+00   4.58814E-09  -5.64074E-10
  0.00000E+00   4.44749E-09  -5.70460E-10
  0.00000E+00   4.30488E-09  -5.73145E-10
  0.00000E+00   4.16091E-09  -5.72181E-10
  0.00000E+00   4.01516E-09  -5.67751E-10
  0.00000E+00   3.86721E-09  -5.60095E-10
  0.00000E+00   3.71877E-09  -5.49532E-10
  0.00000E+00   3.57130E-09  -5.36342E-10
  0.00000E+00   3.42508E-09  -5.20830E-10
  0.00000E+00   3.27973E-09  -5.03299E-10
  0.00000E+00   3.13568E-09  -4.84008E-10
  0.00000E+00   2.99337E-09  -4.63183E-10
  0.00000E+00   2.85209E-09  -4.41059E-10
  0.00000E+00   2.71131E-09  -4.17872E-10
  0.00000E+00   2.57135E-09  -3.93817E-10
  0.00000E+00   2.43271E-09  -3.69077E-10
  0.00000E+00   2.29495E-09  -3.43800E-10
  0.00000E+00   2.15783E-09  -3.18069E-10
  0.00000E+00   2.02167E-09  -2.91940E-10
  0.00000E+00   1.88722E-09  -2.65467E-10
  0.00000E+00   1.75506E-09  -2.38723E-10
  0.00000E+00   1.62605E-09  -2.11795E-10
  0.00000E+00   1.50131E-09  -1.84781E-10
  0.00000E+00   1.38222E-09  -1.57803E-10
  0.00000E+00   1.27037E-09  -1.30959E-10
  0.00000E+00   1.16696E-09  -1.04354E-10
  0.00000E+00   1.07273E-09  -7.81158E-11
  0.00000E+00   9.88462E-10  -5.23739E-11
  0.00000E+00   9.14605E-10  -2.72494E-11
  0.00000E+00   8.51305E-10  -2.89302E-12
  0.00000E+00   7.98171E-10   2.05320E-11
  0.00000E+00   7.54864E-10   4.28766E-11
  0.00000E+00   7.21167E-10   6.39964E-11
  0.00000E+00   6.96600E-10   8.37510E-11
  0.00000E+00   6.80152E-10   1.02022E-10
  0.00000E+00   6.70989E-10   1.18708E-10
  0.00000E+00   6.68401E-10   1.33729E-10
  0.00000E+00   6.71380E-10   1.47030E-10
  0.00000E+00   6.78715E-10   1.58592E-10
  0.00000E+00   6.89307E-10   1.68424E-10
  0.00000E+00   7.02087E-10   1.76565E-10
  0.00000E+00   7.15906E-10   1.83093E-10
  0.00000E+00   7.29707E-10   1.88103E-10
  0.00000E+00   7.42803E-10   1.91689E-10
  0.00000E+00   7.54918E-10   1.93957E-10
  0.00000E+00   7.66027E-10   1.95007E-10
  0.00000E+00   7.76352E-10   1.94941E-10
  0.00000E+00   7.86132E-10   1.93849E-10
  0.00000E+00   7.95654E-10   1.91822E-10
  0.00000E+00   8.05405E-10   1.88956E-10
  0.00000E+00   8.15907E-10   1.85342E-10
  0.00000E+00   8.27616E-10   1.81063E-10
  0.00000E+00   8.40796E-10   1.76190E-10
  0.00000E+00   8.55686E-10   1.70783E-10
  0.00000E+00   8.72477E-10   1.64899E-10
  0.00000E+00   8.91278E-10   1.58591E-10
  0.00000E+00   9.12259E-10   1.51908E-10
  0.00000E+00   9.35712E-10   1.44909E-10
  0.00000E+00   9.61878E-10   1.37657E-10
  0.00000E+00   9.90927E-10   1.30215E-10
  0.00000E+00   1.02306E-09   1.22646E-10
  0.00000E+00   1.05834E-09   1.15007E-10
  0.00000E+00   1.09667E-09   1.07360E-10
  0.00000E+00   1.13799E-09   9.97734E-11
  0.00000E+00   1.18216E-09   9.23087E-11
  0.00000E+00   1.22906E-09   8.50266E-11
  0.00000E+00   1.27849E-09   7.79909E-11
  0.00000E+00   1.33020E-09   7.12592E-11
  0.00000E+00   1.38384E-09   6.48801E-11
  0.00000E+00   1.43899E-09   5.89001E-11
  0.00000E+00   1.49515E-09   5.33710E-11
  0.00000E+00   1.55174E-09   4.83359E-11
  0.00000E+00   1.60823E-09   4.38237E-11
  0.00000E+00   1.66416E-09   3.98547E-11
  0.00000E+00   1.71914E-09   3.64423E-11
  0.00000E+00   1.77273E-09   3.35881E-11
  0.00000E+00   1.82446E-09   3.12838E-11
  0.00000E+00   1.87385E-09   2.95204E-11
  0.00000E+00   1.92033E-09   2.82860E-11
  0.00000E+00   1.96334E-09   2.75657E-11
  0.00000E+00   2.00229E-09   2.73393E-11
  0.00000E+00   2.03664E-09   2.75799E-11
  0.00000E+00   2.06595E-09   2.82501E-11
  0.00000E+00   2.08988E-09   2.93019E-11
  0.00000E+00   2.10813E-09   3.06833E-11
  0.00000E+00   2.12047E-09   3.23440E-11
  0.00000E+00   2.12676E-09   3.42313E-11
  0.00000E+00   2.12697E-09   3.62912E-11
  0.00000E+00   2.12117E-09   3.84777E-11
  0.00000E+00   2.10949E-09   4.07496E-11
  0.00000E+00   2.09214E-09   4.30665E-11
  0.00000E+00   2.06939E-09   4.53913E-11
  0.00000E+00   2.04163E-09   4.76971E-11
  0.00000E+00   2.00933E-09   4.99649E-11
  0.00000E+00   1.97302E-09   5.21805E-11
  0.00000E+00   1.93320E-09   5.43376E-11
  0.00000E+00   1.89051E-09   5.64367E-11
  0.00000E+00   1.84558E-09   5.84822E-11
  0.00000E+00   1.79904E-09   6.04790E-11
  0.00000E+00   1.75150E-09   6.24356E-11
  0.00000E+00   1.70358E-09   6.43648E-11
  0.00000E+00   1.65582E-09   6.62778E-11
  0.00000E+00   1.60873E-09   6.81833E-11
  0.00000E+00   1.56276E-09   7.00889E-11
  0.00000E+00   1.51837E-09   7.20025E-11
  0.00000E+00   1.47591E-09   7.39299E-11
  0.00000E+00   1.43571E-09   7.58740E-11
  0.00000E+00   1.39805E-09   7.78354E-11
  0.00000E+00   1.36315E-09   7.98144E-11
  0.00000E+00   1.33121E-09   8.18091E-11
  0.00000E+00   1.30234E-09   8.38158E-11
  0.00000E+00   1.27668E-09   8.58299E-11
  0.00000E+00   1.25427E-09   8.78474E-11
  0.00000E+00   1.23510E-09   8.98640E-11
  0.00000E+00   1.21914E-09   9.18755E-11
  0.00000E+00   1.20630E-09   9.38790E-11
  0.00000E+00   1.19646E-09   9.58723E-11
  0.00000E+00   1.18945E-09   9.78525E-11
  0.00000E+00   1.18511E-09   9.98172E-11
  0.00000E+00   1.18321E-09   1.01765E-10
  0.00000E+00   1.18356E-09   1.03697E-10
  0.00000E+00   1.18590E-09   1.05612E-10
  0.00000E+00   1.19001E-09   1.07512E-10
  0.00000E+00   1.19567E-09   1.09400E-10
  0.00000E+00   1.20264E-09   1.11279E-10
  0.00000E+00   1.21066E-09   1.13147E-10
  0.00000E+00   1.21949E-09   1.15006E-10
  0.00000E+00   1.22883E-09   1.16854E-10
  0.00000E+00   1.23842E-09   1.18688E-10
  0.00000E+00   1.24795E-09   1.20504E-10
  0.00000E+00   1.25714E-09   1.22298E-10
  0.00000E+00   1.26574E-09   1.24066E-10
  0.00000E+00   1.27347E-09   1.25806E-10
  0.00000E+00   1.28010E-09   1.27515E-10
  0.00000E+00   1.28540E-09   1.29190E-10
  0.00000E+00   1.28916E-09   1.30830E-10
  0.00000E+00   1.29120E-09   1.32430E-10
  0.00000E+00   1.29137E-09   1.33987E-10
  0.00000E+00   1.28954E-09   1.35501E-10
  0.00000E+00   1.28564E-09   1.36968E-10
  0.00000E+00   1.27962E-09   1.38387E-10
  0.00000E+00   1.27145E-09   1.39760E-10
  0.00000E+00   1.26114E-09   1.41084E-10
  0.00000E+00   1.24870E-09   1.42360E-10
  0.00000E+00   1.23418E-09   1.43587E-10
  0.00000E+00   1.21765E-09   1.44761E-10
  0.00000E+00   1.19920E-09   1.45881E-10
  0.00000E+00   1.17896E-09   1.46941E-10
  0.00000E+00   1.15706E-09   1.47936E-10
  0.00000E+00   1.13368E-09   1.48857E-10
  0.00000E+00   1.10898E-09   1.49698E-10
  0.00000E+00   1.08316E-09   1.50450E-10
  0.00000E+00   1.05644E-09   1.51105E-10
  0.00000E+00   1.02902E-09   1.51655E-10
  0.00000E+00   1.00112E-09   1.52092E-10
  0.00000E+00   9.72942E-10   1.52408E-10
  0.00000E+00   9.44708E-10   1.52598E-10
  0.00000E+00   9.16618E-10   1.52657E-10
  0.00000E+00   8.88872E-10   1.52582E-10
  0.00000E+00   8.61667E-10   1.52371E-10
  0.00000E+00   8.35185E-10   1.52025E-10
  0.00000E+00   8.09590E-10   1.51546E-10
  0.00000E+00   7.85027E-10   1.50939E-10
  0.00000E+00   7.61622E-10   1.50209E-10
  0.00000E+00   7.39473E-10   1.49362E-10
  0.00000E+00   7.18655E-10   1.48403E-10
  0.00000E+00   6.99218E-10   1.47340E-10
  0.00000E+00   6.81184E-10   1.46178E-10
  0.00000E+00   6.64543E-10   1.44923E-10
  0.00000E+00   6.49257E-10   1.43581E-10
  0.00000E+00   6.35265E-10   1.42157E-10
  0.00000E+00   6.22479E-10   1.40654E-10
  0.00000E+00   6.10785E-10   1.39076E-10
  0.00000E+00   6.00054E-10   1.37422E-10
  0.00000E+00   5.90140E-10   1.35694E-10
  0.00000E+00   5.80884E-10   1.33890E-10
  0.00000E+00   5.72121E-10   1.32007E-10
  0.00000E+00   5.63683E-10   1.30043E-10
  0.00000E+00   5.55404E-10   1.27994E-10
  0.00000E+00   5.47124E-10   1.25857E-10
  0.00000E+00   5.38694E-10   1.23629E-10
  0.00000E+00   5.29979E-10   1.21305E-10
  0.00000E+00   5.20856E-10   1.18885E-10
  0.00000E+00   5.11226E-10   1.16366E-10
  0.00000E+00   5.01009E-10   1.13747E-10
  0.00000E+00   4.90145E-10   1.11028E-10
  0.00000E+00   4.78594E-10   1.08211E-10
  0.00000E+00   4.66344E-10   1.05296E-10
  0.00000E+00   4.53412E-10   1.02287E-10
  0.00000E+00   4.39839E-10   9.91875E-11
  0.00000E+00   4.25691E-10   9.60025E-11
  0.00000E+00   4.11058E-10   9.27384E-11
  0.00000E+00   3.96050E-10   8.94033E-11
  0.00000E+00   3.80792E-10   8.60065E-11
  0.00000E+00   3.65421E-10   8.25590E-11
  0.00000E+00   3.50087E-10   7.90729E-11
  0.00000E+00   3.34942E-10   7.55618E-11
  0.00000E+00   3.20143E-10   7.20402E-11
  0.00000E+00   3.05844E-10   6.85232E-11
  0.00000E+00   2.92193E-10   6.50269E-11
  0.00000E+00   2.79330E-10   6.15676E-11
  0.00000E+00   2.67387E-10   5.81622E-11
  0.00000E+00   2.56482E-10   5.48270E-11
  0.00000E+00   2.46717E-10   5.15783E-11
  0.00000E+00   2.38178E-10   4.84313E-11
  0.00000E+00   2.30935E-10   4.54001E-11
  0.00000E+00   2.25048E-10   4.24973E-11
  0.00000E+00   2.20560E-10   3.97334E-11
  0.00000E+00   2.17503E-10   3.71170E-11
  0.00000E+00   2.15896E-10   3.46547E-11
  0.00000E+00   2.15745E-10   3.23508E-11
  0.00000E+00   2.17043E-10   3.02075E-11
  0.00000E+00   2.19771E-10   2.82249E-11
  0.00000E+00   2.23896E-10   2.64013E-11
  0.00000E+00   2.29372E-10   2.47333E-11
  0.00000E+00   2.36143E-10   2.32158E-11
  0.00000E+00   2.44135E-10   2.18423E-11
  0.00000E+00   2.53266E-10   2.06056E-11
  0.00000E+00   2.63440E-10   1.94977E-11
  0.00000E+00   2.74549E-10   1.85100E-11
  0.00000E+00   2.86477E-10   1.76337E-11
  0.00000E+00   2.99095E-10   1.68601E-11
  0.00000E+00   3.12272E-10   1.61805E-11
  0.00000E+00   3.25866E-10   1.55866E-11
  0.00000E+00   3.39731E-10   1.50705E-11
  0.00000E+00   3.53720E-10   1.46251E-11
  0.00000E+00   3.67684E-10   1.42437E-11
  0.00000E+00   3.81477E-10   1.39204E-11
  0.00000E+00   3.94952E-10   1.36501E-11
  0.00000E+00   4.07973E-10   1.34284E-11
  0.00000E+00   4.20407E-10   1.32519E-11
  0.00000E+00   4.32136E-10   1.31175E-11
  0.00000E+00   4.43052E-10   1.30232E-11
  0.00000E+00   4.53057E-10   1.29674E-11
  0.00000E+00   4.62072E-10   1.29489E-11
  0.00000E+00   4.70030E-10   1.29671E-11
  0.00000E+00   4.76879E-10   1.30217E-11
  0.00000E+00   4.82582E-10   1.31126E-11
  0.00000E+00   4.87115E-10   1.32399E-11
  0.00000E+00   4.90470E-10   1.34038E-11
  0.00000E+00   4.92654E-10   1.36047E-11
  0.00000E+00   4.93685E-10   1.38429E-11
  0.00000E+00   4.93594E-10   1.41186E-11
  0.00000E+00   4.92426E-10   1.44320E-11
  0.00000E+00   4.90232E-10   1.47831E-11
  0.00000E+00   4.87075E-10   1.51713E-11
  0.00000E+00   4.83023E-10   1.55959E-11
  0.00000E+00   4.78148E-10   1.60559E-11
  0.00000E+00   4.72529E-10   1.65497E-11
  0.00000E+00   4.66243E-10   1.70755E-11
  0.00000E+00   4.59369E-10   1.76309E-11
  0.00000E+00   4.51983E-10   1.82131E-11
  0.00000E+00   4.44159E-10   1.88190E-11
  0.00000E+00   4.35970E-10   1.94449E-11
  0.00000E+00   4.27483E-10   2.00868E-11
  0.00000E+00   4.18761E-10   2.07402E-11
  0.00000E+00   4.09865E-10   2.14004E-11
  0.00000E+00   4.00849E-10   2.20622E-11
  0.00000E+00   3.91763E-10   2.27203E-11
  0.00000E+00   3.82652E-10   2.33693E-11
  0.00000E+00   3.73556E-10   2.40033E-11
  0.00000E+00   3.64510E-10   2.46166E-11
  0.00000E+00   3.55545E-10   2.52035E-11
  0.00000E+00   3.46687E-10   2.57582E-11
  0.00000E+00   3.37956E-10   2.62751E-11
  0.00000E+00   3.29370E-10   2.67490E-11
  0.00000E+00   3.20940E-10   2.71748E-11
  0.00000E+00   3.12674E-10   2.75479E-11
  0.00000E+00   3.04576E-10   2.78642E-11
  0.00000E+00   2.96648E-10   2.81199E-11
  0.00000E+00   2.88889E-10   2.83117E-11
  0.00000E+00   2.81297E-10   2.84369E-11
  0.00000E+00   2.73870E-10   2.84936E-11
  0.00000E+00   2.66605E-10   2.84800E-11
  0.00000E+00   2.59498E-10   2.83952E-11
  0.00000E+00   2.52547E-10   2.82390E-11
  0.00000E+00   2.45752E-10   2.80113E-11
  0.00000E+00   2.39112E-10   2.77130E-11
  0.00000E+00   2.32631E-10   2.73453E-11
  0.00000E+00   2.26312E-10   2.69098E-11
  0.00000E+00   2.20161E-10   2.64087E-11
  0.00000E+00   2.14186E-10   2.58446E-11
  0.00000E+00   2.08395E-10   2.52203E-11
  0.00000E+00   2.02799E-10   2.45391E-11
  0.00000E+00   1.97409E-10   2.38044E-11
  0.00000E+00   1.92239E-10   2.30198E-11
  0.00000E+00   1.87301E-10   2.21890E-11
  0.00000E+00   1.82610E-10   2.13159E-11
  0.00000E+00   1.78177E-10   2.04042E-11
  0.00000E+00   1.74015E-10   1.94577E-11
  0.00000E+00   1.70136E-10   1.84803E-11
  0.00000E+00   1.66547E-10   1.74757E-11
  0.00000E+00   1.63256E-10   1.64474E-11
  0.00000E+00   1.60267E-10   1.53991E-11
  0.00000E+00   1.57580E-10   1.43340E-11
  0.00000E+00   1.55194E-10   1.32556E-11
  0.00000E+00   1.53104E-10   1.21670E-11
  0.00000E+00   1.51302E-10   1.10713E-11
  0.00000E+00   1.49779E-10   9.97141E-12
  0.00000E+00   1.48521E-10   8.87039E-12
  0.00000E+00   1.47515E-10   7.77107E-12
  0.00000E+00   1.46744E-10   6.67634E-12
  0.00000E+00   1.46191E-10   5.58905E-12
  0.00000E+00   1.45836E-10   4.51201E-12
  0.00000E+00   1.45660E-10   3.44801E-12
  0.00000E+00   1.45641E-10   2.39979E-12
  0.00000E+00   1.45759E-10   1.37000E-12
  0.00000E+00   1.45991E-10   3.61213E-13
  0.00000E+00   1.46314E-10  -6.24085E-13
  0.00000E+00   1.46706E-10  -1.58354E-12
  0.00000E+00   1.47143E-10  -2.51493E-12
  0.00000E+00   1.47603E-10  -3.41623E-12
  0.00000E+00   1.48063E-10  -4.28559E-12
  0.00000E+00   1.48502E-10  -5.12138E-12
  0.00000E+00   1.48899E-10  -5.92218E-12
  0.00000E+00   1.49233E-10  -6.68681E-12
  0.00000E+00   1.49485E-10  -7.41429E-12
  0.00000E+00   1.49639E-10  -8.10388E-12
  0.00000E+00   1.49678E-10  -8.75505E-12
  0.00000E+00   1.49587E-10  -9.36748E-12
  0.00000E+00   1.49354E-10  -9.94106E-12
  0.00000E+00   1.48968E-10  -1.04758E-11
  0.00000E+00   1.48420E-10  -1.09720E-11
  0.00000E+00   1.47703E-10  -1.14299E-11
  0.00000E+00   1.46813E-10  -1.18499E-11
  0.00000E+00   1.45749E-10  -1.22327E-11
  0.00000E+00   1.44511E-10  -1.25788E-11
  0.00000E+00   1.43101E-10  -1.28890E-11
  0.00000E+00   1.41524E-10  -1.31638E-11
  0.00000E+00   1.39789E-10  -1.34042E-11
  0.00000E+00   1.37905E-10  -1.36109E-11
  0.00000E+00   1.35883E-10  -1.37848E-11
  0.00000E+00   1.33736E-10  -1.39268E-11
  0.00000E+00   1.31478E-10  -1.40379E-11
  0.00000E+00   1.29126E-10  -1.41190E-11
  0.00000E+00   1.26696E-10  -1.41711E-11
  0.00000E+00   1.24205E-10  -1.41954E-11
  0.00000E+00   1.21672E-10  -1.41929E-11
  0.00000E+00   1.19115E-10  -1.41648E-11
  0.00000E+00   1.16551E-10  -1.41125E-11
  0.00000E+00   1.13998E-10  -1.40370E-11
  0.00000E+00   1.11471E-10  -1.39397E-11
  0.00000E+00   1.08987E-10  -1.38221E-11
  0.00000E+00   1.06560E-10  -1.36854E-11
  0.00000E+00   1.04201E-10  -1.35311E-11
  0.00000E+00   1.01922E-10  -1.33607E-11
  0.00000E+00   9.97317E-11  -1.31756E-11
  0.00000E+00   9.76382E-11  -1.29773E-11
  0.00000E+00   9.56472E-11  -1.27674E-11
  0.00000E+00   9.37631E-11  -1.25474E-11
  0.00000E+00   9.19888E-11  -1.23188E-11
  0.00000E+00   9.03259E-11  -1.20830E-11
  0.00000E+00   8.87750E-11  -1.18416E-11
  0.00000E+00   8.73356E-11  -1.15960E-11
  0.00000E+00   8.60064E-11  -1.13476E-11
  0.00000E+00   8.47854E-11  -1.10978E-11
  0.00000E+00   8.36699E-11  -1.08480E-11
  0.00000E+00   8.26568E-11  -1.05994E-11
  0.00000E+00   8.17426E-11  -1.03532E-11
  0.00000E+00   8.09236E-11  -1.01106E-11
  0.00000E+00   8.01961E-11  -9.87269E-12
  0.00000E+00   7.95562E-11  -9.64048E-12
  0.00000E+00   7.90005E-11  -9.41489E-12
  0.00000E+00   7.85258E-11  -9.19678E-12
  0.00000E+00   7.81295E-11  -8.98692E-12
  0.00000E+00   7.78091E-11  -8.78598E-12
  0.00000E+00   7.75628E-11  -8.59456E-12
  0.00000E+00   7.73893E-11  -8.41312E-12
  0.00000E+00   7.72879E-11  -8.24207E-12
  0.00000E+00   7.72581E-11  -8.08168E-12
  0.00000E+00   7.73002E-11  -7.93217E-12
  0.00000E+00   7.74145E-11  -7.79364E-12
  0.00000E+00   7.76018E-11  -7.66612E-12
  0.00000E+00   7.78632E-11  -7.54957E-12
  0.00000E+00   7.81999E-11  -7.44387E-12
  0.00000E+00   7.86130E-11  -7.34887E-12
  0.00000E+00   7.91041E-11  -7.26435E-12
  0.00000E+00   7.96743E-11  -7.19007E-12
  0.00000E+00   8.03249E-11  -7.12574E-12
  0.00000E+00   8.10571E-11  -7.07108E-12
  0.00000E+00   8.18717E-11  -7.02579E-12
  0.00000E+00   8.27692E-11  -6.98957E-12
  0.00000E+00   8.37498E-11  -6.96213E-12
  0.00000E+00   8.48132E-11  -6.94320E-12
  0.00000E+00   8.59585E-11  -6.93255E-12
  0.00000E+00   8.71841E-11  -6.92996E-12
  0.00000E+00   8.84877E-11  -6.93527E-12
  0.00000E+00   8.98663E-11  -6.94833E-12
  0.00000E+00   9.13159E-11  -6.96905E-12
  0.00000E+00   9.28322E-11  -6.99738E-12
  0.00000E+00   9.44096E-11  -7.03331E-12
  0.00000E+00   9.60421E-11  -7.07687E-12
  0.00000E+00   9.77231E-11  -7.12814E-12
  0.00000E+00   9.94452E-11  -7.18721E-12
  0.00000E+00   1.01201E-10  -7.25421E-12
  0.00000E+00   1.02981E-10  -7.32930E-12
  0.00000E+00   1.04778E-10  -7.41263E-12
  0.00000E+00   1.06583E-10  -7.50437E-12
  0.00000E+00   1.08387E-10  -7.60469E-12
  0.00000E+00   1.10181E-10  -7.71373E-12
  0.00000E+00   1.11956E-10  -7.83160E-12
  0.00000E+00   1.13703E-10  -7.95837E-12
  0.00000E+00   1.15414E-10  -8.09407E-12
  0.00000E+00   1.17081E-10  -8.23866E-12
  0.00000E+00   1.18696E-10  -8.39204E-12
  0.00000E+00   1.20251E-10  -8.55403E-12
  0.00000E+00   1.21738E-10  -8.72438E-12
  0.00000E+00   1.23152E-10  -8.90273E-12
  0.00000E+00   1.24487E-10  -9.08865E-12
  0.00000E+00   1.25737E-10  -9.28163E-12
  0.00000E+00   1.26896E-10  -9.48103E-12
  0.00000E+00   1.27962E-10  -9.68618E-12
  0.00000E+00   1.28930E-10  -9.89628E-12
  0.00000E+00   1.29797E-10  -1.01105E-11
  0.00000E+00   1.30561E-10  -1.03279E-11
  0.00000E+00   1.31220E-10  -1.05474E-11
  0.00000E+00   1.31773E-10  -1.07682E-11
  0.00000E+00   1.32220E-10  -1.09891E-11
  0.00000E+00   1.32560E-10  -1.12090E-11
  0.00000E+00   1.32794E-10  -1.14268E-11
  0.00000E+00   1.32923E-10  -1.16414E-11
  0.00000E+00   1.32949E-10  -1.18517E-11
  0.00000E+00   1.32874E-10  -1.20567E-11
  0.00000E+00   1.32701E-10  -1.22554E-11
  0.00000E+00   1.32431E-10  -1.24466E-11
  0.00000E+00   1.32069E-10  -1.26296E-11
  0.00000E+00   1.31618E-10  -1.28034E-11
  0.00000E+00   1.31081E-10  -1.29672E-11
  0.00000E+00   1.30463E-10  -1.31202E-11
  0.00000E+00   1.29767E-10  -1.32618E-11
  0.00000E+00   1.28998E-10  -1.33914E-11
  0.00000E+00   1.28159E-10  -1.35083E-11
  0.00000E+00   1.27255E-10  -1.36123E-11
  0.00000E+00   1.26290E-10  -1.37027E-11
  0.00000E+00   1.25268E-10  -1.37794E-11
  0.00000E+00   1.24191E-10  -1.38420E-11
  0.00000E+00   1.23066E-10  -1.38904E-11
  0.00000E+00   1.21893E-10  -1.39243E-11
  0.00000E+00   1.20677E-10  -1.39438E-11
  0.00000E+00   1.19422E-10  -1.39486E-11
  0.00000E+00   1.18129E-10  -1.39390E-11
  0.00000E+00   1.16802E-10  -1.39148E-11
  0.00000E+00   1.15443E-10  -1.38761E-11
  0.00000E+00   1.14054E-10  -1.38232E-11
  0.00000E+00   1.12638E-10  -1.37561E-11
  0.00000E+00   1.11196E-10  -1.36750E-11
  0.00000E+00   1.09732E-10  -1.35802E-11
  0.00000E+00   1.08246E-10  -1.34718E-11
  0.00000E+00   1.06740E-10  -1.33502E-11
  0.00000E+00   1.05216E-10  -1.32156E-11
