  0.00000E+00   5.10080E-05   4.50533E-06
  0.00000E+00   4.67635E-05   5.85987E-06
  0.00000E+00   4.60992E-05   4.31108E-06
  0.00000E+00   4.90202E-05   3.65516E-06
  0.00000E+00   5.58039E-05   3.51087E-06
  0.00000E+00   6.63011E-05   3.61026E-06
  0.00000E+00   8.03683E-05   3.98796E-06
  0.00000E+00   9.85452E-05   4.69830E-06
  0.00000E+00   1.21573E-04   5.79105E-06
  0.00000E+00   1.50554E-04   7.29995E-06
  0.00000E+00   1.86857E-04   9.27426E-06
  0.00000E+00   2.32276E-04   1.18144E-05
  0.00000E+00   2.89146E-04   1.50667E-05
  0.00000E+00   3.60245E-04   1.92262E-05
  0.00000E+00   4.49828E-04   2.45370E-05
  0.00000E+00   5.62012E-04   3.12753E-05
  0.00000E+00   7.03131E-04   3.99424E-05
  0.00000E+00   8.81011E-04   5.08401E-05
  0.00000E+00   1.10495E-03   6.47812E-05
  0.00000E+00   1.38789E-03   8.23226E-05
  0.00000E+00   1.74477E-03   1.04635E-04
  0.00000E+00   2.19583E-03   1.32743E-04
  0.00000E+00   2.76583E-03   1.68326E-04
  0.00000E+00   3.48668E-03   2.13179E-04
  0.00000E+00   4.39818E-03   2.69770E-04
  0.00000E+00   5.55114E-03   3.41103E-04
  0.00000E+00   7.00980E-03   4.30830E-04
  0.00000E+00   8.85425E-03   5.43703E-04
  0.00000E+00   1.11860E-02   6.85492E-04
  0.00000E+00   1.41323E-02   8.63288E-04
  0.00000E+00   1.78515E-02   1.08602E-03
  0.00000E+00   2.25409E-02   1.36451E-03
  0.00000E+00   2.84458E-02   1.71194E-03
  0.00000E+00   3.58672E-02   2.14436E-03
  0.00000E+00   4.51740E-02   2.68101E-03
  0.00000E+00   5.68166E-02   3.34465E-03
  0.00000E+00   7.13392E-02   4.16188E-03
  0.00000E+00   8.93955E-02   5.16350E-03
  0.00000E+00   1.11766E-01   6.38417E-03
  0.00000E+00   1.39376E-01   7.86208E-03
  0.00000E+00   1.73318E-01   9.63851E-03
  0.00000E+00   2.14865E-01   1.17565E-02
  0.00000E+00   2.65494E-01   1.42596E-02
  0.00000E+00   3.26899E-01   1.71895E-02
  0.00000E+00   4.01002E-01   2.05831E-02
  0.00000E+00   4.89952E-01   2.44673E-02
  0.00000E+00   5.96116E-01   2.88540E-02
  0.00000E+00   7.22055E-01   3.37330E-02
  0.00000E+00   8.70466E-01   3.90664E-02
  0.00000E+00   1.04411E+00   4.47810E-02
  0.00000E+00   1.24571E+00   5.07616E-02
  0.00000E+00   1.47781E+00   5.68443E-02
  0.00000E+00   1.74259E+00   6.28107E-02
  0.00000E+00   2.04173E+00   6.83787E-02
  0.00000E+00   2.37619E+00   7.31839E-02
  0.00000E+00   2.74611E+00   7.67551E-02
  0.00000E+00   3.15072E+00   7.84922E-02
  0.00000E+00   3.58831E+00   7.76693E-02
  0.00000E+00   4.05631E+00   7.34953E-02
  0.00000E+00   4.55129E+00   6.52496E-02
  0.00000E+00   5.06905E+00   5.24737E-02
  0.00000E+00   5.60466E+00   3.51517E-02
  0.00000E+00   6.15258E+00   1.37800E-02
  0.00000E+00   6.70683E+00  -1.07532E-02
  0.00000E+00   7.26140E+00  -3.74768E-02
  0.00000E+00   7.81169E+00  -6.57158E-02
  0.00000E+00   8.35730E+00  -9.51994E-02
  0.00000E+00   8.90370E+00  -1.24198E-01
  0.00000E+00   9.45956E+00  -1.47542E-01
  0.00000E+00   1.00304E+01  -1.58663E-01
  0.00000E+00   1.06193E+01  -1.55935E-01
  0.00000E+00   1.12247E+01  -1.47238E-01
  0.00000E+00   1.18429E+01  -1.39100E-01
  0.00000E+00   1.24680E+01  -1.35505E-01
  0.00000E+00   1.31060E+01  -1.42715E-01
  0.00000E+00   1.37681E+01  -1.51179E-01
  0.00000E+00   1.44412E+01  -1.44210E-01
  0.00000E+00   1.50643E+01  -1.02298E-01
  0.00000E+00   1.55781E+01  -3.63277E-02
  0.00000E+00   1.60179E+01   2.08721E-02
  0.00000E+00   1.64048E+01   3.23444E-02
  0.00000E+00   1.67146E+01   4.23206E-02
  0.00000E+00   1.69260E+01   7.24049E-02
  0.00000E+00   1.69738E+01   1.11947E-01
  0.00000E+00   1.67981E+01   1.10725E-01
  0.00000E+00   1.65001E+01   8.93007E-02
  0.00000E+00   1.61068E+01   1.12688E-01
  0.00000E+00   1.57421E+01   1.63403E-01
  0.00000E+00   1.54872E+01   2.15361E-01
  0.00000E+00   1.54532E+01   2.51906E-01
  0.00000E+00   1.56859E+01   3.13809E-01
  0.00000E+00   1.60637E+01   4.03462E-01
  0.00000E+00   1.64349E+01   4.77099E-01
  0.00000E+00   1.67886E+01   5.00608E-01
  0.00000E+00   1.71902E+01   4.61481E-01
  0.00000E+00   1.77091E+01   4.27580E-01
  0.00000E+00   1.83830E+01   4.11985E-01
  0.00000E+00   1.91681E+01   3.89386E-01
  0.00000E+00   2.00970E+01   3.65366E-01
  0.00000E+00   2.11525E+01   3.27660E-01
  0.00000E+00   2.22482E+01   2.65788E-01
  0.00000E+00   2.32718E+01   1.98869E-01
  0.00000E+00   2.43626E+01   1.30127E-01
  0.00000E+00   2.56739E+01   8.39166E-02
  0.00000E+00   2.71689E+01   7.92516E-02
  0.00000E+00   2.87604E+01   1.29529E-01
  0.00000E+00   3.03923E+01   2.17547E-01
  0.00000E+00   3.21286E+01   3.06955E-01
  0.00000E+00   3.39346E+01   3.84966E-01
  0.00000E+00   3.58396E+01   4.54075E-01
  0.00000E+00   3.77583E+01   5.22190E-01
  0.00000E+00   3.94221E+01   6.16564E-01
  0.00000E+00   4.06088E+01   7.32924E-01
  0.00000E+00   4.13920E+01   8.46165E-01
  0.00000E+00   4.19998E+01   9.20445E-01
  0.00000E+00   4.25734E+01   9.23955E-01
  0.00000E+00   4.31352E+01   8.48308E-01
  0.00000E+00   4.36582E+01   6.60966E-01
  0.00000E+00   4.39648E+01   3.94958E-01
  0.00000E+00   4.38835E+01   1.36943E-01
  0.00000E+00   4.36911E+01  -2.38897E-02
  0.00000E+00   4.37567E+01  -1.88535E-01
  0.00000E+00   4.41465E+01  -2.68693E-01
  0.00000E+00   4.46047E+01  -2.82138E-01
  0.00000E+00   4.47499E+01  -3.46359E-01
  0.00000E+00   4.44762E+01  -4.34925E-01
  0.00000E+00   4.40543E+01  -5.58491E-01
  0.00000E+00   4.36655E+01  -6.87166E-01
  0.00000E+00   4.32789E+01  -7.13490E-01
  0.00000E+00   4.30237E+01  -6.69251E-01
  0.00000E+00   4.28255E+01  -6.06052E-01
  0.00000E+00   4.26792E+01  -5.10369E-01
  0.00000E+00   4.25176E+01  -4.04078E-01
  0.00000E+00   4.25958E+01  -2.70681E-01
  0.00000E+00   4.29939E+01  -1.87265E-01
  0.00000E+00   4.37389E+01  -2.74191E-01
  0.00000E+00   4.49585E+01  -4.10940E-01
  0.00000E+00   4.65502E+01  -5.19213E-01
  0.00000E+00   4.83317E+01  -7.05220E-01
  0.00000E+00   5.01216E+01  -9.29578E-01
  0.00000E+00   5.19449E+01  -1.17083E+00
  0.00000E+00   5.40368E+01  -1.43649E+00
  0.00000E+00   5.62820E+01  -1.68592E+00
  0.00000E+00   5.83429E+01  -1.91065E+00
  0.00000E+00   5.98092E+01  -2.11452E+00
  0.00000E+00   6.03860E+01  -2.24785E+00
  0.00000E+00   5.98371E+01  -2.27233E+00
  0.00000E+00   5.81107E+01  -2.14194E+00
  0.00000E+00   5.60188E+01  -1.96104E+00
  0.00000E+00   5.49782E+01  -1.87914E+00
  0.00000E+00   5.53653E+01  -1.84388E+00
  0.00000E+00   5.64815E+01  -1.77196E+00
  0.00000E+00   5.73960E+01  -1.72252E+00
  0.00000E+00   5.76153E+01  -1.65756E+00
  0.00000E+00   5.69379E+01  -1.51081E+00
  0.00000E+00   5.56194E+01  -1.32081E+00
  0.00000E+00   5.42261E+01  -1.07500E+00
  0.00000E+00   5.37284E+01  -8.59128E-01
  0.00000E+00   5.48415E+01  -7.41819E-01
  0.00000E+00   5.72833E+01  -7.13568E-01
  0.00000E+00   6.00079E+01  -6.38892E-01
  0.00000E+00   6.18865E+01  -4.62466E-01
  0.00000E+00   6.27605E+01  -3.49699E-01
  0.00000E+00   6.29215E+01  -3.32338E-01
  0.00000E+00   6.28706E+01  -2.67225E-01
  0.00000E+00   6.30998E+01  -9.15367E-02
  0.00000E+00   6.40821E+01   9.42454E-02
  0.00000E+00   6.47766E+01   2.71758E-01
  0.00000E+00   6.46939E+01   4.03161E-01
  0.00000E+00   6.43618E+01   5.13050E-01
  0.00000E+00   6.41462E+01   5.14759E-01
  0.00000E+00   6.40183E+01   4.94216E-01
  0.00000E+00   6.36965E+01   4.50711E-01
  0.00000E+00   6.29966E+01   3.61592E-01
  0.00000E+00   6.19381E+01   2.67534E-01
  0.00000E+00   6.06092E+01   1.77697E-01
  0.00000E+00   5.94513E+01   1.46887E-01
  0.00000E+00   5.97724E+01   1.40314E-01
  0.00000E+00   6.13474E+01   2.44344E-01
  0.00000E+00   6.31006E+01   3.14662E-01
  0.00000E+00   6.42560E+01   2.28580E-01
  0.00000E+00   6.46685E+01   2.02627E-01
  0.00000E+00   6.42611E+01   1.92348E-01
  0.00000E+00   6.30036E+01   3.00781E-01
  0.00000E+00   6.13514E+01   3.79828E-01
  0.00000E+00   6.00423E+01   2.78416E-01
  0.00000E+00   5.88928E+01   1.19592E-01
  0.00000E+00   5.75844E+01  -5.32489E-02
  0.00000E+00   5.58836E+01  -1.08290E-01
  0.00000E+00   5.40044E+01  -1.07063E-01
  0.00000E+00   5.23880E+01  -2.01698E-01
  0.00000E+00   5.13833E+01  -3.83953E-01
  0.00000E+00   5.04083E+01  -6.34479E-01
  0.00000E+00   4.94175E+01  -7.65722E-01
  0.00000E+00   4.85680E+01  -7.03839E-01
  0.00000E+00   4.81956E+01  -6.14241E-01
  0.00000E+00   4.86086E+01  -5.03081E-01
  0.00000E+00   4.95884E+01  -3.62614E-01
  0.00000E+00   5.03855E+01  -2.51263E-01
  0.00000E+00   5.05278E+01  -1.20044E-01
  0.00000E+00   5.04353E+01  -7.94620E-02
  0.00000E+00   5.00358E+01  -1.67212E-02
  0.00000E+00   4.91628E+01   4.79876E-02
  0.00000E+00   4.84864E+01   8.29884E-02
  0.00000E+00   4.86762E+01   1.18368E-01
  0.00000E+00   4.98687E+01   7.88485E-02
  0.00000E+00   5.12725E+01   8.34781E-02
  0.00000E+00   5.25625E+01   1.37341E-01
  0.00000E+00   5.38363E+01   2.09843E-01
  0.00000E+00   5.55063E+01   2.42251E-01
  0.00000E+00   5.74763E+01   2.88806E-01
  0.00000E+00   5.94895E+01   4.05001E-01
  0.00000E+00   6.13266E+01   5.39325E-01
  0.00000E+00   6.29043E+01   7.26377E-01
  0.00000E+00   6.45346E+01   9.10285E-01
  0.00000E+00   6.65383E+01   1.00827E+00
  0.00000E+00   6.88288E+01   1.01075E+00
  0.00000E+00   7.11963E+01   1.00919E+00
  0.00000E+00   7.32839E+01   1.02028E+00
  0.00000E+00   7.51251E+01   9.91406E-01
  0.00000E+00   7.66913E+01   1.02143E+00
  0.00000E+00   7.77482E+01   1.16435E+00
  0.00000E+00   7.80332E+01   1.40337E+00
  0.00000E+00   7.73050E+01   1.69095E+00
  0.00000E+00   7.62382E+01   1.99848E+00
  0.00000E+00   7.55541E+01   2.34874E+00
  0.00000E+00   7.54347E+01   2.80191E+00
  0.00000E+00   7.58992E+01   3.26225E+00
  0.00000E+00   7.64694E+01   3.58706E+00
  0.00000E+00   7.56867E+01   3.73351E+00
  0.00000E+00   7.31809E+01   3.63643E+00
  0.00000E+00   6.98552E+01   3.41183E+00
  0.00000E+00   6.71282E+01   3.24392E+00
  0.00000E+00   6.58474E+01   3.07449E+00
  0.00000E+00   6.62854E+01   3.01040E+00
  0.00000E+00   6.67529E+01   3.16036E+00
  0.00000E+00   6.51614E+01   3.19303E+00
  0.00000E+00   6.18349E+01   3.21361E+00
  0.00000E+00   5.87807E+01   3.33195E+00
  0.00000E+00   5.71347E+01   3.48448E+00
  0.00000E+00   5.67217E+01   3.46504E+00
  0.00000E+00   5.64705E+01   3.36958E+00
  0.00000E+00   5.59206E+01   3.11474E+00
  0.00000E+00   5.48728E+01   2.79172E+00
  0.00000E+00   5.36849E+01   2.49881E+00
  0.00000E+00   5.27924E+01   2.27305E+00
  0.00000E+00   5.24008E+01   2.12762E+00
  0.00000E+00   5.27272E+01   1.98584E+00
  0.00000E+00   5.39089E+01   1.80743E+00
  0.00000E+00   5.56814E+01   1.59908E+00
  0.00000E+00   5.75363E+01   1.54063E+00
  0.00000E+00   5.93916E+01   1.52879E+00
  0.00000E+00   6.09245E+01   1.59507E+00
  0.00000E+00   6.18111E+01   1.70842E+00
  0.00000E+00   6.19438E+01   1.82787E+00
  0.00000E+00   6.16698E+01   1.91426E+00
  0.00000E+00   6.12239E+01   1.96670E+00
  0.00000E+00   6.04657E+01   1.90031E+00
  0.00000E+00   5.99687E+01   1.94349E+00
  0.00000E+00   6.00972E+01   2.05136E+00
  0.00000E+00   6.06209E+01   2.15892E+00
  0.00000E+00   6.14655E+01   2.13082E+00
  0.00000E+00   6.24075E+01   2.08447E+00
  0.00000E+00   6.37791E+01   2.17100E+00
  0.00000E+00   6.53015E+01   2.37470E+00
  0.00000E+00   6.63197E+01   2.56487E+00
  0.00000E+00   6.62337E+01   2.74190E+00
  0.00000E+00   6.49034E+01   2.88586E+00
  0.00000E+00   6.29134E+01   3.15031E+00
  0.00000E+00   6.14241E+01   3.43466E+00
  0.00000E+00   6.15747E+01   3.65180E+00
  0.00000E+00   6.34740E+01   3.82267E+00
  0.00000E+00   6.66504E+01   4.02724E+00
  0.00000E+00   6.98418E+01   4.13882E+00
  0.00000E+00   7.18143E+01   4.17860E+00
  0.00000E+00   7.22112E+01   4.15374E+00
  0.00000E+00   7.18233E+01   4.08881E+00
  0.00000E+00   7.15628E+01   3.97226E+00
  0.00000E+00   7.16684E+01   3.76928E+00
  0.00000E+00   7.18370E+01   3.43846E+00
  0.00000E+00   7.15317E+01   3.01338E+00
  0.00000E+00   7.04324E+01   2.71912E+00
  0.00000E+00   6.86418E+01   2.55693E+00
  0.00000E+00   6.68167E+01   2.55110E+00
  0.00000E+00   6.60368E+01   2.66586E+00
  0.00000E+00   6.62087E+01   2.75398E+00
  0.00000E+00   6.67573E+01   2.74833E+00
  0.00000E+00   6.73542E+01   2.56953E+00
  0.00000E+00   6.77203E+01   2.30328E+00
  0.00000E+00   6.76702E+01   2.12317E+00
  0.00000E+00   6.71836E+01   1.95708E+00
  0.00000E+00   6.64401E+01   1.70726E+00
  0.00000E+00   6.57177E+01   1.39540E+00
  0.00000E+00   6.53586E+01   1.12516E+00
  0.00000E+00   6.55822E+01   9.24131E-01
  0.00000E+00   6.63206E+01   8.18409E-01
  0.00000E+00   6.77414E+01   6.60495E-01
  0.00000E+00   6.94750E+01   4.15652E-01
  0.00000E+00   7.09776E+01   2.85062E-01
  0.00000E+00   7.16641E+01   2.98117E-01
  0.00000E+00   7.12878E+01   3.73980E-01
  0.00000E+00   7.09329E+01   4.37889E-01
  0.00000E+00   7.07378E+01   4.79095E-01
  0.00000E+00   7.02082E+01   5.66084E-01
  0.00000E+00   6.88449E+01   7.42313E-01
  0.00000E+00   6.67281E+01   9.52435E-01
  0.00000E+00   6.45962E+01   1.10332E+00
  0.00000E+00   6.25565E+01   1.16182E+00
  0.00000E+00   6.13591E+01   1.01584E+00
  0.00000E+00   6.12319E+01   7.89329E-01
  0.00000E+00   6.14927E+01   6.03991E-01
  0.00000E+00   6.19634E+01   3.67078E-01
  0.00000E+00   6.21464E+01   3.09910E-01
  0.00000E+00   6.14776E+01   3.01155E-01
  0.00000E+00   6.05247E+01   2.89157E-01
  0.00000E+00   6.03923E+01   3.90745E-01
  0.00000E+00   6.13113E+01   5.42636E-01
  0.00000E+00   6.27732E+01   7.70967E-01
  0.00000E+00   6.44313E+01   9.16144E-01
  0.00000E+00   6.57701E+01   9.60176E-01
  0.00000E+00   6.67042E+01   9.83789E-01
  0.00000E+00   6.72796E+01   1.04256E+00
  0.00000E+00   6.69343E+01   1.20256E+00
  0.00000E+00   6.57795E+01   1.39783E+00
  0.00000E+00   6.45062E+01   1.54750E+00
  0.00000E+00   6.40527E+01   1.71316E+00
  0.00000E+00   6.45743E+01   1.92806E+00
  0.00000E+00   6.55785E+01   2.12147E+00
  0.00000E+00   6.61025E+01   2.30254E+00
  0.00000E+00   6.57780E+01   2.41788E+00
  0.00000E+00   6.41456E+01   2.45904E+00
  0.00000E+00   6.14382E+01   2.50055E+00
  0.00000E+00   5.87104E+01   2.55307E+00
  0.00000E+00   5.65900E+01   2.45870E+00
  0.00000E+00   5.57037E+01   2.30872E+00
  0.00000E+00   5.57772E+01   2.21216E+00
  0.00000E+00   5.63457E+01   2.09542E+00
  0.00000E+00   5.68175E+01   2.10996E+00
  0.00000E+00   5.69787E+01   2.22761E+00
  0.00000E+00   5.70832E+01   2.16878E+00
  0.00000E+00   5.73667E+01   2.12775E+00
  0.00000E+00   5.77627E+01   2.25376E+00
  0.00000E+00   5.83866E+01   2.40401E+00
  0.00000E+00   5.88762E+01   2.52274E+00
  0.00000E+00   5.91788E+01   2.61600E+00
  0.00000E+00   5.94468E+01   2.66294E+00
  0.00000E+00   5.97097E+01   2.72776E+00
  0.00000E+00   6.03707E+01   2.83834E+00
  0.00000E+00   6.15651E+01   2.94298E+00
  0.00000E+00   6.31950E+01   3.12440E+00
  0.00000E+00   6.49558E+01   3.42207E+00
  0.00000E+00   6.65294E+01   3.69312E+00
  0.00000E+00   6.75729E+01   4.02799E+00
  0.00000E+00   6.77910E+01   4.27263E+00
  0.00000E+00   6.77419E+01   4.28425E+00
  0.00000E+00   6.78989E+01   4.25890E+00
  0.00000E+00   6.83907E+01   4.15341E+00
  0.00000E+00   6.92351E+01   4.10089E+00
  0.00000E+00   6.97685E+01   3.94357E+00
  0.00000E+00   6.96566E+01   3.75446E+00
  0.00000E+00   6.89483E+01   3.68328E+00
  0.00000E+00   6.80802E+01   3.57517E+00
  0.00000E+00   6.78487E+01   3.43235E+00
  0.00000E+00   6.83711E+01   3.24591E+00
  0.00000E+00   6.94719E+01   2.99400E+00
  0.00000E+00   7.04775E+01   2.71973E+00
  0.00000E+00   7.07041E+01   2.39942E+00
  0.00000E+00   6.96547E+01   2.16070E+00
  0.00000E+00   6.76913E+01   1.93132E+00
  0.00000E+00   6.52194E+01   1.75819E+00
  0.00000E+00   6.31321E+01   1.63540E+00
  0.00000E+00   6.14512E+01   1.48975E+00
  0.00000E+00   6.02761E+01   1.45005E+00
  0.00000E+00   5.99757E+01   1.57841E+00
  0.00000E+00   6.05085E+01   1.73221E+00
  0.00000E+00   6.09628E+01   1.84058E+00
  0.00000E+00   6.08072E+01   1.90276E+00
  0.00000E+00   6.04978E+01   1.94897E+00
  0.00000E+00   6.01664E+01   2.10683E+00
  0.00000E+00   5.98229E+01   2.28743E+00
  0.00000E+00   5.98554E+01   2.44676E+00
  0.00000E+00   6.01184E+01   2.52861E+00
  0.00000E+00   6.01696E+01   2.63154E+00
  0.00000E+00   5.99408E+01   2.73426E+00
  0.00000E+00   5.96659E+01   2.64982E+00
  0.00000E+00   5.93432E+01   2.51528E+00
  0.00000E+00   5.90273E+01   2.33471E+00
  0.00000E+00   5.87174E+01   2.11584E+00
  0.00000E+00   5.82106E+01   2.01098E+00
  0.00000E+00   5.75954E+01   2.00715E+00
  0.00000E+00   5.72222E+01   1.89063E+00
  0.00000E+00   5.72937E+01   1.72494E+00
  0.00000E+00   5.76658E+01   1.55560E+00
  0.00000E+00   5.79538E+01   1.36630E+00
  0.00000E+00   5.79874E+01   1.22986E+00
  0.00000E+00   5.79072E+01   1.15040E+00
  0.00000E+00   5.78510E+01   1.10393E+00
  0.00000E+00   5.81674E+01   1.00470E+00
  0.00000E+00   5.87690E+01   9.20724E-01
  0.00000E+00   5.93691E+01   9.15326E-01
  0.00000E+00   5.99486E+01   9.46693E-01
  0.00000E+00   6.06645E+01   9.80561E-01
  0.00000E+00   6.15403E+01   9.71471E-01
  0.00000E+00   6.25057E+01   9.32409E-01
  0.00000E+00   6.34291E+01   8.57591E-01
  0.00000E+00   6.42366E+01   6.17170E-01
  0.00000E+00   6.49606E+01   2.79952E-01
  0.00000E+00   6.57368E+01  -1.02924E-01
  0.00000E+00   6.61676E+01  -4.69878E-01
  0.00000E+00   6.57565E+01  -8.10688E-01
  0.00000E+00   6.46880E+01  -1.02664E+00
  0.00000E+00   6.39799E+01  -1.18869E+00
  0.00000E+00   6.40489E+01  -1.35274E+00
  0.00000E+00   6.46297E+01  -1.37870E+00
  0.00000E+00   6.52117E+01  -1.21513E+00
  0.00000E+00   6.52022E+01  -9.81773E-01
  0.00000E+00   6.43380E+01  -8.07944E-01
  0.00000E+00   6.34071E+01  -7.89559E-01
  0.00000E+00   6.22853E+01  -7.96464E-01
  0.00000E+00   6.12992E+01  -8.61625E-01
  0.00000E+00   6.10243E+01  -1.07068E+00
  0.00000E+00   6.12733E+01  -1.24249E+00
  0.00000E+00   6.20170E+01  -1.44625E+00
  0.00000E+00   6.29648E+01  -1.68344E+00
  0.00000E+00   6.40648E+01  -1.92435E+00
  0.00000E+00   6.50132E+01  -2.30692E+00
  0.00000E+00   6.55697E+01  -2.64148E+00
  0.00000E+00   6.54665E+01  -2.92440E+00
  0.00000E+00   6.48981E+01  -3.15638E+00
  0.00000E+00   6.42774E+01  -3.26705E+00
  0.00000E+00   6.38989E+01  -3.21346E+00
  0.00000E+00   6.39939E+01  -3.10419E+00
  0.00000E+00   6.45511E+01  -2.86723E+00
  0.00000E+00   6.50946E+01  -2.69462E+00
  0.00000E+00   6.50957E+01  -2.61164E+00
  0.00000E+00   6.49988E+01  -2.53144E+00
  0.00000E+00   6.51555E+01  -2.39288E+00
  0.00000E+00   6.54430E+01  -2.26709E+00
  0.00000E+00   6.53743E+01  -2.14668E+00
  0.00000E+00   6.51374E+01  -1.91897E+00
  0.00000E+00   6.49123E+01  -1.67972E+00
  0.00000E+00   6.50092E+01  -1.49539E+00
  0.00000E+00   6.51032E+01  -1.38133E+00
  0.00000E+00   6.49383E+01  -1.24612E+00
  0.00000E+00   6.42123E+01  -1.05965E+00
  0.00000E+00   6.28814E+01  -7.88355E-01
  0.00000E+00   6.14204E+01  -4.62186E-01
  0.00000E+00   6.03590E+01  -2.53011E-01
  0.00000E+00   5.98642E+01  -9.09261E-03
  0.00000E+00   5.99198E+01   2.43739E-01
  0.00000E+00   6.06474E+01   5.74286E-01
  0.00000E+00   6.18247E+01   8.85441E-01
  0.00000E+00   6.25174E+01   1.14181E+00
  0.00000E+00   6.24666E+01   1.41150E+00
  0.00000E+00   6.21445E+01   1.65751E+00
  0.00000E+00   6.23290E+01   1.79369E+00
  0.00000E+00   6.31175E+01   1.83851E+00
  0.00000E+00   6.37500E+01   1.78017E+00
  0.00000E+00   6.38065E+01   1.71107E+00
  0.00000E+00   6.32068E+01   1.60322E+00
  0.00000E+00   6.23841E+01   1.41956E+00
  0.00000E+00   6.18184E+01   1.21811E+00
  0.00000E+00   6.16611E+01   1.12626E+00
  0.00000E+00   6.18730E+01   1.16935E+00
  0.00000E+00   6.23784E+01   1.17062E+00
  0.00000E+00   6.32319E+01   1.06111E+00
  0.00000E+00   6.44016E+01   1.02529E+00
  0.00000E+00   6.52460E+01   1.04751E+00
  0.00000E+00   6.52826E+01   1.08192E+00
  0.00000E+00   6.47293E+01   1.14574E+00
  0.00000E+00   6.38497E+01   1.29903E+00
  0.00000E+00   6.26904E+01   1.38317E+00
  0.00000E+00   6.18006E+01   1.39293E+00
  0.00000E+00   6.12742E+01   1.36675E+00
  0.00000E+00   6.08345E+01   1.35889E+00
  0.00000E+00   6.01164E+01   1.36828E+00
  0.00000E+00   5.91606E+01   1.33577E+00
  0.00000E+00   5.80982E+01   1.23127E+00
  0.00000E+00   5.67245E+01   1.05763E+00
  0.00000E+00   5.51810E+01   7.47004E-01
  0.00000E+00   5.40339E+01   3.33728E-01
  0.00000E+00   5.32243E+01  -1.29370E-02
  0.00000E+00   5.23621E+01  -2.78688E-01
  0.00000E+00   5.16794E+01  -5.85528E-01
  0.00000E+00   5.11069E+01  -7.98595E-01
  0.00000E+00   5.10715E+01  -9.25535E-01
  0.00000E+00   5.15734E+01  -9.62845E-01
  0.00000E+00   5.23381E+01  -9.63179E-01
  0.00000E+00   5.29168E+01  -1.06490E+00
  0.00000E+00   5.30200E+01  -1.11060E+00
  0.00000E+00   5.26209E+01  -1.14674E+00
  0.00000E+00   5.22470E+01  -1.04463E+00
  0.00000E+00   5.18857E+01  -8.13641E-01
  0.00000E+00   5.14374E+01  -5.85396E-01
  0.00000E+00   5.14931E+01  -2.70083E-01
  0.00000E+00   5.25193E+01  -3.12500E-02
  0.00000E+00   5.39022E+01   9.69964E-02
  0.00000E+00   5.50828E+01   2.42362E-01
  0.00000E+00   5.51757E+01   3.59324E-01
  0.00000E+00   5.43660E+01   5.02885E-01
  0.00000E+00   5.34417E+01   7.49002E-01
  0.00000E+00   5.24981E+01   1.04996E+00
  0.00000E+00   5.21251E+01   1.32307E+00
  0.00000E+00   5.24023E+01   1.52252E+00
  0.00000E+00   5.33989E+01   1.63286E+00
  0.00000E+00   5.51689E+01   1.59623E+00
  0.00000E+00   5.70406E+01   1.58313E+00
  0.00000E+00   5.82146E+01   1.60806E+00
  0.00000E+00   5.90518E+01   1.64779E+00
  0.00000E+00   6.00408E+01   1.64771E+00
  0.00000E+00   6.16046E+01   1.52806E+00
  0.00000E+00   6.34435E+01   1.35492E+00
  0.00000E+00   6.48977E+01   1.12185E+00
  0.00000E+00   6.51275E+01   9.37902E-01
  0.00000E+00   6.37937E+01   7.53841E-01
  0.00000E+00   6.18342E+01   4.81489E-01
  0.00000E+00   6.03545E+01   1.07111E-01
  0.00000E+00   5.93450E+01  -1.39663E-01
  0.00000E+00   5.89924E+01  -2.84315E-01
  0.00000E+00   5.91883E+01  -4.80448E-01
  0.00000E+00   5.98821E+01  -6.95692E-01
  0.00000E+00   6.09155E+01  -8.64268E-01
  0.00000E+00   6.19748E+01  -9.44214E-01
  0.00000E+00   6.27906E+01  -9.94257E-01
  0.00000E+00   6.34887E+01  -1.12506E+00
  0.00000E+00   6.40453E+01  -1.40528E+00
  0.00000E+00   6.44870E+01  -1.69441E+00
  0.00000E+00   6.48240E+01  -1.95842E+00
  0.00000E+00   6.50702E+01  -2.06408E+00
  0.00000E+00   6.51703E+01  -2.01567E+00
  0.00000E+00   6.49957E+01  -1.94399E+00
  0.00000E+00   6.45245E+01  -1.87337E+00
  0.00000E+00   6.35431E+01  -1.78196E+00
  0.00000E+00   6.25102E+01  -1.55937E+00
  0.00000E+00   6.16581E+01  -1.19592E+00
  0.00000E+00   6.10495E+01  -7.53732E-01
  0.00000E+00   6.04225E+01  -3.08031E-01
  0.00000E+00   5.93481E+01   8.19775E-02
  0.00000E+00   5.78278E+01   3.63636E-01
  0.00000E+00   5.65267E+01   5.78962E-01
  0.00000E+00   5.59533E+01   7.99923E-01
  0.00000E+00   5.62023E+01   9.64078E-01
  0.00000E+00   5.69604E+01   8.69866E-01
  0.00000E+00   5.77912E+01   7.28230E-01
  0.00000E+00   5.85193E+01   6.45900E-01
  0.00000E+00   5.91786E+01   5.87845E-01
  0.00000E+00   5.97439E+01   5.72457E-01
  0.00000E+00   5.98512E+01   5.39992E-01
  0.00000E+00   5.95096E+01   4.68873E-01
  0.00000E+00   5.91604E+01   4.61974E-01
  0.00000E+00   5.88404E+01   4.32641E-01
  0.00000E+00   5.83920E+01   1.98329E-01
  0.00000E+00   5.83533E+01  -1.45971E-01
  0.00000E+00   5.84866E+01  -5.13299E-01
  0.00000E+00   5.87585E+01  -7.25661E-01
  0.00000E+00   5.90624E+01  -7.17670E-01
  0.00000E+00   5.93409E+01  -6.66096E-01
  0.00000E+00   5.93991E+01  -6.20041E-01
  0.00000E+00   5.92869E+01  -6.93731E-01
  0.00000E+00   5.91925E+01  -9.23110E-01
  0.00000E+00   5.96658E+01  -1.33556E+00
  0.00000E+00   6.05803E+01  -1.75758E+00
  0.00000E+00   6.19077E+01  -2.05436E+00
  0.00000E+00   6.30012E+01  -2.20637E+00
  0.00000E+00   6.36164E+01  -2.20751E+00
  0.00000E+00   6.36372E+01  -2.11017E+00
  0.00000E+00   6.31542E+01  -1.93826E+00
  0.00000E+00   6.25440E+01  -1.60405E+00
  0.00000E+00   6.17875E+01  -1.19874E+00
  0.00000E+00   6.10957E+01  -8.22432E-01
  0.00000E+00   6.08603E+01  -5.29023E-01
  0.00000E+00   6.11783E+01  -2.84515E-01
  0.00000E+00   6.14666E+01  -1.00337E-01
  0.00000E+00   6.15046E+01   4.54475E-03
  0.00000E+00   6.11275E+01   2.05425E-01
  0.00000E+00   6.07837E+01   3.58694E-01
  0.00000E+00   6.09021E+01   5.06572E-01
  0.00000E+00   6.15576E+01   5.44272E-01
  0.00000E+00   6.23711E+01   5.41919E-01
  0.00000E+00   6.27371E+01   4.22186E-01
  0.00000E+00   6.23460E+01   2.43615E-01
  0.00000E+00   6.15739E+01   8.99859E-02
  0.00000E+00   6.10891E+01   7.52813E-02
  0.00000E+00   6.11268E+01   1.65979E-01
  0.00000E+00   6.13440E+01   2.15653E-01
  0.00000E+00   6.20063E+01   3.39579E-01
  0.00000E+00   6.29069E+01   5.44869E-01
  0.00000E+00   6.42633E+01   9.20903E-01
  0.00000E+00   6.59316E+01   1.33062E+00
  0.00000E+00   6.72820E+01   1.76692E+00
  0.00000E+00   6.79842E+01   2.14243E+00
  0.00000E+00   6.83452E+01   2.36782E+00
  0.00000E+00   6.87513E+01   2.62191E+00
  0.00000E+00   6.94258E+01   2.86088E+00
  0.00000E+00   7.08388E+01   3.06731E+00
  0.00000E+00   7.26659E+01   3.28884E+00
  0.00000E+00   7.48284E+01   3.53443E+00
  0.00000E+00   7.72174E+01   3.72027E+00
  0.00000E+00   7.94718E+01   3.84460E+00
  0.00000E+00   8.06980E+01   3.93526E+00
  0.00000E+00   8.01471E+01   3.82240E+00
  0.00000E+00   7.82243E+01   3.76455E+00
  0.00000E+00   7.62926E+01   3.72465E+00
  0.00000E+00   7.56156E+01   3.81097E+00
  0.00000E+00   7.58125E+01   3.84731E+00
  0.00000E+00   7.63475E+01   3.76984E+00
  0.00000E+00   7.60637E+01   3.69598E+00
  0.00000E+00   7.45532E+01   3.58224E+00
  0.00000E+00   7.26852E+01   3.42374E+00
  0.00000E+00   7.13447E+01   3.23745E+00
  0.00000E+00   6.96682E+01   2.98051E+00
  0.00000E+00   6.74303E+01   2.73097E+00
  0.00000E+00   6.50745E+01   2.58487E+00
  0.00000E+00   6.31443E+01   2.51601E+00
  0.00000E+00   6.16225E+01   2.41519E+00
  0.00000E+00   6.02647E+01   2.25608E+00
  0.00000E+00   5.90972E+01   2.00705E+00
  0.00000E+00   5.85313E+01   1.74792E+00
  0.00000E+00   5.86702E+01   1.48547E+00
  0.00000E+00   5.93102E+01   1.39663E+00
  0.00000E+00   6.00382E+01   1.53325E+00
  0.00000E+00   6.06440E+01   1.74615E+00
  0.00000E+00   6.13836E+01   1.90552E+00
  0.00000E+00   6.19975E+01   1.99768E+00
  0.00000E+00   6.21204E+01   2.08617E+00
  0.00000E+00   6.16259E+01   2.34467E+00
  0.00000E+00   6.09010E+01   2.38400E+00
  0.00000E+00   6.03894E+01   2.11357E+00
  0.00000E+00   6.03119E+01   1.73274E+00
  0.00000E+00   6.08475E+01   1.46518E+00
  0.00000E+00   6.14994E+01   1.32562E+00
  0.00000E+00   6.22119E+01   1.21698E+00
  0.00000E+00   6.30740E+01   1.16692E+00
  0.00000E+00   6.35527E+01   1.11535E+00
  0.00000E+00   6.34689E+01   1.08228E+00
  0.00000E+00   6.28187E+01   1.01988E+00
  0.00000E+00   6.17999E+01   9.85602E-01
  0.00000E+00   6.12083E+01   9.53027E-01
  0.00000E+00   6.13663E+01   1.04279E+00
  0.00000E+00   6.22853E+01   1.18390E+00
  0.00000E+00   6.35738E+01   1.22345E+00
  0.00000E+00   6.50488E+01   1.28278E+00
  0.00000E+00   6.63880E+01   1.44031E+00
  0.00000E+00   6.75331E+01   1.56494E+00
  0.00000E+00   6.87641E+01   1.68709E+00
  0.00000E+00   6.95118E+01   1.81318E+00
  0.00000E+00   6.93651E+01   1.87126E+00
  0.00000E+00   6.87244E+01   1.84454E+00
  0.00000E+00   6.81698E+01   1.84780E+00
  0.00000E+00   6.78884E+01   2.00285E+00
  0.00000E+00   6.73121E+01   1.99886E+00
  0.00000E+00   6.63091E+01   1.83667E+00
  0.00000E+00   6.55326E+01   1.62893E+00
  0.00000E+00   6.54099E+01   1.53365E+00
  0.00000E+00   6.51863E+01   1.47824E+00
  0.00000E+00   6.45809E+01   1.33648E+00
  0.00000E+00   6.31668E+01   1.17937E+00
  0.00000E+00   6.18503E+01   1.03965E+00
  0.00000E+00   6.11853E+01   8.73978E-01
  0.00000E+00   6.08878E+01   5.94226E-01
  0.00000E+00   6.06519E+01   2.37872E-01
  0.00000E+00   6.03520E+01  -7.29494E-02
  0.00000E+00   5.97904E+01  -3.39399E-01
  0.00000E+00   5.94028E+01  -5.06599E-01
  0.00000E+00   5.92309E+01  -4.50530E-01
  0.00000E+00   5.90225E+01  -3.28990E-01
  0.00000E+00   5.89660E+01  -1.75636E-01
  0.00000E+00   5.87340E+01  -1.45334E-02
  0.00000E+00   5.85102E+01   5.57319E-02
  0.00000E+00   5.82719E+01   8.82149E-02
  0.00000E+00   5.80688E+01  -3.73513E-02
  0.00000E+00   5.83974E+01  -1.80974E-01
  0.00000E+00   5.89049E+01  -1.90488E-01
  0.00000E+00   5.92303E+01  -1.28923E-01
  0.00000E+00   5.96059E+01  -1.08739E-01
  0.00000E+00   5.98818E+01  -2.14459E-02
  0.00000E+00   6.02758E+01   1.17969E-01
  0.00000E+00   6.09982E+01   2.50446E-01
  0.00000E+00   6.15654E+01   4.36836E-01
  0.00000E+00   6.19070E+01   5.48699E-01
  0.00000E+00   6.23687E+01   6.59808E-01
  0.00000E+00   6.32335E+01   7.89034E-01
  0.00000E+00   6.47898E+01   9.53350E-01
  0.00000E+00   6.67693E+01   1.22258E+00
  0.00000E+00   6.79038E+01   1.44742E+00
  0.00000E+00   6.77444E+01   1.65925E+00
  0.00000E+00   6.67846E+01   1.87164E+00
  0.00000E+00   6.57073E+01   2.00170E+00
  0.00000E+00   6.47107E+01   1.95385E+00
  0.00000E+00   6.33811E+01   1.75629E+00
  0.00000E+00   6.21466E+01   1.54497E+00
  0.00000E+00   6.14678E+01   1.38600E+00
  0.00000E+00   6.15044E+01   1.26123E+00
  0.00000E+00   6.14503E+01   1.08871E+00
  0.00000E+00   6.11224E+01   9.35725E-01
  0.00000E+00   6.11539E+01   8.36328E-01
  0.00000E+00   6.15709E+01   8.48869E-01
  0.00000E+00   6.18883E+01   8.96605E-01
  0.00000E+00   6.16657E+01   9.62444E-01
  0.00000E+00   6.06707E+01   1.06559E+00
  0.00000E+00   5.93306E+01   9.86607E-01
  0.00000E+00   5.81006E+01   9.85941E-01
  0.00000E+00   5.69774E+01   1.05183E+00
  0.00000E+00   5.61200E+01   1.19257E+00
  0.00000E+00   5.59278E+01   1.33710E+00
  0.00000E+00   5.66526E+01   1.37604E+00
  0.00000E+00   5.75177E+01   1.33657E+00
  0.00000E+00   5.78834E+01   1.39146E+00
  0.00000E+00   5.77344E+01   1.47814E+00
  0.00000E+00   5.72176E+01   1.53329E+00
  0.00000E+00   5.69029E+01   1.50333E+00
  0.00000E+00   5.69428E+01   1.42642E+00
  0.00000E+00   5.73323E+01   1.42130E+00
  0.00000E+00   5.80528E+01   1.44696E+00
  0.00000E+00   5.86994E+01   1.39981E+00
  0.00000E+00   5.88956E+01   1.28335E+00
  0.00000E+00   5.87992E+01   1.01816E+00
  0.00000E+00   5.89491E+01   8.78294E-01
  0.00000E+00   5.96535E+01   7.94986E-01
  0.00000E+00   6.08479E+01   7.18891E-01
  0.00000E+00   6.20100E+01   7.61513E-01
  0.00000E+00   6.27997E+01   8.25537E-01
  0.00000E+00   6.31695E+01   8.43152E-01
  0.00000E+00   6.32015E+01   7.47577E-01
  0.00000E+00   6.30858E+01   6.66057E-01
  0.00000E+00   6.33723E+01   5.27010E-01
  0.00000E+00   6.41191E+01   3.99514E-01
  0.00000E+00   6.50514E+01   3.18124E-01
  0.00000E+00   6.61646E+01   2.41970E-01
  0.00000E+00   6.71394E+01   2.98567E-01
  0.00000E+00   6.70967E+01   5.32141E-01
  0.00000E+00   6.60370E+01   7.50018E-01
  0.00000E+00   6.47343E+01   9.18961E-01
  0.00000E+00   6.39753E+01   1.07383E+00
  0.00000E+00   6.37338E+01   1.17199E+00
  0.00000E+00   6.38802E+01   1.29506E+00
  0.00000E+00   6.42283E+01   1.41987E+00
  0.00000E+00   6.43514E+01   1.38861E+00
  0.00000E+00   6.40668E+01   1.39838E+00
  0.00000E+00   6.34819E+01   1.50996E+00
  0.00000E+00   6.28170E+01   1.67418E+00
  0.00000E+00   6.24344E+01   1.83388E+00
  0.00000E+00   6.23106E+01   1.91707E+00
  0.00000E+00   6.23754E+01   1.88048E+00
  0.00000E+00   6.25876E+01   1.80315E+00
  0.00000E+00   6.26845E+01   1.74239E+00
  0.00000E+00   6.24878E+01   1.64081E+00
  0.00000E+00   6.23975E+01   1.53736E+00
  0.00000E+00   6.22920E+01   1.43288E+00
  0.00000E+00   6.25891E+01   1.40241E+00
  0.00000E+00   6.33132E+01   1.31910E+00
  0.00000E+00   6.40669E+01   1.18863E+00
  0.00000E+00   6.44086E+01   1.09291E+00
  0.00000E+00   6.40412E+01   1.06158E+00
  0.00000E+00   6.31337E+01   1.08266E+00
  0.00000E+00   6.23853E+01   1.16961E+00
  0.00000E+00   6.20897E+01   1.28616E+00
  0.00000E+00   6.22925E+01   1.39373E+00
  0.00000E+00   6.32201E+01   1.44779E+00
  0.00000E+00   6.46825E+01   1.46278E+00
  0.00000E+00   6.61284E+01   1.30576E+00
  0.00000E+00   6.68939E+01   1.04601E+00
  0.00000E+00   6.70156E+01   7.27681E-01
  0.00000E+00   6.67544E+01   3.40977E-01
  0.00000E+00   6.62366E+01   2.63005E-02
  0.00000E+00   6.56392E+01  -1.09345E-01
  0.00000E+00   6.51071E+01  -1.18142E-01
  0.00000E+00   6.49090E+01   1.28115E-02
  0.00000E+00   6.52402E+01   1.70065E-01
  0.00000E+00   6.53774E+01   2.07875E-01
  0.00000E+00   6.51243E+01   3.33498E-02
  0.00000E+00   6.46240E+01  -4.12558E-01
  0.00000E+00   6.36774E+01  -1.03452E+00
  0.00000E+00   6.25687E+01  -1.68581E+00
  0.00000E+00   6.15743E+01  -2.00210E+00
  0.00000E+00   6.08797E+01  -1.98896E+00
  0.00000E+00   6.03418E+01  -1.83741E+00
  0.00000E+00   6.00994E+01  -1.64390E+00
  0.00000E+00   6.02861E+01  -1.46787E+00
  0.00000E+00   6.07363E+01  -1.31880E+00
  0.00000E+00   6.11282E+01  -1.20629E+00
  0.00000E+00   6.13635E+01  -1.01767E+00
  0.00000E+00   6.15636E+01  -8.53942E-01
  0.00000E+00   6.17409E+01  -7.03710E-01
  0.00000E+00   6.16598E+01  -5.37063E-01
  0.00000E+00   6.13104E+01  -3.54949E-01
  0.00000E+00   6.10820E+01  -8.88499E-02
  0.00000E+00   6.12626E+01   1.64581E-01
  0.00000E+00   6.12789E+01   3.33489E-01
  0.00000E+00   6.08275E+01   5.77439E-01
  0.00000E+00   5.98006E+01   8.60913E-01
  0.00000E+00   5.88579E+01   1.09019E+00
  0.00000E+00   5.86206E+01   1.44045E+00
  0.00000E+00   5.90362E+01   1.79873E+00
  0.00000E+00   5.96139E+01   2.15885E+00
  0.00000E+00   5.96668E+01   2.45730E+00
  0.00000E+00   5.93742E+01   2.75882E+00
  0.00000E+00   5.93021E+01   3.00481E+00
  0.00000E+00   5.95665E+01   3.10674E+00
  0.00000E+00   5.95980E+01   3.24240E+00
