  0.00000E+00  -3.79914E-03  -2.84663E-06
  0.00000E+00  -2.93234E-03  -4.77447E-06
  0.00000E+00  -1.75854E-03  -1.03505E-05
  0.00000E+00  -1.05131E-03  -1.48026E-05
  0.00000E+00  -5.76854E-04  -1.62281E-05
  0.00000E+00  -2.45334E-04  -1.59295E-05
  0.00000E+00  -1.68614E-05  -1.38270E-05
  0.00000E+00   1.46336E-04  -1.08269E-05
  0.00000E+00   2.63889E-04  -7.26452E-06
  0.00000E+00   3.47344E-04  -3.55392E-06
  0.00000E+00   4.09081E-04   5.45025E-08
  0.00000E+00   4.57985E-04   3.51387E-06
  0.00000E+00   5.00026E-04   6.74828E-06
  0.00000E+00   5.38482E-04   9.73693E-06
  0.00000E+00   5.75783E-04   1.24194E-05
  0.00000E+00   6.13773E-04   1.48416E-05
  0.00000E+00   6.53831E-04   1.70701E-05
  0.00000E+00   6.96426E-04   1.91662E-05
  0.00000E+00   7.41468E-04   2.11874E-05
  0.00000E+00   7.90409E-04   2.32067E-05
  0.00000E+00   8.42161E-04   2.51958E-05
  0.00000E+00   8.98493E-04   2.72160E-05
  0.00000E+00   9.56942E-04   2.92396E-05
  0.00000E+00   1.02170E-03   3.11947E-05
  0.00000E+00   1.08981E-03   3.31160E-05
  0.00000E+00   1.16235E-03   3.49598E-05
  0.00000E+00   1.24241E-03   3.66341E-05
  0.00000E+00   1.32609E-03   3.83052E-05
  0.00000E+00   1.41636E-03   3.97734E-05
  0.00000E+00   1.51573E-03   4.10910E-05
  0.00000E+00   1.61930E-03   4.23220E-05
  0.00000E+00   1.73175E-03   4.33079E-05
  0.00000E+00   1.85447E-03   4.40738E-05
  0.00000E+00   1.98534E-03   4.46250E-05
  0.00000E+00   2.12501E-03   4.49871E-05
  0.00000E+00   2.27673E-03   4.50471E-05
  0.00000E+00   2.44032E-03   4.48656E-05
  0.00000E+00   2.61562E-03   4.44633E-05
  0.00000E+00   2.80369E-03   4.38058E-05
  0.00000E+00   3.00671E-03   4.28997E-05
  0.00000E+00   3.22527E-03   4.16873E-05
  0.00000E+00   3.45990E-03   4.01856E-05
  0.00000E+00   3.71154E-03   3.83852E-05
  0.00000E+00   3.98212E-03   3.62621E-05
  0.00000E+00   4.27297E-03   3.38197E-05
  0.00000E+00   4.58546E-03   3.10541E-05
  0.00000E+00   4.92091E-03   2.79478E-05
  0.00000E+00   5.28064E-03   2.45023E-05
  0.00000E+00   5.66690E-03   2.07235E-05
  0.00000E+00   6.08137E-03   1.65988E-05
  0.00000E+00   6.52602E-03   1.21390E-05
  0.00000E+00   7.00292E-03   7.34625E-06
  0.00000E+00   7.51432E-03   2.22463E-06
  0.00000E+00   8.06252E-03  -3.21697E-06
  0.00000E+00   8.65003E-03  -8.96744E-06
  0.00000E+00   9.27959E-03  -1.50108E-05
  0.00000E+00   9.95412E-03  -2.13210E-05
  0.00000E+00   1.06766E-02  -2.78625E-05
  0.00000E+00   1.14502E-02  -3.46010E-05
  0.00000E+00   1.22785E-02  -4.14995E-05
  0.00000E+00   1.31652E-02  -4.85139E-05
  0.00000E+00   1.41141E-02  -5.55943E-05
  0.00000E+00   1.51294E-02  -6.26805E-05
  0.00000E+00   1.62155E-02  -6.96990E-05
  0.00000E+00   1.73771E-02  -7.65629E-05
  0.00000E+00   1.86192E-02  -8.31719E-05
  0.00000E+00   1.99472E-02  -8.94238E-05
  0.00000E+00   2.13668E-02  -9.52106E-05
  0.00000E+00   2.28840E-02  -1.00428E-04
  0.00000E+00   2.45051E-02  -1.04973E-04
  0.00000E+00   2.62370E-02  -1.08744E-04
  0.00000E+00   2.80868E-02  -1.11644E-04
  0.00000E+00   3.00623E-02  -1.13575E-04
  0.00000E+00   3.21715E-02  -1.14445E-04
  0.00000E+00   3.44228E-02  -1.14166E-04
  0.00000E+00   3.68252E-02  -1.12662E-04
  0.00000E+00   3.93879E-02  -1.09877E-04
  0.00000E+00   4.21207E-02  -1.05780E-04
  0.00000E+00   4.50332E-02  -1.00374E-04
  0.00000E+00   4.81353E-02  -9.36954E-05
  0.00000E+00   5.14372E-02  -8.58043E-05
  0.00000E+00   5.49483E-02  -7.67699E-05
  0.00000E+00   5.86781E-02  -6.66512E-05
  0.00000E+00   6.26354E-02  -5.54858E-05
  0.00000E+00   6.68283E-02  -4.32926E-05
  0.00000E+00   7.12640E-02  -3.01012E-05
  0.00000E+00   7.59490E-02  -1.60059E-05
  0.00000E+00   8.08895E-02  -1.23730E-06
  0.00000E+00   8.60911E-02   1.37657E-05
  0.00000E+00   9.15600E-02   2.83170E-05
  0.00000E+00   9.73029E-02   4.15061E-05
  0.00000E+00   1.03328E-01   5.22939E-05
  0.00000E+00   1.09647E-01   5.96594E-05
  0.00000E+00   1.16272E-01   6.27439E-05
  0.00000E+00   1.23221E-01   6.09196E-05
  0.00000E+00   1.30512E-01   5.37202E-05
  0.00000E+00   1.38170E-01   4.06072E-05
  0.00000E+00   1.46222E-01   2.06093E-05
  0.00000E+00   1.54698E-01  -8.07548E-06
  0.00000E+00   1.63632E-01  -4.83863E-05
  0.00000E+00   1.73059E-01  -1.04489E-04
  0.00000E+00   1.83015E-01  -1.81562E-04
  0.00000E+00   1.93538E-01  -2.85297E-04
  0.00000E+00   2.04665E-01  -4.21173E-04
  0.00000E+00   2.16432E-01  -5.93669E-04
  0.00000E+00   2.28870E-01  -8.05676E-04
  0.00000E+00   2.42008E-01  -1.05832E-03
  0.00000E+00   2.55870E-01  -1.35110E-03
  0.00000E+00   2.70475E-01  -1.68204E-03
  0.00000E+00   2.85838E-01  -2.04799E-03
  0.00000E+00   3.01975E-01  -2.44532E-03
  0.00000E+00   3.18900E-01  -2.87100E-03
  0.00000E+00   3.36630E-01  -3.32305E-03
  0.00000E+00   3.55190E-01  -3.79974E-03
  0.00000E+00   3.74609E-01  -4.29806E-03
  0.00000E+00   3.94922E-01  -4.81218E-03
  0.00000E+00   4.16164E-01  -5.33256E-03
  0.00000E+00   4.38374E-01  -5.84577E-03
  0.00000E+00   4.61580E-01  -6.33474E-03
  0.00000E+00   4.85802E-01  -6.78055E-03
  0.00000E+00   5.11052E-01  -7.16607E-03
  0.00000E+00   5.37332E-01  -7.47883E-03
  0.00000E+00   5.64639E-01  -7.71088E-03
  0.00000E+00   5.92964E-01  -7.85643E-03
  0.00000E+00   6.22294E-01  -7.90996E-03
  0.00000E+00   6.52617E-01  -7.86487E-03
  0.00000E+00   6.83923E-01  -7.71192E-03
  0.00000E+00   7.16209E-01  -7.43838E-03
  0.00000E+00   7.49472E-01  -7.03235E-03
  0.00000E+00   7.83707E-01  -6.49297E-03
  0.00000E+00   8.18909E-01  -5.83900E-03
  0.00000E+00   8.55060E-01  -5.10597E-03
  0.00000E+00   8.92133E-01  -4.33188E-03
  0.00000E+00   9.30081E-01  -3.54064E-03
  0.00000E+00   9.68845E-01  -2.73437E-03
  0.00000E+00   1.00836E+00  -1.89933E-03
  0.00000E+00   1.04854E+00  -1.02024E-03
  0.00000E+00   1.08934E+00  -9.53605E-05
  0.00000E+00   1.13071E+00   8.56409E-04
  0.00000E+00   1.17262E+00   1.79962E-03
  0.00000E+00   1.21502E+00   2.69317E-03
  0.00000E+00   1.25788E+00   3.50278E-03
  0.00000E+00   1.30113E+00   4.21125E-03
  0.00000E+00   1.34473E+00   4.82329E-03
  0.00000E+00   1.38863E+00   5.36476E-03
  0.00000E+00   1.43279E+00   5.87428E-03
  0.00000E+00   1.47713E+00   6.37993E-03
  0.00000E+00   1.52159E+00   6.87646E-03
  0.00000E+00   1.56608E+00   7.33125E-03
  0.00000E+00   1.61059E+00   7.67751E-03
  0.00000E+00   1.65524E+00   7.78310E-03
  0.00000E+00   1.70030E+00   7.50345E-03
  0.00000E+00   1.74614E+00   6.79052E-03
  0.00000E+00   1.79314E+00   5.72037E-03
  0.00000E+00   1.84163E+00   4.41139E-03
  0.00000E+00   1.89182E+00   2.98117E-03
  0.00000E+00   1.94381E+00   1.57542E-03
  0.00000E+00   1.99765E+00   4.37590E-04
  0.00000E+00   2.05345E+00  -8.42257E-05
  0.00000E+00   2.11130E+00   2.82931E-04
  0.00000E+00   2.17125E+00   1.52277E-03
  0.00000E+00   2.23320E+00   3.31051E-03
  0.00000E+00   2.29669E+00   5.21586E-03
  0.00000E+00   2.36088E+00   6.91428E-03
  0.00000E+00   2.42471E+00   8.22785E-03
  0.00000E+00   2.48715E+00   9.08215E-03
  0.00000E+00   2.54744E+00   9.30721E-03
  0.00000E+00   2.60530E+00   8.55122E-03
  0.00000E+00   2.66075E+00   6.56758E-03
  0.00000E+00   2.71386E+00   3.45263E-03
  0.00000E+00   2.76460E+00  -4.18295E-04
  0.00000E+00   2.81291E+00  -4.58628E-03
  0.00000E+00   2.85856E+00  -8.59217E-03
  0.00000E+00   2.90128E+00  -1.19461E-02
  0.00000E+00   2.94116E+00  -1.41158E-02
  0.00000E+00   2.97888E+00  -1.47073E-02
  0.00000E+00   3.01523E+00  -1.36874E-02
  0.00000E+00   3.05064E+00  -1.14948E-02
  0.00000E+00   3.08530E+00  -8.91026E-03
  0.00000E+00   3.11935E+00  -6.55496E-03
  0.00000E+00   3.15307E+00  -4.60303E-03
  0.00000E+00   3.18693E+00  -3.27414E-03
  0.00000E+00   3.22167E+00  -3.11833E-03
  0.00000E+00   3.25844E+00  -4.37663E-03
  0.00000E+00   3.29843E+00  -6.43742E-03
  0.00000E+00   3.34176E+00  -8.30933E-03
  0.00000E+00   3.38725E+00  -9.62869E-03
  0.00000E+00   3.43322E+00  -1.05473E-02
  0.00000E+00   3.47762E+00  -1.12071E-02
  0.00000E+00   3.51868E+00  -1.17301E-02
  0.00000E+00   3.55565E+00  -1.22246E-02
  0.00000E+00   3.58840E+00  -1.26556E-02
  0.00000E+00   3.61685E+00  -1.25885E-02
  0.00000E+00   3.64059E+00  -1.14028E-02
  0.00000E+00   3.65920E+00  -9.06863E-03
  0.00000E+00   3.67207E+00  -6.10611E-03
  0.00000E+00   3.67808E+00  -2.65730E-03
  0.00000E+00   3.67676E+00   1.19932E-03
  0.00000E+00   3.66909E+00   5.12441E-03
  0.00000E+00   3.65676E+00   8.99026E-03
  0.00000E+00   3.64164E+00   1.27100E-02
  0.00000E+00   3.62538E+00   1.57345E-02
  0.00000E+00   3.60920E+00   1.74447E-02
  0.00000E+00   3.59397E+00   1.76472E-02
  0.00000E+00   3.58055E+00   1.65728E-02
  0.00000E+00   3.56957E+00   1.48829E-02
  0.00000E+00   3.56153E+00   1.32474E-02
  0.00000E+00   3.55704E+00   1.18902E-02
  0.00000E+00   3.55666E+00   1.06553E-02
  0.00000E+00   3.56006E+00   9.39161E-03
  0.00000E+00   3.56644E+00   8.26816E-03
  0.00000E+00   3.57539E+00   7.80468E-03
  0.00000E+00   3.58702E+00   8.62167E-03
  0.00000E+00   3.60163E+00   1.10827E-02
  0.00000E+00   3.61921E+00   1.50902E-02
  0.00000E+00   3.63922E+00   1.99533E-02
  0.00000E+00   3.66070E+00   2.42076E-02
  0.00000E+00   3.68222E+00   2.64619E-02
  0.00000E+00   3.70212E+00   2.64600E-02
  0.00000E+00   3.71898E+00   2.49340E-02
  0.00000E+00   3.73221E+00   2.27620E-02
  0.00000E+00   3.74168E+00   2.01746E-02
  0.00000E+00   3.74787E+00   1.68431E-02
  0.00000E+00   3.75142E+00   1.25928E-02
  0.00000E+00   3.75222E+00   7.64543E-03
  0.00000E+00   3.75020E+00   2.90142E-03
  0.00000E+00   3.74594E+00  -7.33842E-04
  0.00000E+00   3.74038E+00  -2.91763E-03
  0.00000E+00   3.73465E+00  -3.51453E-03
  0.00000E+00   3.72960E+00  -2.24087E-03
  0.00000E+00   3.72511E+00   1.07560E-03
  0.00000E+00   3.72055E+00   6.41581E-03
  0.00000E+00   3.71525E+00   1.32705E-02
  0.00000E+00   3.70843E+00   2.08262E-02
  0.00000E+00   3.69952E+00   2.82616E-02
  0.00000E+00   3.68792E+00   3.47623E-02
  0.00000E+00   3.67316E+00   3.98398E-02
  0.00000E+00   3.65529E+00   4.28443E-02
  0.00000E+00   3.63463E+00   4.31919E-02
  0.00000E+00   3.61171E+00   4.09201E-02
  0.00000E+00   3.58714E+00   3.68339E-02
  0.00000E+00   3.56167E+00   3.17348E-02
  0.00000E+00   3.53630E+00   2.59524E-02
  0.00000E+00   3.51140E+00   1.97163E-02
  0.00000E+00   3.48647E+00   1.29582E-02
  0.00000E+00   3.46060E+00   5.32764E-03
  0.00000E+00   3.43250E+00  -3.01164E-03
  0.00000E+00   3.40105E+00  -1.15054E-02
  0.00000E+00   3.36575E+00  -1.98372E-02
  0.00000E+00   3.32633E+00  -2.77673E-02
  0.00000E+00   3.28243E+00  -3.45863E-02
  0.00000E+00   3.23398E+00  -3.91260E-02
  0.00000E+00   3.18228E+00  -4.10290E-02
  0.00000E+00   3.12977E+00  -4.08351E-02
  0.00000E+00   3.07875E+00  -3.88078E-02
  0.00000E+00   3.03126E+00  -3.48367E-02
  0.00000E+00   2.98853E+00  -2.92339E-02
  0.00000E+00   2.94966E+00  -2.29082E-02
  0.00000E+00   2.91277E+00  -1.65759E-02
  0.00000E+00   2.87660E+00  -1.07248E-02
  0.00000E+00   2.84047E+00  -6.01506E-03
  0.00000E+00   2.80451E+00  -2.99328E-03
  0.00000E+00   2.77012E+00  -1.49276E-03
  0.00000E+00   2.73915E+00  -7.99506E-04
  0.00000E+00   2.71288E+00  -2.12030E-04
  0.00000E+00   2.69149E+00   6.77469E-04
  0.00000E+00   2.67466E+00   1.89525E-03
  0.00000E+00   2.66207E+00   3.48972E-03
  0.00000E+00   2.65324E+00   5.51694E-03
  0.00000E+00   2.64779E+00   7.66586E-03
  0.00000E+00   2.64515E+00   9.48948E-03
  0.00000E+00   2.64465E+00   1.07373E-02
  0.00000E+00   2.64561E+00   1.11536E-02
  0.00000E+00   2.64727E+00   1.04054E-02
  0.00000E+00   2.64920E+00   8.34859E-03
  0.00000E+00   2.65122E+00   5.14843E-03
  0.00000E+00   2.65291E+00   1.44349E-03
  0.00000E+00   2.65368E+00  -1.86091E-03
  0.00000E+00   2.65332E+00  -4.08028E-03
  0.00000E+00   2.65225E+00  -4.95459E-03
  0.00000E+00   2.65140E+00  -4.45221E-03
  0.00000E+00   2.65182E+00  -2.66334E-03
  0.00000E+00   2.65435E+00   1.67665E-04
  0.00000E+00   2.65948E+00   3.62311E-03
  0.00000E+00   2.66692E+00   7.24700E-03
  0.00000E+00   2.67599E+00   1.05133E-02
  0.00000E+00   2.68607E+00   1.28918E-02
  0.00000E+00   2.69651E+00   1.39862E-02
  0.00000E+00   2.70663E+00   1.38086E-02
  0.00000E+00   2.71589E+00   1.26565E-02
  0.00000E+00   2.72410E+00   1.08041E-02
  0.00000E+00   2.73118E+00   8.37504E-03
  0.00000E+00   2.73690E+00   5.34190E-03
  0.00000E+00   2.74122E+00   1.86526E-03
  0.00000E+00   2.74452E+00  -1.74831E-03
  0.00000E+00   2.74760E+00  -5.26886E-03
  0.00000E+00   2.75129E+00  -8.57726E-03
  0.00000E+00   2.75622E+00  -1.15715E-02
  0.00000E+00   2.76248E+00  -1.40854E-02
  0.00000E+00   2.76919E+00  -1.58135E-02
  0.00000E+00   2.77471E+00  -1.66085E-02
  0.00000E+00   2.77767E+00  -1.67467E-02
  0.00000E+00   2.77769E+00  -1.67574E-02
  0.00000E+00   2.77511E+00  -1.72580E-02
  0.00000E+00   2.77067E+00  -1.86881E-02
  0.00000E+00   2.76507E+00  -2.11446E-02
  0.00000E+00   2.75827E+00  -2.44167E-02
  0.00000E+00   2.74987E+00  -2.80417E-02
  0.00000E+00   2.73986E+00  -3.15150E-02
  0.00000E+00   2.72879E+00  -3.46857E-02
  0.00000E+00   2.71756E+00  -3.77870E-02
  0.00000E+00   2.70755E+00  -4.10896E-02
  0.00000E+00   2.70033E+00  -4.46402E-02
  0.00000E+00   2.69736E+00  -4.83111E-02
  0.00000E+00   2.69997E+00  -5.19543E-02
  0.00000E+00   2.70895E+00  -5.54004E-02
  0.00000E+00   2.72399E+00  -5.84502E-02
  0.00000E+00   2.74345E+00  -6.09483E-02
  0.00000E+00   2.76491E+00  -6.29825E-02
  0.00000E+00   2.78631E+00  -6.48634E-02
  0.00000E+00   2.80674E+00  -6.69529E-02
  0.00000E+00   2.82631E+00  -6.93775E-02
  0.00000E+00   2.84555E+00  -7.21411E-02
  0.00000E+00   2.86499E+00  -7.54458E-02
  0.00000E+00   2.88521E+00  -7.95672E-02
  0.00000E+00   2.90670E+00  -8.45624E-02
  0.00000E+00   2.92959E+00  -9.01303E-02
  0.00000E+00   2.95359E+00  -9.56880E-02
  0.00000E+00   2.97835E+00  -1.00605E-01
  0.00000E+00   3.00337E+00  -1.04525E-01
  0.00000E+00   3.02785E+00  -1.07505E-01
  0.00000E+00   3.05100E+00  -1.09885E-01
  0.00000E+00   3.07209E+00  -1.12006E-01
  0.00000E+00   3.09034E+00  -1.13971E-01
  0.00000E+00   3.10538E+00  -1.15873E-01
  0.00000E+00   3.11794E+00  -1.18002E-01
  0.00000E+00   3.12941E+00  -1.20697E-01
  0.00000E+00   3.14068E+00  -1.24082E-01
  0.00000E+00   3.15196E+00  -1.28060E-01
  0.00000E+00   3.16313E+00  -1.32612E-01
  0.00000E+00   3.17404E+00  -1.37811E-01
  0.00000E+00   3.18435E+00  -1.43523E-01
  0.00000E+00   3.19364E+00  -1.49389E-01
  0.00000E+00   3.20109E+00  -1.55152E-01
  0.00000E+00   3.20553E+00  -1.60686E-01
  0.00000E+00   3.20617E+00  -1.65682E-01
  0.00000E+00   3.20309E+00  -1.69749E-01
  0.00000E+00   3.19710E+00  -1.72656E-01
  0.00000E+00   3.18970E+00  -1.74421E-01
  0.00000E+00   3.18269E+00  -1.75524E-01
  0.00000E+00   3.17754E+00  -1.76858E-01
  0.00000E+00   3.17502E+00  -1.79313E-01
  0.00000E+00   3.17508E+00  -1.83318E-01
  0.00000E+00   3.17692E+00  -1.88810E-01
  0.00000E+00   3.17984E+00  -1.95247E-01
  0.00000E+00   3.18377E+00  -2.01544E-01
  0.00000E+00   3.18893E+00  -2.06518E-01
  0.00000E+00   3.19529E+00  -2.09699E-01
  0.00000E+00   3.20265E+00  -2.11496E-01
  0.00000E+00   3.21078E+00  -2.12575E-01
  0.00000E+00   3.21924E+00  -2.13201E-01
  0.00000E+00   3.22783E+00  -2.13258E-01
  0.00000E+00   3.23653E+00  -2.12609E-01
  0.00000E+00   3.24519E+00  -2.11355E-01
  0.00000E+00   3.25316E+00  -2.09757E-01
  0.00000E+00   3.25953E+00  -2.08067E-01
  0.00000E+00   3.26358E+00  -2.06464E-01
  0.00000E+00   3.26527E+00  -2.05111E-01
  0.00000E+00   3.26499E+00  -2.04404E-01
  0.00000E+00   3.26313E+00  -2.04673E-01
  0.00000E+00   3.26017E+00  -2.05868E-01
  0.00000E+00   3.25631E+00  -2.07602E-01
  0.00000E+00   3.25059E+00  -2.09488E-01
  0.00000E+00   3.24102E+00  -2.11236E-01
  0.00000E+00   3.22586E+00  -2.12676E-01
  0.00000E+00   3.20460E+00  -2.13880E-01
  0.00000E+00   3.17830E+00  -2.15125E-01
  0.00000E+00   3.14934E+00  -2.16642E-01
  0.00000E+00   3.12056E+00  -2.18415E-01
  0.00000E+00   3.09413E+00  -2.20462E-01
  0.00000E+00   3.07127E+00  -2.23009E-01
  0.00000E+00   3.05256E+00  -2.26438E-01
  0.00000E+00   3.03825E+00  -2.30822E-01
  0.00000E+00   3.02823E+00  -2.35818E-01
  0.00000E+00   3.02206E+00  -2.40821E-01
  0.00000E+00   3.01934E+00  -2.45438E-01
  0.00000E+00   3.01961E+00  -2.49497E-01
  0.00000E+00   3.02248E+00  -2.52978E-01
  0.00000E+00   3.02794E+00  -2.56226E-01
  0.00000E+00   3.03596E+00  -2.59594E-01
  0.00000E+00   3.04591E+00  -2.63018E-01
  0.00000E+00   3.05717E+00  -2.66066E-01
  0.00000E+00   3.06995E+00  -2.68033E-01
  0.00000E+00   3.08507E+00  -2.68489E-01
  0.00000E+00   3.10313E+00  -2.67692E-01
  0.00000E+00   3.12401E+00  -2.66225E-01
  0.00000E+00   3.14699E+00  -2.64881E-01
  0.00000E+00   3.17071E+00  -2.64257E-01
  0.00000E+00   3.19299E+00  -2.64293E-01
  0.00000E+00   3.21165E+00  -2.64800E-01
  0.00000E+00   3.22615E+00  -2.65646E-01
  0.00000E+00   3.23694E+00  -2.66306E-01
  0.00000E+00   3.24461E+00  -2.66713E-01
  0.00000E+00   3.24936E+00  -2.67186E-01
  0.00000E+00   3.25169E+00  -2.67795E-01
  0.00000E+00   3.25326E+00  -2.68419E-01
  0.00000E+00   3.25613E+00  -2.69102E-01
  0.00000E+00   3.26151E+00  -2.69939E-01
  0.00000E+00   3.26964E+00  -2.71067E-01
  0.00000E+00   3.27966E+00  -2.72821E-01
  0.00000E+00   3.28902E+00  -2.75629E-01
  0.00000E+00   3.29436E+00  -2.79773E-01
  0.00000E+00   3.29338E+00  -2.85165E-01
  0.00000E+00   3.28534E+00  -2.90998E-01
  0.00000E+00   3.27056E+00  -2.96088E-01
  0.00000E+00   3.25034E+00  -2.99653E-01
  0.00000E+00   3.22642E+00  -3.01711E-01
  0.00000E+00   3.19977E+00  -3.02521E-01
  0.00000E+00   3.17019E+00  -3.02150E-01
  0.00000E+00   3.13717E+00  -3.00729E-01
  0.00000E+00   3.10076E+00  -2.98167E-01
  0.00000E+00   3.06172E+00  -2.93900E-01
  0.00000E+00   3.02159E+00  -2.87555E-01
  0.00000E+00   2.98205E+00  -2.79251E-01
  0.00000E+00   2.94427E+00  -2.69411E-01
  0.00000E+00   2.90915E+00  -2.58400E-01
  0.00000E+00   2.87754E+00  -2.46756E-01
  0.00000E+00   2.84962E+00  -2.35209E-01
  0.00000E+00   2.82412E+00  -2.24217E-01
  0.00000E+00   2.79894E+00  -2.13896E-01
  0.00000E+00   2.77237E+00  -2.04241E-01
  0.00000E+00   2.74347E+00  -1.95309E-01
  0.00000E+00   2.71239E+00  -1.87208E-01
  0.00000E+00   2.68017E+00  -1.80019E-01
  0.00000E+00   2.64812E+00  -1.73687E-01
  0.00000E+00   2.61692E+00  -1.68162E-01
  0.00000E+00   2.58658E+00  -1.63193E-01
  0.00000E+00   2.55689E+00  -1.58143E-01
  0.00000E+00   2.52764E+00  -1.52544E-01
  0.00000E+00   2.49879E+00  -1.46267E-01
  0.00000E+00   2.47072E+00  -1.39466E-01
  0.00000E+00   2.44439E+00  -1.32346E-01
  0.00000E+00   2.42100E+00  -1.24973E-01
  0.00000E+00   2.40150E+00  -1.17466E-01
  0.00000E+00   2.38614E+00  -1.10016E-01
  0.00000E+00   2.37476E+00  -1.02941E-01
  0.00000E+00   2.36711E+00  -9.67310E-02
  0.00000E+00   2.36272E+00  -9.19361E-02
  0.00000E+00   2.36066E+00  -8.88533E-02
  0.00000E+00   2.36008E+00  -8.72194E-02
  0.00000E+00   2.36049E+00  -8.65460E-02
  0.00000E+00   2.36183E+00  -8.63174E-02
  0.00000E+00   2.36417E+00  -8.60423E-02
  0.00000E+00   2.36760E+00  -8.53629E-02
  0.00000E+00   2.37216E+00  -8.41806E-02
  0.00000E+00   2.37756E+00  -8.26065E-02
  0.00000E+00   2.38321E+00  -8.07720E-02
  0.00000E+00   2.38838E+00  -7.88207E-02
  0.00000E+00   2.39248E+00  -7.70032E-02
  0.00000E+00   2.39530E+00  -7.55608E-02
  0.00000E+00   2.39687E+00  -7.44233E-02
  0.00000E+00   2.39728E+00  -7.32831E-02
  0.00000E+00   2.39657E+00  -7.18813E-02
  0.00000E+00   2.39489E+00  -7.01782E-02
  0.00000E+00   2.39281E+00  -6.82164E-02
  0.00000E+00   2.39108E+00  -6.61390E-02
  0.00000E+00   2.39047E+00  -6.44135E-02
  0.00000E+00   2.39160E+00  -6.36000E-02
  0.00000E+00   2.39462E+00  -6.38592E-02
  0.00000E+00   2.39908E+00  -6.49674E-02
  0.00000E+00   2.40416E+00  -6.64500E-02
  0.00000E+00   2.40933E+00  -6.77146E-02
  0.00000E+00   2.41438E+00  -6.84122E-02
  0.00000E+00   2.41914E+00  -6.85532E-02
  0.00000E+00   2.42374E+00  -6.81910E-02
  0.00000E+00   2.42858E+00  -6.72878E-02
  0.00000E+00   2.43402E+00  -6.59438E-02
  0.00000E+00   2.44048E+00  -6.43107E-02
  0.00000E+00   2.44864E+00  -6.25852E-02
  0.00000E+00   2.45900E+00  -6.10871E-02
  0.00000E+00   2.47139E+00  -6.00433E-02
  0.00000E+00   2.48527E+00  -5.94384E-02
  0.00000E+00   2.49984E+00  -5.90698E-02
  0.00000E+00   2.51422E+00  -5.87311E-02
  0.00000E+00   2.52711E+00  -5.81153E-02
  0.00000E+00   2.53718E+00  -5.69001E-02
  0.00000E+00   2.54379E+00  -5.47868E-02
  0.00000E+00   2.54724E+00  -5.15598E-02
  0.00000E+00   2.54845E+00  -4.72564E-02
  0.00000E+00   2.54838E+00  -4.22773E-02
  0.00000E+00   2.54764E+00  -3.72758E-02
  0.00000E+00   2.54665E+00  -3.29162E-02
  0.00000E+00   2.54560E+00  -2.97208E-02
  0.00000E+00   2.54436E+00  -2.79439E-02
  0.00000E+00   2.54277E+00  -2.75037E-02
  0.00000E+00   2.54103E+00  -2.78983E-02
  0.00000E+00   2.53957E+00  -2.86133E-02
  0.00000E+00   2.53884E+00  -2.94537E-02
  0.00000E+00   2.53908E+00  -3.05462E-02
  0.00000E+00   2.54026E+00  -3.20225E-02
  0.00000E+00   2.54245E+00  -3.39052E-02
  0.00000E+00   2.54563E+00  -3.62009E-02
  0.00000E+00   2.54972E+00  -3.90768E-02
  0.00000E+00   2.55474E+00  -4.27778E-02
  0.00000E+00   2.56066E+00  -4.73337E-02
  0.00000E+00   2.56715E+00  -5.26087E-02
  0.00000E+00   2.57352E+00  -5.82423E-02
  0.00000E+00   2.57891E+00  -6.39001E-02
  0.00000E+00   2.58291E+00  -6.94442E-02
  0.00000E+00   2.58574E+00  -7.47837E-02
  0.00000E+00   2.58791E+00  -7.98099E-02
  0.00000E+00   2.58968E+00  -8.44198E-02
  0.00000E+00   2.59097E+00  -8.85824E-02
  0.00000E+00   2.59216E+00  -9.24306E-02
  0.00000E+00   2.59406E+00  -9.61812E-02
  0.00000E+00   2.59744E+00  -9.98016E-02
  0.00000E+00   2.60289E+00  -1.03213E-01
  0.00000E+00   2.61100E+00  -1.06377E-01
  0.00000E+00   2.62228E+00  -1.09196E-01
  0.00000E+00   2.63701E+00  -1.11671E-01
  0.00000E+00   2.65481E+00  -1.13873E-01
  0.00000E+00   2.67464E+00  -1.15791E-01
  0.00000E+00   2.69506E+00  -1.17431E-01
  0.00000E+00   2.71490E+00  -1.19023E-01
  0.00000E+00   2.73338E+00  -1.20973E-01
  0.00000E+00   2.75018E+00  -1.23723E-01
  0.00000E+00   2.76566E+00  -1.27473E-01
  0.00000E+00   2.78046E+00  -1.31854E-01
  0.00000E+00   2.79512E+00  -1.36099E-01
  0.00000E+00   2.80982E+00  -1.39480E-01
  0.00000E+00   2.82447E+00  -1.41537E-01
  0.00000E+00   2.83905E+00  -1.42370E-01
  0.00000E+00   2.85350E+00  -1.42536E-01
  0.00000E+00   2.86774E+00  -1.42428E-01
  0.00000E+00   2.88181E+00  -1.42248E-01
  0.00000E+00   2.89609E+00  -1.42256E-01
  0.00000E+00   2.91143E+00  -1.42577E-01
  0.00000E+00   2.92892E+00  -1.43229E-01
  0.00000E+00   2.94882E+00  -1.44141E-01
  0.00000E+00   2.97035E+00  -1.45158E-01
  0.00000E+00   2.99227E+00  -1.46280E-01
  0.00000E+00   3.01325E+00  -1.47727E-01
  0.00000E+00   3.03226E+00  -1.49759E-01
  0.00000E+00   3.04920E+00  -1.52460E-01
  0.00000E+00   3.06484E+00  -1.55526E-01
  0.00000E+00   3.08029E+00  -1.58414E-01
  0.00000E+00   3.09661E+00  -1.60760E-01
  0.00000E+00   3.11447E+00  -1.62452E-01
  0.00000E+00   3.13396E+00  -1.63427E-01
  0.00000E+00   3.15462E+00  -1.63573E-01
  0.00000E+00   3.17555E+00  -1.62864E-01
  0.00000E+00   3.19575E+00  -1.61539E-01
  0.00000E+00   3.21472E+00  -1.59932E-01
  0.00000E+00   3.23250E+00  -1.58260E-01
  0.00000E+00   3.24934E+00  -1.56655E-01
  0.00000E+00   3.26513E+00  -1.55288E-01
  0.00000E+00   3.27934E+00  -1.54394E-01
  0.00000E+00   3.29130E+00  -1.54174E-01
  0.00000E+00   3.30065E+00  -1.54732E-01
  0.00000E+00   3.30739E+00  -1.56154E-01
  0.00000E+00   3.31204E+00  -1.58451E-01
  0.00000E+00   3.31520E+00  -1.61370E-01
  0.00000E+00   3.31720E+00  -1.64450E-01
  0.00000E+00   3.31804E+00  -1.67133E-01
  0.00000E+00   3.31751E+00  -1.68897E-01
  0.00000E+00   3.31523E+00  -1.69646E-01
  0.00000E+00   3.31108E+00  -1.69764E-01
  0.00000E+00   3.30528E+00  -1.69737E-01
  0.00000E+00   3.29835E+00  -1.69968E-01
  0.00000E+00   3.29089E+00  -1.70729E-01
  0.00000E+00   3.28315E+00  -1.72175E-01
  0.00000E+00   3.27489E+00  -1.74236E-01
  0.00000E+00   3.26574E+00  -1.76525E-01
  0.00000E+00   3.25570E+00  -1.78275E-01
  0.00000E+00   3.24517E+00  -1.78894E-01
  0.00000E+00   3.23484E+00  -1.78343E-01
  0.00000E+00   3.22559E+00  -1.77029E-01
  0.00000E+00   3.21830E+00  -1.75445E-01
  0.00000E+00   3.21369E+00  -1.73879E-01
  0.00000E+00   3.21158E+00  -1.72424E-01
  0.00000E+00   3.21061E+00  -1.71111E-01
  0.00000E+00   3.20906E+00  -1.70016E-01
  0.00000E+00   3.20564E+00  -1.69171E-01
  0.00000E+00   3.19942E+00  -1.68640E-01
  0.00000E+00   3.19038E+00  -1.68684E-01
  0.00000E+00   3.17935E+00  -1.69450E-01
  0.00000E+00   3.16703E+00  -1.70628E-01
  0.00000E+00   3.15400E+00  -1.71540E-01
  0.00000E+00   3.14091E+00  -1.71610E-01
  0.00000E+00   3.12850E+00  -1.70462E-01
  0.00000E+00   3.11779E+00  -1.67822E-01
  0.00000E+00   3.10983E+00  -1.63660E-01
  0.00000E+00   3.10504E+00  -1.58277E-01
  0.00000E+00   3.10315E+00  -1.52248E-01
  0.00000E+00   3.10377E+00  -1.46151E-01
  0.00000E+00   3.10615E+00  -1.40371E-01
  0.00000E+00   3.10899E+00  -1.35267E-01
  0.00000E+00   3.11126E+00  -1.31303E-01
  0.00000E+00   3.11300E+00  -1.28746E-01
  0.00000E+00   3.11482E+00  -1.27573E-01
  0.00000E+00   3.11747E+00  -1.27534E-01
  0.00000E+00   3.12160E+00  -1.28181E-01
  0.00000E+00   3.12763E+00  -1.29070E-01
  0.00000E+00   3.13590E+00  -1.29733E-01
  0.00000E+00   3.14641E+00  -1.29770E-01
  0.00000E+00   3.15830E+00  -1.29021E-01
  0.00000E+00   3.17048E+00  -1.27542E-01
  0.00000E+00   3.18223E+00  -1.25578E-01
  0.00000E+00   3.19301E+00  -1.23492E-01
  0.00000E+00   3.20248E+00  -1.21734E-01
  0.00000E+00   3.21056E+00  -1.20839E-01
  0.00000E+00   3.21696E+00  -1.21208E-01
  0.00000E+00   3.22125E+00  -1.22845E-01
  0.00000E+00   3.22289E+00  -1.25378E-01
  0.00000E+00   3.22144E+00  -1.28387E-01
  0.00000E+00   3.21679E+00  -1.31684E-01
  0.00000E+00   3.20929E+00  -1.35182E-01
  0.00000E+00   3.19954E+00  -1.38765E-01
  0.00000E+00   3.18835E+00  -1.42266E-01
  0.00000E+00   3.17662E+00  -1.45319E-01
  0.00000E+00   3.16529E+00  -1.47205E-01
  0.00000E+00   3.15533E+00  -1.47289E-01
  0.00000E+00   3.14722E+00  -1.45441E-01
  0.00000E+00   3.14097E+00  -1.41908E-01
  0.00000E+00   3.13652E+00  -1.37074E-01
  0.00000E+00   3.13417E+00  -1.31183E-01
  0.00000E+00   3.13447E+00  -1.24289E-01
  0.00000E+00   3.13802E+00  -1.16638E-01
  0.00000E+00   3.14540E+00  -1.08764E-01
  0.00000E+00   3.15679E+00  -1.01064E-01
  0.00000E+00   3.17164E+00  -9.35002E-02
  0.00000E+00   3.18906E+00  -8.61407E-02
  0.00000E+00   3.20817E+00  -7.94483E-02
  0.00000E+00   3.22830E+00  -7.40283E-02
  0.00000E+00   3.24898E+00  -7.00622E-02
  0.00000E+00   3.27010E+00  -6.72327E-02
  0.00000E+00   3.29193E+00  -6.52441E-02
  0.00000E+00   3.31478E+00  -6.38684E-02
  0.00000E+00   3.33843E+00  -6.29874E-02
  0.00000E+00   3.36233E+00  -6.26806E-02
  0.00000E+00   3.38613E+00  -6.28325E-02
  0.00000E+00   3.40979E+00  -6.33089E-02
  0.00000E+00   3.43268E+00  -6.41612E-02
  0.00000E+00   3.45388E+00  -6.54729E-02
  0.00000E+00   3.47348E+00  -6.65264E-02
  0.00000E+00   3.49147E+00  -6.67979E-02
  0.00000E+00   3.50805E+00  -6.65260E-02
  0.00000E+00   3.52375E+00  -6.62551E-02
  0.00000E+00   3.53977E+00  -6.59549E-02
  0.00000E+00   3.55712E+00  -6.55482E-02
  0.00000E+00   3.57616E+00  -6.54399E-02
  0.00000E+00   3.59686E+00  -6.59652E-02
  0.00000E+00   3.61961E+00  -6.68106E-02
  0.00000E+00   3.64454E+00  -6.75667E-02
  0.00000E+00   3.67017E+00  -6.83261E-02
  0.00000E+00   3.69490E+00  -6.93299E-02
  0.00000E+00   3.71862E+00  -7.07142E-02
  0.00000E+00   3.74257E+00  -7.26772E-02
  0.00000E+00   3.76788E+00  -7.53983E-02
  0.00000E+00   3.79486E+00  -7.89507E-02
  0.00000E+00   3.82339E+00  -8.32386E-02
  0.00000E+00   3.85409E+00  -8.83627E-02
  0.00000E+00   3.88759E+00  -9.46971E-02
  0.00000E+00   3.92336E+00  -1.02152E-01
  0.00000E+00   3.96063E+00  -1.10074E-01
  0.00000E+00   3.99970E+00  -1.17643E-01
  0.00000E+00   4.04079E+00  -1.24438E-01
  0.00000E+00   4.08290E+00  -1.30484E-01
  0.00000E+00   4.12521E+00  -1.35882E-01
  0.00000E+00   4.16934E+00  -1.40837E-01
  0.00000E+00   4.21526E+00  -1.45238E-01
  0.00000E+00   4.26009E+00  -1.48987E-01
  0.00000E+00   4.30181E+00  -1.51196E-01
  0.00000E+00   4.33545E+00  -1.51027E-01
  0.00000E+00   4.35728E+00  -1.49412E-01
  0.00000E+00   4.36745E+00  -1.47825E-01
  0.00000E+00   4.36970E+00  -1.46036E-01
  0.00000E+00   4.36397E+00  -1.44117E-01
  0.00000E+00   4.34390E+00  -1.43971E-01
  0.00000E+00   4.30648E+00  -1.45684E-01
  0.00000E+00   4.26748E+00  -1.48058E-01
  0.00000E+00   4.24357E+00  -1.49396E-01
  0.00000E+00   4.23578E+00  -1.50492E-01
  0.00000E+00   4.23681E+00  -1.51489E-01
  0.00000E+00   4.23439E+00  -1.51020E-01
  0.00000E+00   4.22250E+00  -1.50716E-01
  0.00000E+00   4.19652E+00  -1.50914E-01
  0.00000E+00   4.16257E+00  -1.51895E-01
  0.00000E+00   4.13063E+00  -1.54067E-01
  0.00000E+00   4.10368E+00  -1.57077E-01
  0.00000E+00   4.08091E+00  -1.59129E-01
  0.00000E+00   4.06652E+00  -1.59532E-01
  0.00000E+00   4.05938E+00  -1.59715E-01
  0.00000E+00   4.05844E+00  -1.60958E-01
  0.00000E+00   4.06913E+00  -1.61572E-01
  0.00000E+00   4.08742E+00  -1.62588E-01
  0.00000E+00   4.10560E+00  -1.65449E-01
  0.00000E+00   4.12466E+00  -1.68200E-01
  0.00000E+00   4.14728E+00  -1.68710E-01
  0.00000E+00   4.16987E+00  -1.66666E-01
  0.00000E+00   4.19130E+00  -1.62136E-01
  0.00000E+00   4.21147E+00  -1.55507E-01
  0.00000E+00   4.22485E+00  -1.50231E-01
  0.00000E+00   4.22746E+00  -1.49930E-01
  0.00000E+00   4.22381E+00  -1.52294E-01
  0.00000E+00   4.21691E+00  -1.55027E-01
  0.00000E+00   4.21139E+00  -1.57073E-01
  0.00000E+00   4.21252E+00  -1.57756E-01
  0.00000E+00   4.21504E+00  -1.58668E-01
  0.00000E+00   4.21044E+00  -1.58096E-01
  0.00000E+00   4.19244E+00  -1.53487E-01
  0.00000E+00   4.16513E+00  -1.45337E-01
  0.00000E+00   4.13912E+00  -1.33614E-01
  0.00000E+00   4.11805E+00  -1.20355E-01
  0.00000E+00   4.10457E+00  -1.07192E-01
  0.00000E+00   4.10132E+00  -9.27119E-02
  0.00000E+00   4.10478E+00  -7.66919E-02
  0.00000E+00   4.11026E+00  -6.01377E-02
  0.00000E+00   4.11914E+00  -4.65856E-02
  0.00000E+00   4.13036E+00  -3.77830E-02
  0.00000E+00   4.13747E+00  -2.92126E-02
  0.00000E+00   4.14059E+00  -1.92869E-02
  0.00000E+00   4.12973E+00  -1.19327E-02
  0.00000E+00   4.11098E+00  -1.16005E-02
  0.00000E+00   4.10597E+00  -1.48846E-02
  0.00000E+00   4.11148E+00  -1.73671E-02
  0.00000E+00   4.11369E+00  -2.32872E-02
  0.00000E+00   4.10763E+00  -3.47080E-02
  0.00000E+00   4.09729E+00  -4.94293E-02
  0.00000E+00   4.09160E+00  -6.32999E-02
  0.00000E+00   4.08962E+00  -7.23662E-02
  0.00000E+00   4.08926E+00  -7.59367E-02
  0.00000E+00   4.08737E+00  -7.72296E-02
  0.00000E+00   4.07916E+00  -7.86662E-02
  0.00000E+00   4.06967E+00  -8.02731E-02
  0.00000E+00   4.06185E+00  -8.10864E-02
  0.00000E+00   4.05584E+00  -8.25890E-02
  0.00000E+00   4.05278E+00  -8.68820E-02
  0.00000E+00   4.05342E+00  -9.25712E-02
  0.00000E+00   4.05831E+00  -9.62188E-02
  0.00000E+00   4.07041E+00  -9.82658E-02
  0.00000E+00   4.08894E+00  -9.97753E-02
  0.00000E+00   4.11615E+00  -1.00807E-01
  0.00000E+00   4.15104E+00  -1.01744E-01
  0.00000E+00   4.18709E+00  -1.02705E-01
  0.00000E+00   4.21237E+00  -1.04030E-01
  0.00000E+00   4.22312E+00  -1.06225E-01
  0.00000E+00   4.22779E+00  -1.10325E-01
  0.00000E+00   4.23346E+00  -1.16453E-01
  0.00000E+00   4.23682E+00  -1.23358E-01
  0.00000E+00   4.23469E+00  -1.30075E-01
  0.00000E+00   4.22586E+00  -1.35581E-01
  0.00000E+00   4.21268E+00  -1.39674E-01
  0.00000E+00   4.20039E+00  -1.42648E-01
  0.00000E+00   4.19503E+00  -1.45439E-01
  0.00000E+00   4.20099E+00  -1.47041E-01
  0.00000E+00   4.21669E+00  -1.46674E-01
  0.00000E+00   4.23522E+00  -1.44464E-01
  0.00000E+00   4.25172E+00  -1.42553E-01
  0.00000E+00   4.26385E+00  -1.41868E-01
  0.00000E+00   4.27286E+00  -1.42245E-01
  0.00000E+00   4.28138E+00  -1.43293E-01
  0.00000E+00   4.28795E+00  -1.44014E-01
  0.00000E+00   4.28736E+00  -1.41603E-01
  0.00000E+00   4.27919E+00  -1.34472E-01
  0.00000E+00   4.26774E+00  -1.23003E-01
  0.00000E+00   4.25900E+00  -1.09080E-01
  0.00000E+00   4.25841E+00  -9.60301E-02
  0.00000E+00   4.26481E+00  -8.39214E-02
  0.00000E+00   4.27386E+00  -7.06934E-02
  0.00000E+00   4.28521E+00  -5.56464E-02
  0.00000E+00   4.29756E+00  -3.87367E-02
  0.00000E+00   4.30769E+00  -2.09493E-02
  0.00000E+00   4.30786E+00  -8.70304E-04
  0.00000E+00   4.29129E+00   2.17046E-02
  0.00000E+00   4.26136E+00   4.32055E-02
  0.00000E+00   4.23127E+00   5.77065E-02
  0.00000E+00   4.21728E+00   6.23678E-02
  0.00000E+00   4.21840E+00   5.98505E-02
  0.00000E+00   4.22152E+00   5.43850E-02
  0.00000E+00   4.22456E+00   4.87601E-02
  0.00000E+00   4.23042E+00   4.34086E-02
  0.00000E+00   4.23933E+00   3.79595E-02
  0.00000E+00   4.24678E+00   3.24977E-02
  0.00000E+00   4.24639E+00   2.87388E-02
  0.00000E+00   4.23575E+00   2.75423E-02
  0.00000E+00   4.22616E+00   2.50354E-02
  0.00000E+00   4.23055E+00   1.95890E-02
  0.00000E+00   4.24815E+00   1.07980E-02
  0.00000E+00   4.26549E+00  -2.75491E-03
  0.00000E+00   4.26778E+00  -1.53483E-02
  0.00000E+00   4.25440E+00  -2.48250E-02
  0.00000E+00   4.23498E+00  -3.46668E-02
  0.00000E+00   4.22184E+00  -4.73217E-02
  0.00000E+00   4.22542E+00  -6.28163E-02
  0.00000E+00   4.24194E+00  -7.69088E-02
  0.00000E+00   4.25946E+00  -8.86572E-02
  0.00000E+00   4.27380E+00  -9.72958E-02
  0.00000E+00   4.28026E+00  -1.01035E-01
  0.00000E+00   4.27162E+00  -9.93518E-02
